0.022|kb,95616099991060000,6,25,0,1,72057594037972009,2,0.037,-0.116,2.546,2,0.048,0.130,2.483,2,0.056,0.371,2.413,2,0.020,0.517,2.372,2,-0.104,0.276,2.423,2,-0.199,0.314,2.191,2,-0.038,0.371,2.086,1,0.001,0.375,2.132,2,0.198,0.316,2.428,2,0.280,0.093,2.519,2,0.333,-0.095,2.492,2,0.348,-0.161,2.462,2,-0.035,-0.119,2.523,2,-0.032,-0.421,2.688,1,-0.068,-0.678,2.707,2,0.009,-0.662,2.681,2,0.109,-0.111,2.513,2,0.099,-0.380,2.211,2,0.089,-0.717,2.098,2,0.094,-0.693,2.008,2,0.054,0.312,2.432,2,0.034,0.401,2.126,2,0.028,0.358,2.148,2,0.362,-0.224,2.457,2,0.366,-0.205,2.435,0,0,0,0
0.065|kb,95616103283010000,6,25,0,1,72057594037972009,2,0.037,-0.116,2.546,2,0.047,0.131,2.484,2,0.056,0.372,2.414,2,0.019,0.517,2.372,2,-0.105,0.276,2.423,2,-0.203,0.320,2.178,2,-0.017,0.366,2.125,1,0.029,0.396,2.143,2,0.197,0.316,2.427,2,0.280,0.097,2.517,2,0.334,-0.090,2.489,2,0.350,-0.158,2.460,2,-0.036,-0.119,2.523,2,-0.031,-0.425,2.690,1,-0.063,-0.658,2.704,2,0.004,-0.655,2.678,2,0.108,-0.110,2.513,2,0.099,-0.376,2.214,2,0.088,-0.716,2.097,2,0.093,-0.689,2.008,2,0.054,0.313,2.433,2,0.095,0.438,2.148,2,0.043,0.380,2.168,2,0.368,-0.224,2.464,2,0.348,-0.158,2.421,0,0,0,0
0.089|kb,95616106582580000,6,25,0,1,72057594037972009,2,0.036,-0.115,2.546,2,0.045,0.131,2.484,2,0.053,0.372,2.414,2,0.016,0.517,2.372,2,-0.106,0.277,2.424,2,-0.205,0.322,2.178,2,-0.018,0.366,2.126,1,0.023,0.394,2.141,2,0.195,0.316,2.426,2,0.280,0.101,2.513,2,0.334,-0.087,2.486,2,0.350,-0.150,2.456,2,-0.036,-0.119,2.523,2,-0.031,-0.425,2.691,1,-0.058,-0.645,2.703,1,0.007,-0.655,2.677,2,0.108,-0.110,2.513,2,0.098,-0.376,2.215,2,0.088,-0.717,2.096,2,0.093,-0.688,2.008,2,0.051,0.313,2.433,2,0.092,0.444,2.141,2,0.042,0.369,2.187,2,0.373,-0.216,2.448,2,0.341,-0.163,2.418,0,0,0,0
0.131|kb,95616109991070000,6,25,0,1,72057594037972009,2,0.036,-0.115,2.547,2,0.044,0.132,2.485,2,0.050,0.373,2.414,2,0.013,0.517,2.372,2,-0.107,0.278,2.425,2,-0.205,0.324,2.179,1,-0.017,0.367,2.129,1,0.018,0.395,2.139,2,0.193,0.317,2.425,2,0.281,0.103,2.511,2,0.335,-0.086,2.484,2,0.353,-0.151,2.454,2,-0.037,-0.118,2.523,2,-0.031,-0.426,2.692,1,-0.056,-0.641,2.703,2,0.017,-0.678,2.677,2,0.107,-0.109,2.514,2,0.098,-0.375,2.216,2,0.088,-0.718,2.095,2,0.092,-0.687,2.009,2,0.049,0.313,2.434,2,0.080,0.443,2.156,2,0.034,0.371,2.160,2,0.378,-0.217,2.452,2,0.340,-0.165,2.414,0,0,0,0
0.155|kb,95616113283760000,6,25,0,1,72057594037972009,2,0.036,-0.115,2.547,2,0.043,0.132,2.485,2,0.048,0.374,2.414,2,0.011,0.518,2.371,2,-0.108,0.279,2.425,2,-0.207,0.326,2.181,2,0.022,0.410,2.127,1,0.063,0.425,2.159,2,0.193,0.317,2.424,2,0.282,0.103,2.507,2,0.336,-0.085,2.479,2,0.354,-0.148,2.446,2,-0.037,-0.118,2.523,2,-0.031,-0.427,2.692,1,-0.054,-0.639,2.700,2,0.015,-0.670,2.669,2,0.107,-0.109,2.513,2,0.099,-0.374,2.217,2,0.089,-0.719,2.098,2,0.093,-0.687,2.012,2,0.047,0.314,2.433,2,0.118,0.445,2.158,2,0.064,0.406,2.184,2,0.379,-0.216,2.442,2,0.348,-0.160,2.408,0,0,0,0
0.199|kb,95616116582770000,6,25,0,1,72057594037972009,2,0.036,-0.114,2.547,2,0.042,0.133,2.484,2,0.047,0.375,2.413,2,0.009,0.518,2.370,2,-0.109,0.280,2.425,2,-0.207,0.327,2.181,2,0.042,0.420,2.169,1,0.078,0.433,2.171,2,0.191,0.318,2.423,2,0.282,0.104,2.505,2,0.336,-0.084,2.474,2,0.357,-0.150,2.443,2,-0.037,-0.118,2.524,2,-0.031,-0.428,2.693,1,-0.053,-0.638,2.700,2,0.015,-0.666,2.665,2,0.107,-0.108,2.513,2,0.099,-0.373,2.217,2,0.089,-0.719,2.097,2,0.093,-0.687,2.013,2,0.046,0.315,2.433,2,0.121,0.437,2.163,2,0.076,0.406,2.189,2,0.381,-0.215,2.439,2,0.352,-0.155,2.403,0,0,0,0
0.222|kb,95616119990830000,6,25,0,1,72057594037972009,2,0.035,-0.114,2.547,2,0.040,0.134,2.485,2,0.043,0.376,2.414,2,0.007,0.519,2.370,2,-0.109,0.280,2.426,2,-0.209,0.328,2.184,2,0.041,0.420,2.169,1,0.077,0.435,2.174,2,0.190,0.318,2.423,2,0.283,0.105,2.503,2,0.337,-0.084,2.474,2,0.358,-0.148,2.444,2,-0.037,-0.117,2.524,2,-0.030,-0.428,2.692,1,-0.053,-0.637,2.700,2,0.013,-0.664,2.663,2,0.106,-0.107,2.514,2,0.099,-0.374,2.217,2,0.089,-0.720,2.097,2,0.092,-0.687,2.013,2,0.043,0.316,2.434,2,0.120,0.445,2.163,2,0.058,0.387,2.232,2,0.384,-0.215,2.436,2,0.359,-0.151,2.405,0,0,0,0
0.265|kb,95616123282920000,6,25,0,1,72057594037972009,2,0.034,-0.113,2.548,2,0.039,0.135,2.486,2,0.042,0.377,2.414,2,0.005,0.520,2.370,2,-0.110,0.281,2.425,2,-0.209,0.330,2.186,2,0.041,0.422,2.170,1,0.077,0.435,2.172,2,0.189,0.319,2.421,2,0.283,0.107,2.502,2,0.338,-0.082,2.472,2,0.360,-0.146,2.442,2,-0.038,-0.117,2.525,2,-0.030,-0.428,2.693,1,-0.053,-0.638,2.698,1,0.011,-0.660,2.658,2,0.106,-0.106,2.514,2,0.099,-0.387,2.210,2,0.088,-0.733,2.092,2,0.091,-0.701,2.007,2,0.042,0.317,2.434,2,0.119,0.445,2.162,2,0.057,0.385,2.226,2,0.389,-0.209,2.436,2,0.356,-0.154,2.400,0,0,0,0
0.289|kb,95616126583000000,6,25,0,1,72057594037972009,2,0.034,-0.112,2.548,2,0.038,0.135,2.486,2,0.041,0.377,2.414,2,0.004,0.520,2.369,2,-0.110,0.281,2.425,2,-0.209,0.331,2.185,2,0.042,0.423,2.169,1,0.078,0.439,2.167,2,0.188,0.319,2.420,2,0.283,0.108,2.500,2,0.339,-0.082,2.471,2,0.363,-0.142,2.442,2,-0.038,-0.116,2.525,2,-0.030,-0.428,2.693,1,-0.053,-0.637,2.697,2,0.007,-0.653,2.655,2,0.105,-0.106,2.514,2,0.100,-0.391,2.208,2,0.086,-0.735,2.089,2,0.089,-0.704,2.004,2,0.040,0.317,2.434,2,0.120,0.443,2.156,2,0.090,0.420,2.189,2,0.391,-0.209,2.436,2,0.356,-0.156,2.404,0,0,0,0
0.333|kb,95616129983880000,6,25,0,1,72057594037972009,2,0.034,-0.112,2.548,2,0.037,0.136,2.486,2,0.039,0.377,2.414,2,0.003,0.520,2.368,2,-0.111,0.282,2.425,2,-0.209,0.331,2.185,2,0.041,0.423,2.169,1,0.077,0.438,2.166,2,0.186,0.320,2.418,2,0.283,0.108,2.500,2,0.340,-0.080,2.472,2,0.367,-0.142,2.446,2,-0.038,-0.116,2.525,2,-0.030,-0.428,2.693,1,-0.053,-0.637,2.697,2,0.006,-0.653,2.653,2,0.105,-0.105,2.515,2,0.099,-0.392,2.208,2,0.087,-0.735,2.090,2,0.089,-0.705,2.004,2,0.039,0.318,2.434,2,0.120,0.445,2.160,2,0.058,0.395,2.210,2,0.398,-0.209,2.436,2,0.379,-0.149,2.406,0,0,0,0
0.355|kb,95616133282640000,6,25,0,1,72057594037972009,2,0.033,-0.111,2.548,2,0.037,0.136,2.486,2,0.039,0.378,2.413,2,0.002,0.520,2.367,2,-0.112,0.282,2.424,2,-0.212,0.331,2.184,2,0.039,0.422,2.169,1,0.076,0.437,2.162,2,0.185,0.320,2.416,2,0.284,0.108,2.500,2,0.342,-0.079,2.472,2,0.373,-0.141,2.449,2,-0.039,-0.116,2.525,2,-0.030,-0.427,2.692,1,-0.053,-0.637,2.697,2,0.008,-0.656,2.651,2,0.104,-0.104,2.515,2,0.098,-0.394,2.207,2,0.087,-0.735,2.089,2,0.089,-0.707,2.003,2,0.038,0.318,2.433,2,0.121,0.442,2.160,2,0.058,0.386,2.212,2,0.404,-0.208,2.441,2,0.376,-0.148,2.408,0,0,0,0
0.400|kb,95616136585460000,6,25,0,1,72057594037972009,2,0.032,-0.111,2.550,2,0.036,0.136,2.486,2,0.038,0.377,2.413,2,0.001,0.519,2.366,2,-0.112,0.282,2.424,2,-0.214,0.331,2.180,2,-0.032,0.387,2.117,1,0.019,0.406,2.128,2,0.184,0.320,2.416,2,0.284,0.108,2.500,2,0.347,-0.078,2.477,2,0.380,-0.138,2.457,2,-0.039,-0.116,2.526,2,-0.030,-0.425,2.690,1,-0.053,-0.635,2.697,2,0.002,-0.649,2.644,2,0.103,-0.103,2.517,2,0.098,-0.394,2.207,2,0.088,-0.734,2.089,2,0.035,-0.710,2.053,2,0.038,0.318,2.433,2,0.079,0.454,2.145,2,0.030,0.380,2.138,2,0.417,-0.203,2.455,2,0.381,-0.150,2.416,0,0,0,0
0.422|kb,95616139993730000,6,25,0,1,72057594037972009,2,0.032,-0.111,2.550,2,0.035,0.136,2.485,2,0.036,0.376,2.411,2,0.000,0.518,2.364,2,-0.112,0.281,2.421,2,-0.213,0.330,2.176,2,-0.030,0.383,2.113,1,0.024,0.407,2.124,2,0.183,0.320,2.414,2,0.285,0.109,2.500,2,0.351,-0.076,2.480,2,0.387,-0.136,2.463,2,-0.040,-0.116,2.526,2,-0.030,-0.427,2.689,1,-0.053,-0.636,2.695,2,-0.004,-0.643,2.643,2,0.103,-0.103,2.517,2,0.095,-0.378,2.213,2,0.088,-0.717,2.093,2,0.090,-0.691,2.006,2,0.036,0.317,2.431,2,0.083,0.453,2.133,2,0.047,0.388,2.150,2,0.425,-0.204,2.459,2,0.392,-0.144,2.426,0,0,0,0
0.465|kb,95616143282610000,6,25,0,1,72057594037972009,2,0.032,-0.111,2.550,2,0.035,0.136,2.485,2,0.035,0.376,2.409,2,-0.001,0.518,2.363,2,-0.112,0.280,2.420,2,-0.214,0.329,2.166,2,0.038,0.417,2.153,1,0.077,0.433,2.147,2,0.182,0.320,2.414,2,0.286,0.111,2.501,2,0.356,-0.073,2.488,2,0.400,-0.135,2.473,2,-0.040,-0.116,2.526,2,-0.031,-0.427,2.688,1,-0.053,-0.634,2.695,2,-0.009,-0.636,2.648,2,0.103,-0.103,2.518,2,0.095,-0.370,2.218,2,0.087,-0.709,2.094,2,0.089,-0.683,2.008,2,0.035,0.317,2.430,2,0.125,0.443,2.143,2,0.063,0.384,2.209,2,0.438,-0.199,2.478,2,0.404,-0.154,2.428,0,0,0,0
0.489|kb,95616146582650000,6,25,0,1,72057594037972009,2,0.032,-0.111,2.550,2,0.031,0.137,2.479,2,0.025,0.381,2.393,2,-0.006,0.526,2.349,2,-0.112,0.279,2.415,2,-0.213,0.328,2.165,2,-0.035,0.385,2.091,1,0.019,0.402,2.099,2,0.181,0.319,2.411,2,0.288,0.111,2.502,2,0.363,-0.071,2.493,2,0.411,-0.131,2.473,2,-0.040,-0.116,2.526,2,-0.037,-0.402,2.674,2,-0.059,-0.620,2.693,2,0.007,-0.658,2.627,2,0.103,-0.103,2.518,2,0.091,-0.383,2.201,2,0.085,-0.725,2.085,2,0.048,-0.719,2.067,2,0.027,0.321,2.417,2,0.077,0.449,2.116,2,0.036,0.374,2.114,2,0.452,-0.196,2.484,2,0.410,-0.144,2.431,0,0,0,0
0.532|kb,95616149990760000,6,25,0,1,72057594037972009,2,0.031,-0.111,2.549,2,0.029,0.136,2.476,2,0.024,0.378,2.390,2,-0.007,0.523,2.345,2,-0.113,0.280,2.406,2,-0.208,0.328,2.158,2,-0.030,0.386,2.085,1,0.025,0.405,2.085,2,0.179,0.319,2.407,2,0.290,0.113,2.501,2,0.372,-0.066,2.496,2,0.425,-0.123,2.475,2,-0.041,-0.116,2.524,2,-0.038,-0.400,2.673,1,-0.061,-0.624,2.689,2,0.008,-0.662,2.626,2,0.102,-0.103,2.517,2,0.089,-0.388,2.197,2,0.076,-0.729,2.075,2,0.048,-0.728,2.077,2,0.026,0.319,2.414,2,0.077,0.449,2.100,2,0.042,0.380,2.096,2,0.471,-0.193,2.485,2,0.430,-0.138,2.434,0,0,0,0
0.556|kb,95616153283180000,6,25,0,1,72057594037972009,2,0.033,-0.110,2.540,2,0.029,0.135,2.465,2,0.023,0.376,2.380,2,-0.008,0.521,2.336,2,-0.113,0.281,2.393,2,-0.156,0.340,2.125,2,0.043,0.415,2.067,2,0.082,0.436,2.085,2,0.179,0.317,2.400,2,0.297,0.121,2.496,2,0.392,-0.051,2.497,2,0.435,-0.102,2.471,2,-0.039,-0.116,2.515,2,-0.040,-0.391,2.668,1,-0.063,-0.641,2.691,2,-0.007,-0.704,2.620,2,0.104,-0.101,2.509,2,0.088,-0.387,2.190,2,0.072,-0.728,2.072,2,0.044,-0.727,2.083,2,0.025,0.317,2.403,2,0.135,0.453,2.086,2,0.072,0.397,2.108,2,0.497,-0.170,2.489,2,0.447,-0.124,2.429,0,0,0,0
0.598|kb,95616156585280000,6,25,0,1,72057594037972009,2,0.026,-0.103,2.529,2,0.023,0.141,2.450,2,0.021,0.381,2.361,2,-0.009,0.527,2.319,2,-0.116,0.288,2.372,2,-0.174,0.349,2.107,2,-0.011,0.406,2.001,2,0.051,0.427,2.031,2,0.178,0.319,2.387,2,0.306,0.135,2.482,2,0.410,-0.033,2.482,2,0.456,-0.082,2.455,2,-0.047,-0.108,2.501,2,-0.048,-0.421,2.675,2,-0.084,-0.669,2.705,2,-0.024,-0.662,2.631,2,0.098,-0.096,2.500,2,0.094,-0.322,2.198,2,0.070,-0.679,2.084,2,0.081,-0.651,2.000,2,0.021,0.322,2.385,2,0.101,0.476,2.014,2,0.080,0.415,2.054,2,0.515,-0.136,2.461,2,0.483,-0.115,2.408,0,0,0,0
0.639|kb,95616163284310000,6,25,0,1,72057594037972009,2,0.020,-0.077,2.466,2,0.018,0.164,2.398,2,0.017,0.399,2.320,2,-0.008,0.543,2.271,2,-0.107,0.316,2.310,2,-0.149,0.395,2.047,2,0.013,0.449,1.938,2,0.082,0.476,1.929,2,0.180,0.334,2.350,2,0.327,0.170,2.433,2,0.451,0.016,2.420,2,0.502,-0.028,2.387,2,-0.053,-0.080,2.437,2,-0.055,-0.344,2.620,1,-0.083,-0.628,2.696,2,-0.059,-0.688,2.655,2,0.092,-0.072,2.439,2,0.087,-0.326,2.179,2,0.057,-0.690,2.071,2,0.075,-0.662,1.983,2,0.017,0.341,2.341,2,0.146,0.504,1.919,2,0.087,0.425,1.938,2,0.558,-0.061,2.368,2,0.517,-0.048,2.343,0,0,0,0
0.689|kb,95616166582640000,6,25,0,1,72057594037972009,2,0.019,-0.070,2.450,2,0.013,0.172,2.377,2,0.008,0.408,2.294,2,-0.006,0.540,2.244,2,-0.105,0.347,2.269,2,-0.136,0.419,2.003,2,0.036,0.474,1.878,2,0.085,0.506,1.869,2,0.182,0.345,2.332,2,0.330,0.201,2.392,2,0.457,0.051,2.369,2,0.508,0.008,2.341,2,-0.052,-0.071,2.418,2,-0.063,-0.397,2.628,1,-0.090,-0.703,2.673,2,-0.026,-0.687,2.695,2,0.089,-0.067,2.426,2,0.080,-0.338,2.158,2,0.054,-0.695,2.073,2,0.077,-0.670,1.983,2,0.009,0.350,2.316,2,0.150,0.529,1.839,2,0.092,0.454,1.876,2,0.554,-0.014,2.292,2,0.539,-0.003,2.289,0,0,0,0
0.732|kb,95616169990540000,6,25,0,1,72057594037972009,2,0.016,-0.053,2.426,2,0.013,0.193,2.348,2,0.011,0.433,2.261,2,0.005,0.546,2.230,2,-0.105,0.357,2.254,2,-0.141,0.426,1.996,2,-0.044,0.487,1.827,2,0.068,0.538,1.810,2,0.186,0.354,2.312,2,0.334,0.216,2.362,2,0.472,0.081,2.314,2,0.521,0.037,2.277,2,-0.053,-0.053,2.391,2,-0.058,-0.345,2.562,1,-0.085,-0.612,2.674,2,-0.065,-0.649,2.561,2,0.084,-0.051,2.403,2,0.076,-0.362,2.123,2,0.055,-0.700,2.076,2,0.076,-0.689,1.977,2,0.012,0.374,2.285,2,0.130,0.565,1.774,2,0.087,0.491,1.823,2,0.571,0.019,2.220,2,0.512,0.057,2.265,0,0,0,0
0.757|kb,95616173283000000,6,25,0,1,72057594037972009,2,0.024,-0.031,2.388,2,0.013,0.216,2.315,2,0.002,0.458,2.230,2,0.012,0.577,2.193,2,-0.102,0.390,2.217,2,-0.142,0.449,1.967,2,0.003,0.539,1.777,2,0.045,0.569,1.757,2,0.182,0.371,2.281,2,0.331,0.247,2.309,2,0.467,0.114,2.245,2,0.533,0.057,2.180,2,-0.046,-0.034,2.356,2,-0.063,-0.351,2.527,1,-0.089,-0.611,2.616,2,-0.069,-0.661,2.508,2,0.094,-0.027,2.365,2,0.077,-0.360,2.119,2,0.056,-0.690,2.072,2,0.078,-0.686,1.969,2,0.004,0.399,2.253,2,0.104,0.603,1.723,2,0.080,0.516,1.754,2,0.590,0.043,2.132,2,0.572,0.057,2.130,0,0,0,0
0.799|kb,95616176583510000,6,25,0,1,72057594037972009,2,0.007,-0.008,2.370,2,0.010,0.240,2.294,2,0.013,0.485,2.205,2,0.021,0.608,2.171,2,-0.109,0.399,2.202,2,-0.164,0.447,1.948,2,-0.033,0.557,1.745,2,0.006,0.597,1.721,2,0.181,0.392,2.264,2,0.333,0.264,2.256,2,0.461,0.136,2.167,2,0.506,0.090,2.113,2,-0.064,-0.006,2.333,2,-0.073,-0.355,2.470,1,-0.088,-0.628,2.545,1,-0.069,-0.672,2.435,2,0.077,-0.009,2.351,2,0.087,-0.284,2.146,2,0.057,-0.683,2.069,2,0.078,-0.680,1.968,2,0.012,0.424,2.229,2,0.053,0.634,1.663,2,0.044,0.556,1.732,2,0.548,0.073,2.057,2,0.545,0.087,2.032,0,0,0,0
0.822|kb,95616179991410000,6,25,0,1,72057594037972009,2,0.005,-0.005,2.365,2,0.016,0.239,2.293,2,0.050,0.469,2.215,2,0.028,0.611,2.167,1,-0.084,0.387,2.207,2,-0.166,0.447,1.948,2,-0.057,0.570,1.731,2,-0.034,0.619,1.700,2,0.189,0.404,2.244,2,0.339,0.276,2.211,2,0.450,0.155,2.093,2,0.485,0.112,2.024,2,-0.066,-0.006,2.329,2,-0.082,-0.351,2.409,2,0.004,-0.537,2.556,1,0.023,-0.606,2.459,2,0.076,-0.003,2.345,2,0.085,-0.311,2.137,2,0.058,-0.685,2.067,2,0.075,-0.683,1.964,2,0.039,0.414,2.235,2,0.006,0.657,1.623,2,0.024,0.596,1.722,2,0.525,0.098,1.964,2,0.500,0.127,2.012,0,0,0,0
0.865|kb,95616183282850000,6,25,0,1,72057594037972009,2,-0.003,0.000,2.353,2,0.015,0.241,2.288,2,0.042,0.475,2.210,2,0.030,0.614,2.164,2,-0.096,0.398,2.196,2,-0.172,0.450,1.945,2,-0.098,0.582,1.717,2,-0.077,0.632,1.693,2,0.198,0.404,2.222,2,0.341,0.273,2.165,2,0.423,0.174,2.007,2,0.471,0.131,1.867,2,-0.073,-0.002,2.322,2,-0.101,-0.373,2.371,2,-0.038,-0.567,2.529,2,-0.015,-0.652,2.451,2,0.067,0.003,2.326,2,0.081,-0.318,2.137,2,0.061,-0.689,2.068,2,0.073,-0.685,1.965,2,0.035,0.417,2.231,2,-0.048,0.676,1.638,2,-0.018,0.619,1.710,2,0.509,0.107,1.786,2,0.478,0.122,1.885,0,0,0,0
0.889|kb,95616186583100000,6,25,0,1,72057594037972009,2,-0.005,0.001,2.345,2,0.017,0.244,2.282,2,0.045,0.481,2.206,2,0.030,0.613,2.163,2,-0.092,0.413,2.192,2,-0.178,0.470,1.943,2,-0.127,0.586,1.722,2,-0.119,0.639,1.702,2,0.198,0.408,2.208,2,0.311,0.293,2.074,2,0.384,0.198,1.910,2,0.405,0.171,1.797,2,-0.074,0.002,2.317,2,-0.123,-0.348,2.310,2,-0.050,-0.584,2.480,2,-0.029,-0.665,2.400,2,0.065,0.000,2.315,2,0.080,-0.322,2.137,2,0.063,-0.698,2.072,2,0.071,-0.693,1.968,2,0.038,0.422,2.227,2,-0.099,0.685,1.642,2,-0.061,0.624,1.706,2,0.441,0.160,1.726,2,0.418,0.151,1.802,0,0,0,0
0.931|kb,95616189991210000,6,25,0,1,72057594037972009,2,-0.005,0.003,2.337,2,0.023,0.248,2.274,2,0.054,0.486,2.201,2,0.033,0.613,2.157,2,-0.089,0.428,2.191,2,-0.190,0.474,1.951,2,-0.171,0.590,1.748,2,-0.160,0.641,1.720,2,0.198,0.407,2.191,2,0.292,0.304,2.038,1,0.347,0.228,1.856,2,0.331,0.215,1.751,2,-0.074,0.008,2.310,2,-0.164,-0.276,2.221,2,-0.083,-0.530,2.388,2,-0.103,-0.607,2.328,2,0.065,-0.003,2.304,2,0.080,-0.327,2.136,2,0.065,-0.708,2.078,2,0.067,-0.703,1.974,2,0.046,0.428,2.221,2,-0.152,0.688,1.663,2,-0.104,0.628,1.725,2,0.362,0.205,1.668,2,0.350,0.193,1.747,0,0,0,0
0.955|kb,95616193282350000,6,25,0,1,72057594037972009,2,-0.005,0.006,2.321,2,0.026,0.250,2.265,2,0.058,0.488,2.197,2,0.039,0.613,2.148,2,-0.086,0.435,2.193,2,-0.216,0.467,1.978,2,-0.202,0.584,1.768,2,-0.197,0.636,1.743,2,0.194,0.406,2.177,1,0.322,0.295,2.061,1,0.322,0.370,1.872,2,0.254,0.260,1.751,2,-0.075,0.015,2.300,2,-0.199,-0.231,2.143,2,-0.115,-0.482,2.305,2,-0.146,-0.550,2.242,2,0.065,-0.005,2.283,2,0.083,-0.332,2.131,2,0.067,-0.718,2.088,2,0.063,-0.716,1.982,2,0.050,0.429,2.216,2,-0.191,0.682,1.692,2,-0.141,0.629,1.746,2,0.246,0.274,1.674,2,0.275,0.266,1.680,0,0,0,0
1.000|kb,95616196585170000,6,25,0,1,72057594037972009,2,0.007,0.000,2.303,2,0.036,0.248,2.252,2,0.065,0.489,2.190,2,0.045,0.610,2.139,2,-0.083,0.439,2.195,2,-0.232,0.451,2.031,2,-0.238,0.579,1.803,2,-0.233,0.632,1.772,2,0.189,0.387,2.164,2,0.308,0.276,1.958,2,0.189,0.308,1.770,2,0.176,0.311,1.758,2,-0.065,0.012,2.286,2,-0.235,-0.141,2.059,2,-0.142,-0.448,2.226,2,-0.182,-0.498,2.186,2,0.077,-0.013,2.264,2,0.086,-0.332,2.126,2,0.069,-0.722,2.093,2,0.058,-0.721,1.986,2,0.058,0.429,2.208,2,-0.233,0.680,1.718,2,-0.175,0.632,1.771,2,0.135,0.337,1.706,2,0.174,0.321,1.681,0,0,0,0
1.025|kb,95616199991230000,6,25,0,1,72057594037972009,2,0.013,-0.003,2.288,2,0.047,0.252,2.229,2,0.083,0.504,2.158,2,0.050,0.612,2.132,2,-0.081,0.440,2.197,2,-0.242,0.447,2.040,2,-0.274,0.569,1.847,2,-0.272,0.632,1.807,2,0.193,0.388,2.153,2,0.291,0.331,1.979,2,0.157,0.324,1.825,2,0.109,0.355,1.793,2,-0.058,0.010,2.273,2,-0.245,-0.067,2.019,2,-0.172,-0.413,2.129,2,-0.230,-0.432,2.113,2,0.083,-0.016,2.247,2,0.088,-0.328,2.117,2,0.072,-0.725,2.100,2,0.057,-0.726,1.992,2,0.074,0.442,2.178,2,-0.279,0.680,1.755,2,-0.216,0.630,1.802,2,0.064,0.383,1.744,2,0.100,0.369,1.724,0,0,0,0
1.069|kb,95616203284420000,6,25,0,1,72057594037972009,2,0.016,0.000,2.277,2,0.055,0.249,2.219,2,0.097,0.490,2.149,2,0.061,0.610,2.123,2,-0.079,0.441,2.196,2,-0.258,0.444,2.058,2,-0.306,0.570,1.872,2,-0.312,0.626,1.843,2,0.200,0.425,2.118,2,0.295,0.318,1.968,2,0.109,0.354,1.866,2,0.056,0.392,1.839,2,-0.055,0.012,2.263,2,-0.245,0.012,1.988,2,-0.182,-0.343,2.049,2,-0.229,-0.350,2.070,2,0.086,-0.013,2.234,2,0.089,-0.324,2.103,2,0.078,-0.728,2.103,2,0.055,-0.731,1.995,2,0.086,0.432,2.168,2,-0.330,0.674,1.790,2,-0.257,0.629,1.829,2,-0.004,0.422,1.807,2,0.041,0.405,1.768,0,0,0,0
1.096|kb,95616206583650000,6,25,0,1,72057594037972009,2,0.015,0.003,2.254,2,0.060,0.244,2.203,2,0.105,0.479,2.138,2,0.074,0.605,2.114,2,-0.078,0.438,2.191,2,-0.271,0.419,2.107,2,-0.351,0.570,1.909,2,-0.357,0.619,1.887,2,0.208,0.437,2.118,2,0.260,0.291,1.928,2,0.080,0.369,1.891,2,0.054,0.396,1.894,2,-0.056,0.012,2.235,2,-0.249,0.113,1.956,2,-0.224,-0.258,1.956,2,-0.245,-0.262,1.997,2,0.086,-0.008,2.216,2,0.084,-0.324,2.092,2,0.096,-0.742,2.098,1,0.057,-0.753,2.088,2,0.094,0.421,2.156,2,-0.381,0.663,1.834,2,-0.317,0.639,1.894,2,-0.005,0.438,1.853,2,0.017,0.427,1.841,0,0,0,0
1.139|kb,95616209993340000,6,25,0,1,72057594037972009,2,0.007,0.005,2.238,2,0.057,0.245,2.196,2,0.105,0.479,2.137,2,0.085,0.600,2.110,2,-0.078,0.438,2.191,2,-0.328,0.434,2.083,2,-0.398,0.567,1.949,2,-0.408,0.616,1.933,1,0.208,0.437,2.119,2,0.254,0.294,1.926,2,0.075,0.385,1.941,2,0.024,0.420,1.936,2,-0.067,0.017,2.222,2,-0.249,0.194,1.946,2,-0.254,-0.212,1.919,2,-0.264,-0.228,1.957,2,0.080,-0.007,2.195,2,0.076,-0.329,2.076,2,0.099,-0.749,2.102,2,0.065,-0.750,2.105,2,0.093,0.421,2.155,2,-0.429,0.659,1.875,2,-0.353,0.579,1.885,2,-0.040,0.468,1.911,2,-0.018,0.455,1.894,0,0,0,0
1.166|kb,95616213283160000,6,25,0,1,72057594037972009,2,0.000,0.005,2.223,2,0.056,0.241,2.186,2,0.107,0.473,2.133,2,0.098,0.594,2.107,2,-0.073,0.436,2.182,2,-0.335,0.405,2.119,2,-0.437,0.539,2.009,2,-0.458,0.581,1.994,1,0.209,0.434,2.117,2,0.230,0.317,1.946,2,0.048,0.386,1.974,1,0.014,0.422,1.984,2,-0.075,0.018,2.209,2,-0.243,0.235,1.932,1,-0.254,-0.179,1.892,1,-0.257,-0.188,1.943,2,0.076,-0.009,2.180,2,0.071,-0.332,2.066,2,0.102,-0.750,2.105,2,0.064,-0.746,2.106,2,0.094,0.416,2.149,2,-0.496,0.629,1.960,2,-0.414,0.581,1.950,2,-0.064,0.476,1.984,2,-0.027,0.458,1.951,0,0,0,0
1.189|kb,95616216583750000,6,25,0,1,72057594037972009,2,-0.002,0.008,2.210,2,0.055,0.242,2.180,2,0.108,0.472,2.133,2,0.107,0.586,2.105,2,-0.065,0.433,2.172,2,-0.329,0.384,2.144,2,-0.471,0.491,2.020,2,-0.499,0.541,2.054,2,0.239,0.435,2.107,2,0.227,0.312,1.939,2,0.039,0.359,1.969,1,0.022,0.412,2.013,2,-0.078,0.023,2.193,2,-0.228,0.282,1.931,1,-0.280,-0.071,1.829,1,-0.281,-0.100,1.870,2,0.074,-0.007,2.170,2,0.061,-0.336,2.058,2,0.103,-0.749,2.105,2,0.063,-0.742,2.106,2,0.095,0.415,2.148,2,-0.547,0.590,2.031,2,-0.464,0.555,2.011,2,-0.005,0.429,2.012,2,-0.010,0.423,1.999,0,0,0,0
1.232|kb,95616219991690000,6,25,0,1,72057594037972009,2,-0.011,0.008,2.189,2,0.054,0.242,2.172,2,0.109,0.472,2.133,2,0.115,0.584,2.105,2,-0.062,0.432,2.169,1,-0.326,0.381,2.151,2,-0.484,0.489,2.093,2,-0.530,0.499,2.120,2,0.246,0.432,2.108,2,0.209,0.312,1.940,2,0.024,0.367,1.975,1,0.010,0.421,2.036,2,-0.088,0.025,2.171,2,-0.193,0.256,1.976,1,-0.251,-0.105,1.866,2,-0.250,-0.129,1.903,2,0.067,-0.009,2.150,2,0.053,-0.335,2.050,2,0.097,-0.745,2.105,2,0.059,-0.736,2.103,2,0.096,0.415,2.147,2,-0.587,0.535,2.107,2,-0.509,0.515,2.081,2,-0.014,0.442,2.033,2,-0.013,0.448,2.018,0,0,0,0
1.260|kb,95616223283600000,6,25,0,1,72057594037972009,2,-0.015,0.013,2.178,2,0.052,0.244,2.168,2,0.110,0.472,2.134,2,0.123,0.584,2.108,2,-0.062,0.433,2.170,1,-0.317,0.352,2.179,2,-0.530,0.431,2.181,2,-0.561,0.454,2.186,2,0.251,0.430,2.109,2,0.207,0.312,1.941,2,0.044,0.371,2.026,1,0.021,0.391,2.073,2,-0.092,0.032,2.158,2,-0.195,0.266,1.966,1,-0.255,-0.100,1.853,1,-0.251,-0.119,1.892,2,0.062,-0.006,2.142,2,0.034,-0.325,2.040,2,0.091,-0.737,2.098,2,0.043,-0.730,2.084,2,0.096,0.415,2.147,2,-0.607,0.471,2.179,2,-0.535,0.466,2.147,2,-0.026,0.447,2.062,2,0.034,0.416,2.017,0,0,0,0
1.304|kb,95616226584500000,6,25,0,1,72057594037972009,2,-0.014,0.014,2.165,2,0.054,0.245,2.164,2,0.115,0.471,2.138,2,0.131,0.584,2.113,2,-0.038,0.432,2.161,1,-0.293,0.353,2.180,1,-0.528,0.427,2.186,1,-0.564,0.405,2.227,2,0.257,0.423,2.112,2,0.207,0.310,1.943,1,0.045,0.371,2.029,1,0.023,0.388,2.073,2,-0.090,0.034,2.146,2,-0.234,0.312,1.852,2,-0.411,0.149,1.620,1,-0.408,0.061,1.648,2,0.063,-0.005,2.129,2,0.013,-0.376,2.027,2,0.058,-0.732,2.093,2,0.013,-0.722,2.082,2,0.099,0.415,2.147,2,-0.586,0.405,2.224,2,-0.586,0.406,2.210,2,-0.022,0.445,2.066,2,0.046,0.405,2.015,0,0,0,0
1.333|kb,95616229990640000,6,25,0,1,72057594037972009,2,-0.018,0.014,2.151,2,0.052,0.247,2.158,2,0.116,0.474,2.140,2,0.139,0.587,2.120,2,-0.040,0.432,2.164,1,-0.293,0.349,2.187,1,-0.526,0.423,2.193,1,-0.576,0.456,2.193,2,0.258,0.423,2.113,2,0.208,0.306,1.947,2,0.045,0.372,2.028,1,0.024,0.391,2.069,2,-0.093,0.034,2.135,2,-0.235,0.308,1.837,2,-0.486,0.230,1.515,2,-0.439,0.204,1.469,2,0.058,-0.006,2.110,2,0.006,-0.307,2.012,2,0.044,-0.734,2.090,2,0.001,-0.726,2.079,2,0.099,0.417,2.147,1,-0.598,0.456,2.190,1,-0.597,0.456,2.175,2,-0.024,0.450,2.064,2,0.003,0.364,2.102,0,0,0,0
1.355|kb,95616233282550000,6,25,0,1,72057594037972009,2,-0.022,0.015,2.139,2,0.051,0.249,2.153,2,0.117,0.476,2.142,2,0.146,0.592,2.128,2,-0.041,0.433,2.165,1,-0.290,0.343,2.198,1,-0.526,0.415,2.206,1,-0.576,0.447,2.206,2,0.260,0.421,2.114,2,0.213,0.294,1.955,2,0.036,0.369,1.994,1,0.024,0.404,2.045,2,-0.096,0.035,2.126,2,-0.242,0.291,1.812,1,-0.504,0.230,1.492,1,-0.441,0.189,1.460,2,0.052,-0.006,2.096,2,0.000,-0.305,2.012,2,0.026,-0.741,2.080,1,-0.014,-0.736,2.071,2,0.100,0.419,2.148,1,-0.598,0.448,2.203,1,-0.597,0.448,2.189,2,-0.002,0.429,2.053,2,0.025,0.374,2.052,0,0,0,0
1.400|kb,95616236583270000,6,25,0,1,72057594037972009,2,-0.026,0.015,2.127,2,0.052,0.249,2.150,2,0.132,0.479,2.153,2,0.149,0.596,2.135,2,-0.035,0.429,2.166,2,-0.139,0.300,2.289,1,-0.330,0.388,2.288,1,-0.380,0.421,2.288,2,0.275,0.408,2.125,2,0.235,0.273,1.971,2,0.060,0.364,1.979,1,0.038,0.385,2.022,2,-0.099,0.035,2.116,2,-0.246,0.283,1.796,1,-0.501,0.215,1.488,1,-0.439,0.174,1.447,2,0.047,-0.007,2.081,2,-0.003,-0.304,2.008,2,-0.004,-0.719,2.073,2,-0.063,-0.712,2.060,2,0.110,0.422,2.152,1,-0.403,0.421,2.285,1,-0.403,0.421,2.271,2,0.008,0.409,2.041,2,0.039,0.357,2.021,0,0,0,0
1.423|kb,95616239990740000,6,25,0,1,72057594037972009,2,-0.037,0.012,2.104,2,0.051,0.247,2.143,2,0.134,0.476,2.155,2,0.152,0.596,2.143,2,-0.033,0.425,2.190,1,-0.139,0.299,2.290,1,-0.329,0.389,2.288,1,-0.379,0.421,2.288,2,0.273,0.340,2.142,2,0.178,0.293,1.958,1,-0.010,0.340,1.910,2,0.012,0.386,2.020,2,-0.110,0.040,2.085,2,-0.269,0.257,1.770,1,-0.517,0.179,1.476,1,-0.454,0.141,1.430,2,0.037,-0.014,2.065,2,-0.011,-0.313,1.997,2,-0.018,-0.720,2.072,2,-0.069,-0.721,2.063,2,0.111,0.420,2.153,1,-0.402,0.421,2.285,1,-0.403,0.421,2.271,2,0.011,0.390,2.012,1,0.011,0.385,2.002,0,0,0,0
1.465|kb,95616243282830000,6,25,0,1,72057594037972009,2,-0.038,0.009,2.097,2,0.048,0.247,2.136,2,0.132,0.477,2.155,2,0.156,0.598,2.148,2,-0.036,0.425,2.190,1,-0.136,0.294,2.289,1,-0.324,0.387,2.285,1,-0.374,0.419,2.285,2,0.273,0.340,2.142,2,0.131,0.324,1.965,2,-0.029,0.415,2.026,2,-0.067,0.472,2.066,2,-0.110,0.038,2.079,2,-0.263,0.223,1.793,1,-0.508,0.142,1.502,1,-0.448,0.107,1.453,2,0.034,-0.019,2.058,2,-0.015,-0.325,1.988,2,-0.024,-0.716,2.071,2,-0.083,-0.718,2.035,2,0.111,0.420,2.152,1,-0.397,0.419,2.282,1,-0.399,0.420,2.268,2,-0.109,0.496,2.112,2,-0.063,0.431,2.034,0,0,0,0
1.489|kb,95616246582690000,6,25,0,1,72057594037972009,2,-0.036,0.002,2.087,2,0.048,0.245,2.131,2,0.132,0.477,2.155,2,0.159,0.599,2.151,2,-0.043,0.420,2.187,1,-0.137,0.284,2.285,1,-0.323,0.380,2.278,1,-0.373,0.412,2.278,2,0.273,0.338,2.143,2,0.141,0.322,1.962,2,-0.037,0.417,2.020,1,-0.078,0.462,2.053,2,-0.107,0.030,2.067,2,-0.263,0.219,1.792,1,-0.511,0.131,1.498,1,-0.447,0.103,1.452,2,0.036,-0.025,2.049,2,-0.014,-0.327,1.983,2,-0.027,-0.714,2.070,2,-0.083,-0.720,2.034,2,0.110,0.420,2.152,1,-0.395,0.412,2.275,1,-0.396,0.413,2.260,2,-0.125,0.489,2.095,2,-0.038,0.393,2.074,0,0,0,0
1.533|kb,95616249990840000,6,25,0,1,72057594037972009,2,-0.033,-0.002,2.081,2,0.051,0.241,2.128,2,0.133,0.475,2.156,2,0.161,0.597,2.155,2,-0.043,0.415,2.188,1,-0.132,0.276,2.286,1,-0.318,0.373,2.278,1,-0.368,0.405,2.278,2,0.273,0.336,2.143,1,0.138,0.319,1.938,2,-0.025,0.391,2.014,2,-0.057,0.430,2.024,2,-0.104,0.027,2.062,2,-0.263,0.215,1.785,2,-0.487,0.254,1.475,1,-0.426,0.204,1.434,2,0.040,-0.030,2.043,2,-0.015,-0.327,1.975,2,-0.032,-0.717,2.064,1,-0.085,-0.726,2.032,2,0.112,0.418,2.152,1,-0.391,0.405,2.275,1,-0.391,0.405,2.261,2,-0.107,0.485,2.062,2,-0.048,0.387,2.070,0,0,0,0
1.565|kb,95616253283010000,6,25,0,1,72057594037972009,2,-0.029,-0.008,2.075,2,0.056,0.234,2.124,2,0.139,0.467,2.160,2,0.160,0.590,2.158,2,-0.046,0.378,2.207,1,-0.132,0.237,2.305,1,-0.316,0.338,2.294,1,-0.366,0.370,2.294,2,0.275,0.322,2.146,2,0.126,0.339,1.956,1,-0.028,0.414,2.044,1,-0.086,0.451,2.048,2,-0.100,0.021,2.056,2,-0.264,0.213,1.769,2,-0.424,0.247,1.419,1,-0.383,0.192,1.388,2,0.044,-0.036,2.036,2,-0.014,-0.331,1.960,2,-0.035,-0.720,2.059,1,-0.085,-0.732,2.024,2,0.118,0.410,2.153,1,-0.389,0.370,2.291,1,-0.389,0.371,2.277,2,-0.132,0.478,2.093,2,-0.052,0.387,2.065,0,0,0,0
1.589|kb,95616256583950000,6,25,0,1,72057594037972009,2,-0.028,-0.009,2.073,2,0.056,0.233,2.124,2,0.139,0.467,2.160,2,0.160,0.591,2.160,2,-0.047,0.382,2.204,1,-0.133,0.241,2.302,1,-0.317,0.341,2.292,1,-0.367,0.373,2.292,2,0.275,0.323,2.146,2,0.127,0.341,1.958,2,-0.041,0.416,2.018,1,-0.083,0.455,2.041,2,-0.100,0.019,2.056,2,-0.253,0.205,1.777,2,-0.416,0.239,1.405,1,-0.385,0.181,1.373,2,0.044,-0.037,2.033,2,-0.004,-0.341,1.954,2,-0.036,-0.723,2.052,1,-0.082,-0.736,2.014,2,0.118,0.410,2.153,1,-0.389,0.374,2.289,1,-0.389,0.375,2.275,2,-0.131,0.485,2.082,2,-0.042,0.389,2.060,0,0,0,0
1.631|kb,95616259990950000,6,25,0,1,72057594037972009,2,-0.025,-0.015,2.069,2,0.059,0.228,2.120,2,0.141,0.463,2.159,2,0.159,0.587,2.161,2,-0.044,0.379,2.203,1,-0.129,0.238,2.301,1,-0.313,0.338,2.291,1,-0.363,0.370,2.291,2,0.276,0.317,2.146,2,0.127,0.341,1.958,1,-0.043,0.416,2.016,1,-0.080,0.455,2.039,2,-0.097,0.013,2.054,2,-0.247,0.198,1.783,2,-0.420,0.224,1.440,1,-0.387,0.165,1.413,2,0.048,-0.042,2.028,2,-0.006,-0.337,1.951,2,-0.033,-0.727,2.039,1,-0.077,-0.740,2.000,2,0.121,0.405,2.152,1,-0.386,0.370,2.288,1,-0.388,0.373,2.274,2,-0.129,0.483,2.080,2,-0.036,0.383,2.047,0,0,0,0
1.655|kb,95616263283070000,6,25,0,1,72057594037972009,2,-0.022,-0.020,2.066,2,0.060,0.227,2.119,2,0.141,0.463,2.159,2,0.157,0.588,2.160,2,-0.044,0.379,2.202,1,-0.129,0.238,2.301,1,-0.313,0.338,2.291,1,-0.363,0.370,2.290,2,0.276,0.318,2.145,2,0.134,0.341,1.957,2,-0.045,0.408,1.997,1,-0.068,0.446,2.024,2,-0.093,0.006,2.052,2,-0.243,0.194,1.787,1,-0.419,0.225,1.443,1,-0.385,0.165,1.417,2,0.050,-0.046,2.024,2,-0.003,-0.343,1.950,2,-0.031,-0.729,2.032,2,-0.071,-0.743,2.001,2,0.121,0.405,2.151,1,-0.386,0.370,2.287,1,-0.387,0.373,2.274,2,-0.137,0.483,2.066,2,-0.077,0.422,2.005,0,0,0,0
1.699|kb,95616266582810000,6,25,0,1,72057594037972009,2,-0.022,-0.020,2.066,2,0.060,0.227,2.119,2,0.140,0.464,2.158,2,0.156,0.588,2.159,2,-0.048,0.381,2.209,1,-0.137,0.235,2.298,1,-0.316,0.342,2.284,1,-0.366,0.374,2.284,2,0.276,0.319,2.145,2,0.135,0.341,1.958,2,-0.043,0.410,2.000,1,-0.071,0.448,2.027,2,-0.093,0.005,2.053,2,-0.242,0.190,1.789,1,-0.420,0.223,1.443,1,-0.386,0.164,1.420,2,0.050,-0.046,2.023,2,-0.001,-0.342,1.951,2,-0.028,-0.732,2.030,1,-0.068,-0.743,2.003,2,0.120,0.405,2.150,1,-0.389,0.374,2.281,1,-0.389,0.375,2.267,2,-0.132,0.489,2.061,2,-0.080,0.420,2.002,0,0,0,0
1.722|kb,95616269990620000,6,25,0,1,72057594037972009,2,-0.017,-0.021,2.067,2,0.060,0.226,2.118,2,0.139,0.464,2.157,2,0.154,0.589,2.158,1,-0.049,0.382,2.208,2,-0.156,0.234,2.275,1,-0.336,0.338,2.266,1,-0.385,0.370,2.266,2,0.276,0.320,2.144,2,0.208,0.365,1.952,2,0.015,0.387,1.983,1,-0.033,0.417,2.002,2,-0.089,0.003,2.054,2,-0.261,0.191,1.761,1,-0.443,0.225,1.418,1,-0.406,0.167,1.393,2,0.057,-0.045,2.023,1,0.025,-0.346,1.963,2,-0.022,-0.708,2.023,1,-0.030,-0.714,1.901,2,0.120,0.406,2.150,1,-0.408,0.371,2.263,1,-0.408,0.371,2.248,2,-0.090,0.459,2.023,2,-0.024,0.384,2.021,0,0,0,0
1.765|kb,95616273283000000,6,25,0,1,72057594037972009,2,-0.015,-0.022,2.068,2,0.061,0.226,2.118,2,0.138,0.465,2.156,2,0.151,0.589,2.155,1,-0.049,0.383,2.207,2,-0.157,0.236,2.275,1,-0.337,0.341,2.265,1,-0.386,0.373,2.265,2,0.273,0.320,2.142,2,0.131,0.355,1.958,2,-0.052,0.408,2.003,1,-0.075,0.450,2.022,2,-0.087,0.001,2.056,2,-0.264,0.189,1.758,2,-0.452,0.276,1.439,1,-0.415,0.213,1.396,2,0.059,-0.045,2.024,1,0.026,-0.346,1.964,2,-0.019,-0.698,2.022,1,-0.028,-0.715,1.902,2,0.119,0.406,2.149,1,-0.409,0.373,2.262,1,-0.409,0.374,2.247,2,-0.141,0.487,2.060,2,-0.083,0.429,1.996,0,0,0,0
1.789|kb,95616276585270000,6,25,0,1,72057594037972009,2,-0.010,-0.022,2.073,2,0.061,0.226,2.118,2,0.137,0.466,2.156,2,0.150,0.590,2.154,1,-0.050,0.385,2.205,1,-0.158,0.239,2.275,1,-0.337,0.342,2.265,1,-0.387,0.374,2.265,2,0.271,0.321,2.140,2,0.133,0.353,1.958,2,-0.049,0.410,2.001,1,-0.076,0.453,2.022,2,-0.080,0.000,2.067,2,-0.263,0.177,1.766,1,-0.446,0.267,1.455,1,-0.411,0.203,1.408,2,0.061,-0.044,2.025,1,0.027,-0.344,1.965,2,-0.013,-0.692,2.019,2,-0.023,-0.714,1.900,2,0.119,0.406,2.149,1,-0.410,0.375,2.262,1,-0.410,0.375,2.247,2,-0.137,0.490,2.062,2,-0.107,0.438,2.029,0,0,0,0
1.832|kb,95616279991410000,6,25,0,1,72057594037972009,2,-0.010,-0.022,2.075,2,0.061,0.227,2.119,2,0.136,0.468,2.154,2,0.147,0.590,2.149,1,-0.050,0.387,2.203,2,-0.157,0.241,2.275,1,-0.338,0.343,2.266,1,-0.388,0.375,2.266,2,0.270,0.321,2.140,2,0.134,0.351,1.956,2,-0.049,0.408,1.998,1,-0.066,0.447,2.015,2,-0.081,-0.001,2.070,2,-0.263,0.177,1.766,1,-0.446,0.268,1.457,1,-0.410,0.203,1.408,2,0.062,-0.044,2.025,2,0.014,-0.343,1.966,2,-0.009,-0.690,2.018,2,-0.019,-0.713,1.900,2,0.118,0.408,2.148,1,-0.411,0.376,2.263,1,-0.410,0.376,2.249,2,-0.146,0.469,2.072,2,-0.068,0.417,1.997,0,0,0,0
1.855|kb,95616283282680000,6,25,0,1,72057594037972009,2,-0.010,-0.022,2.077,2,0.062,0.227,2.119,2,0.136,0.468,2.153,2,0.145,0.590,2.146,2,-0.050,0.387,2.203,2,-0.158,0.243,2.276,1,-0.338,0.345,2.267,1,-0.388,0.378,2.267,2,0.270,0.323,2.139,2,0.147,0.354,1.949,2,-0.037,0.402,1.994,1,-0.060,0.441,2.006,2,-0.080,-0.001,2.074,2,-0.263,0.176,1.766,1,-0.446,0.269,1.459,1,-0.411,0.203,1.409,2,0.062,-0.044,2.026,2,0.009,-0.351,1.970,2,-0.007,-0.691,2.018,1,-0.017,-0.714,1.900,2,0.118,0.408,2.147,1,-0.411,0.378,2.264,1,-0.410,0.377,2.250,2,-0.103,0.484,2.019,2,-0.040,0.395,2.047,0,0,0,0
1.900|kb,95616286582850000,6,25,0,1,72057594037972009,2,-0.009,-0.022,2.081,2,0.062,0.227,2.119,2,0.135,0.469,2.152,2,0.142,0.589,2.141,1,-0.050,0.388,2.203,2,-0.157,0.244,2.277,1,-0.339,0.346,2.268,1,-0.388,0.378,2.268,2,0.269,0.324,2.138,2,0.146,0.353,1.945,1,-0.039,0.402,1.988,1,-0.060,0.441,2.003,2,-0.080,-0.001,2.076,2,-0.262,0.171,1.773,1,-0.444,0.265,1.467,1,-0.409,0.199,1.416,2,0.062,-0.043,2.031,2,0.009,-0.357,1.971,2,-0.005,-0.692,2.018,1,-0.016,-0.715,1.900,2,0.118,0.409,2.147,1,-0.411,0.378,2.265,1,-0.410,0.378,2.251,2,-0.104,0.482,2.020,2,-0.059,0.478,2.022,0,0,0,0
1.922|kb,95616289990740000,6,25,0,1,72057594037972009,2,-0.010,-0.022,2.084,2,0.062,0.227,2.120,2,0.134,0.469,2.151,2,0.139,0.589,2.137,2,-0.050,0.388,2.203,2,-0.155,0.247,2.283,1,-0.334,0.351,2.272,1,-0.384,0.383,2.272,2,0.268,0.324,2.137,2,0.147,0.354,1.942,2,-0.037,0.402,1.986,1,-0.062,0.440,1.999,2,-0.080,0.000,2.078,2,-0.261,0.170,1.776,2,-0.446,0.266,1.456,1,-0.412,0.200,1.405,2,0.061,-0.044,2.035,2,0.009,-0.353,1.973,2,-0.004,-0.693,2.019,1,-0.015,-0.715,1.901,2,0.117,0.409,2.146,1,-0.407,0.383,2.269,1,-0.407,0.383,2.254,2,-0.107,0.487,2.025,2,-0.063,0.480,2.013,0,0,0,0
1.964|kb,95616293282870000,6,25,0,1,72057594037972009,2,-0.010,-0.022,2.091,2,0.062,0.228,2.121,2,0.134,0.470,2.150,2,0.136,0.588,2.134,2,-0.051,0.388,2.205,2,-0.156,0.246,2.284,1,-0.335,0.351,2.273,1,-0.385,0.383,2.273,2,0.267,0.325,2.136,2,0.208,0.375,1.942,2,0.012,0.389,1.966,1,-0.040,0.423,1.980,2,-0.081,0.000,2.085,2,-0.261,0.170,1.779,1,-0.447,0.268,1.454,1,-0.413,0.201,1.403,2,0.061,-0.044,2.041,2,0.011,-0.342,1.978,2,-0.002,-0.694,2.020,1,-0.015,-0.714,1.902,2,0.117,0.410,2.145,1,-0.408,0.383,2.270,1,-0.407,0.383,2.255,2,-0.097,0.459,1.993,2,-0.036,0.399,2.020,0,0,0,0
1.989|kb,95616296582690000,6,25,0,1,72057594037972009,2,-0.013,-0.021,2.101,2,0.060,0.228,2.123,2,0.132,0.470,2.147,2,0.131,0.589,2.125,2,-0.053,0.389,2.206,2,-0.158,0.247,2.285,1,-0.335,0.354,2.272,1,-0.385,0.386,2.272,2,0.265,0.325,2.136,2,0.201,0.361,1.940,2,0.007,0.393,1.962,1,-0.047,0.429,1.969,2,-0.085,0.002,2.095,2,-0.260,0.171,1.781,1,-0.447,0.271,1.452,1,-0.414,0.204,1.402,2,0.059,-0.045,2.051,2,0.007,-0.341,1.979,2,-0.001,-0.695,2.020,2,-0.015,-0.713,1.903,2,0.115,0.410,2.144,1,-0.408,0.386,2.269,1,-0.408,0.386,2.255,2,-0.103,0.473,1.987,2,-0.047,0.400,2.010,0,0,0,0
2.034|kb,95616299992640000,6,25,0,1,72057594037972009,2,-0.017,-0.024,2.113,2,0.059,0.227,2.123,2,0.124,0.467,2.120,2,0.122,0.591,2.113,2,-0.058,0.389,2.210,2,-0.164,0.245,2.285,1,-0.336,0.358,2.268,1,-0.386,0.390,2.268,2,0.240,0.316,2.124,2,0.204,0.357,1.922,2,0.011,0.400,1.929,1,-0.044,0.432,1.938,2,-0.090,0.001,2.105,2,-0.257,0.181,1.787,1,-0.446,0.281,1.450,1,-0.419,0.213,1.403,2,0.056,-0.048,2.065,2,0.013,-0.343,1.980,2,-0.001,-0.696,2.021,2,-0.021,-0.713,1.904,2,0.108,0.408,2.127,1,-0.409,0.390,2.265,1,-0.409,0.391,2.251,2,-0.101,0.482,1.956,2,-0.039,0.396,1.981,0,0,0,0
2.069|kb,95616303283010000,6,25,0,1,72057594037972009,2,-0.013,-0.027,2.131,2,0.058,0.230,2.127,2,0.123,0.481,2.119,2,0.108,0.592,2.092,2,-0.059,0.390,2.209,2,-0.183,0.252,2.269,1,-0.339,0.378,2.248,1,-0.389,0.410,2.248,2,0.235,0.312,2.123,2,0.215,0.357,1.917,2,0.024,0.401,1.875,2,-0.036,0.437,1.890,2,-0.088,-0.003,2.122,2,-0.254,0.202,1.790,1,-0.445,0.304,1.444,1,-0.418,0.236,1.402,2,0.062,-0.051,2.084,2,0.015,-0.350,1.983,2,0.004,-0.691,2.018,2,-0.017,-0.708,1.902,2,0.108,0.418,2.125,1,-0.412,0.411,2.245,1,-0.412,0.411,2.230,2,-0.097,0.491,1.901,2,-0.041,0.412,1.910,0,0,0,0
2.100|kb,95616306582670000,6,25,0,1,72057594037972009,2,-0.004,-0.033,2.160,2,0.053,0.216,2.136,2,0.097,0.441,2.107,2,0.093,0.588,2.079,2,-0.070,0.388,2.207,2,-0.186,0.247,2.272,1,-0.335,0.385,2.242,1,-0.384,0.418,2.242,2,0.220,0.306,2.122,2,0.234,0.357,1.867,2,0.043,0.402,1.825,2,-0.026,0.445,1.836,2,-0.078,-0.013,2.154,2,-0.239,0.202,1.816,1,-0.441,0.314,1.447,1,-0.414,0.245,1.410,2,0.071,-0.052,2.109,2,0.017,-0.343,1.990,2,0.015,-0.700,2.020,2,-0.017,-0.723,2.019,2,0.089,0.389,2.119,1,-0.407,0.418,2.239,1,-0.407,0.418,2.225,2,-0.094,0.475,1.842,2,-0.034,0.435,1.894,0,0,0,0
2.124|kb,95616309991070000,6,25,0,1,72057594037972009,2,0.012,-0.038,2.188,2,0.052,0.210,2.148,2,0.095,0.441,2.109,2,0.078,0.590,2.062,2,-0.069,0.390,2.203,1,-0.191,0.249,2.260,1,-0.337,0.389,2.233,1,-0.386,0.421,2.233,2,0.220,0.307,2.121,2,0.252,0.343,1.847,2,0.071,0.404,1.777,2,0.021,0.434,1.771,2,-0.064,-0.018,2.178,2,-0.214,0.210,1.844,1,-0.416,0.319,1.475,1,-0.388,0.248,1.444,2,0.087,-0.057,2.142,2,0.029,-0.362,1.995,2,0.023,-0.694,2.021,2,-0.001,-0.690,1.905,2,0.086,0.387,2.121,1,-0.409,0.421,2.230,1,-0.409,0.421,2.216,2,-0.032,0.457,1.748,2,0.009,0.424,1.823,0,0,0,0
2.166|kb,95616313285080000,6,25,0,1,72057594037972009,2,0.004,-0.037,2.205,2,0.028,0.199,2.181,2,0.052,0.426,2.143,2,0.054,0.554,2.069,2,-0.090,0.395,2.187,1,-0.205,0.248,2.244,2,-0.453,0.232,2.139,2,-0.559,0.249,2.110,2,0.204,0.315,2.115,2,0.311,0.316,1.858,2,0.165,0.380,1.724,1,0.134,0.395,1.698,2,-0.070,-0.019,2.197,2,-0.196,0.187,1.888,1,-0.389,0.288,1.532,1,-0.360,0.217,1.499,2,0.077,-0.055,2.157,2,0.035,-0.352,2.005,2,0.035,-0.706,2.018,2,0.008,-0.717,2.024,2,0.046,0.370,2.155,2,-0.617,0.258,2.082,2,-0.539,0.268,2.065,2,0.098,0.425,1.663,2,0.086,0.401,1.744,0,0,0,0
2.189|kb,95616316583630000,6,25,0,1,72057594037972009,2,0.006,-0.038,2.226,2,0.030,0.200,2.182,2,0.062,0.433,2.130,2,0.046,0.557,2.054,2,-0.097,0.393,2.180,2,-0.326,0.288,2.162,2,-0.499,0.280,2.061,2,-0.550,0.313,2.031,2,0.201,0.334,2.105,2,0.362,0.302,1.881,2,0.286,0.329,1.693,2,0.256,0.352,1.653,2,-0.067,-0.023,2.217,2,-0.220,0.110,1.893,2,-0.295,-0.108,1.880,1,-0.330,-0.091,1.789,2,0.078,-0.053,2.179,2,0.044,-0.343,2.019,2,0.053,-0.733,2.043,2,0.028,-0.730,1.929,2,0.053,0.375,2.147,2,-0.604,0.330,1.977,2,-0.527,0.332,1.986,2,0.237,0.379,1.576,2,0.205,0.355,1.660,0,0,0,0
2.232|kb,95616319991130000,6,25,0,1,72057594037972009,2,0.011,-0.035,2.250,2,0.033,0.201,2.184,2,0.064,0.433,2.124,2,0.037,0.551,2.045,2,-0.104,0.392,2.170,2,-0.286,0.312,2.158,2,-0.445,0.315,2.023,2,-0.514,0.364,1.953,2,0.200,0.346,2.098,2,0.371,0.336,1.987,2,0.413,0.272,1.794,2,0.378,0.301,1.645,2,-0.061,-0.021,2.241,2,-0.234,0.010,1.938,2,-0.243,-0.240,2.025,2,-0.296,-0.292,1.938,2,0.083,-0.048,2.203,2,0.048,-0.346,2.039,2,0.058,-0.739,2.037,1,0.047,-0.747,2.049,2,0.056,0.376,2.143,2,-0.554,0.391,1.872,2,-0.481,0.380,1.905,2,0.375,0.317,1.584,2,0.327,0.298,1.631,0,0,0,0
2.255|kb,95616323282750000,6,25,0,1,72057594037972009,2,0.007,-0.034,2.277,2,0.033,0.200,2.189,2,0.062,0.429,2.115,2,0.027,0.543,2.036,2,-0.109,0.389,2.161,2,-0.311,0.325,2.121,2,-0.430,0.357,1.954,2,-0.461,0.411,1.878,2,0.199,0.346,2.096,2,0.376,0.328,1.999,2,0.490,0.256,1.847,2,0.489,0.252,1.675,2,-0.063,-0.021,2.263,2,-0.235,-0.111,2.003,2,-0.223,-0.386,2.158,2,-0.261,-0.418,2.090,2,0.077,-0.047,2.235,2,0.050,-0.383,2.062,2,0.062,-0.747,2.040,1,0.053,-0.748,2.058,2,0.055,0.374,2.139,2,-0.484,0.442,1.790,2,-0.416,0.412,1.842,2,0.514,0.263,1.613,2,0.441,0.246,1.661,0,0,0,0
2.299|kb,95616326582830000,6,25,0,1,72057594037972009,2,-0.003,-0.033,2.298,2,0.028,0.198,2.197,2,0.057,0.425,2.107,2,0.020,0.535,2.028,2,-0.112,0.387,2.152,2,-0.309,0.336,2.101,2,-0.384,0.393,1.886,2,-0.386,0.439,1.820,2,0.196,0.345,2.094,2,0.390,0.307,2.031,2,0.539,0.224,1.867,2,0.585,0.212,1.750,2,-0.071,-0.018,2.283,2,-0.230,-0.217,2.089,2,-0.160,-0.495,2.313,2,-0.188,-0.525,2.224,2,0.065,-0.048,2.256,2,0.056,-0.372,2.086,2,0.075,-0.756,2.054,1,0.066,-0.758,2.075,2,0.051,0.370,2.134,2,-0.385,0.482,1.745,2,-0.337,0.429,1.793,2,0.612,0.195,1.686,2,0.591,0.183,1.674,0,0,0,0
2.322|kb,95616329990550000,6,25,0,1,72057594037972009,2,-0.016,-0.026,2.347,2,0.018,0.196,2.214,2,0.047,0.415,2.098,2,0.015,0.529,2.020,2,-0.116,0.382,2.138,2,-0.306,0.351,2.048,2,-0.314,0.419,1.815,2,-0.297,0.452,1.780,2,0.192,0.346,2.092,2,0.412,0.283,2.062,2,0.581,0.195,1.954,2,0.630,0.176,1.888,2,-0.083,-0.010,2.325,2,-0.192,-0.273,2.183,2,-0.109,-0.506,2.417,1,-0.138,-0.552,2.333,2,0.052,-0.041,2.309,2,0.059,-0.378,2.090,2,0.082,-0.743,2.059,2,0.061,-0.745,2.072,2,0.042,0.363,2.131,2,-0.275,0.493,1.705,2,-0.248,0.446,1.762,2,0.667,0.160,1.823,2,0.612,0.143,1.852,0,0,0,0
2.365|kb,95616333283410000,6,25,0,1,72057594037972009,2,-0.016,-0.044,2.343,2,0.015,0.189,2.217,2,0.044,0.413,2.097,2,0.010,0.523,2.015,2,-0.123,0.379,2.125,2,-0.301,0.359,1.990,2,-0.242,0.415,1.791,2,-0.215,0.445,1.767,2,0.179,0.342,2.095,2,0.410,0.274,2.113,2,0.605,0.168,2.047,2,0.657,0.149,2.007,2,-0.083,-0.034,2.322,2,-0.199,-0.311,2.258,2,-0.130,-0.577,2.413,1,-0.163,-0.599,2.326,2,0.052,-0.054,2.307,2,0.067,-0.326,2.095,2,0.083,-0.748,2.075,2,0.050,-0.744,2.089,2,0.038,0.359,2.130,2,-0.166,0.486,1.713,2,-0.167,0.434,1.759,2,0.704,0.124,1.953,2,0.636,0.122,2.012,0,0,0,0
2.389|kb,95616336582800000,6,25,0,1,72057594037972009,2,-0.017,-0.037,2.354,2,0.002,0.185,2.227,2,0.006,0.392,2.096,2,-0.010,0.508,2.013,2,-0.127,0.365,2.111,2,-0.332,0.335,1.930,2,-0.187,0.416,1.777,2,-0.120,0.444,1.769,2,0.169,0.341,2.100,2,0.360,0.279,2.158,2,0.546,0.181,2.166,2,0.616,0.146,2.152,2,-0.084,-0.031,2.328,2,-0.126,-0.359,2.360,1,-0.116,-0.606,2.482,1,-0.139,-0.660,2.401,2,0.051,-0.041,2.325,2,0.064,-0.390,2.104,2,0.091,-0.743,2.084,2,0.031,-0.724,2.108,2,0.007,0.343,2.132,2,-0.075,0.485,1.738,2,-0.078,0.429,1.794,2,0.659,0.127,2.105,2,0.631,0.111,2.144,0,0,0,0
2.432|kb,95616339990910000,6,25,0,1,72057594037972009,2,-0.006,-0.060,2.359,2,0.002,0.179,2.226,2,0.006,0.396,2.086,2,-0.009,0.507,2.011,2,-0.130,0.359,2.106,2,-0.245,0.359,1.891,2,-0.042,0.436,1.793,2,-0.015,0.447,1.815,2,0.165,0.334,2.112,2,0.378,0.257,2.228,2,0.542,0.158,2.264,2,0.609,0.128,2.254,2,-0.073,-0.063,2.340,2,-0.108,-0.366,2.435,1,-0.123,-0.555,2.453,1,-0.123,-0.550,2.412,2,0.061,-0.058,2.324,2,0.061,-0.309,2.103,2,0.098,-0.728,2.085,2,0.057,-0.732,2.090,2,0.006,0.343,2.125,2,0.026,0.466,1.804,2,0.009,0.445,1.859,2,0.650,0.111,2.219,2,0.595,0.107,2.274,0,0,0,0
2.455|kb,95616343282910000,6,25,0,1,72057594037972009,2,-0.006,-0.064,2.358,2,-0.001,0.174,2.223,2,0.002,0.396,2.080,2,-0.011,0.506,2.010,2,-0.129,0.300,2.113,2,-0.238,0.354,1.888,2,-0.020,0.411,1.820,1,0.023,0.429,1.845,2,0.162,0.330,2.129,2,0.350,0.245,2.285,2,0.518,0.149,2.350,2,0.586,0.118,2.343,2,-0.075,-0.069,2.333,2,-0.082,-0.418,2.510,1,-0.089,-0.597,2.592,1,-0.098,-0.613,2.522,2,0.062,-0.062,2.326,2,0.050,-0.413,2.102,2,0.103,-0.735,2.086,2,0.027,-0.712,2.102,2,0.002,0.342,2.118,2,0.082,0.442,1.831,2,-0.008,0.461,1.877,2,0.644,0.095,2.337,2,0.564,0.099,2.363,0,0,0,0
2.499|kb,95616346582860000,6,25,0,1,72057594037972009,2,-0.006,-0.069,2.363,2,-0.005,0.149,2.239,2,-0.006,0.355,2.109,2,-0.011,0.480,2.035,2,-0.129,0.295,2.116,2,-0.203,0.332,1.887,2,-0.005,0.392,1.842,1,0.034,0.403,1.872,2,0.161,0.328,2.134,2,0.319,0.246,2.318,2,0.497,0.140,2.418,2,0.561,0.110,2.422,2,-0.075,-0.072,2.334,2,-0.077,-0.368,2.544,1,-0.077,-0.511,2.617,1,-0.089,-0.561,2.563,2,0.062,-0.067,2.336,2,0.048,-0.413,2.104,2,0.102,-0.723,2.087,2,0.027,-0.714,2.101,2,-0.006,0.305,2.143,2,0.101,0.444,1.877,2,0.062,0.397,1.912,2,0.632,0.083,2.451,2,0.528,0.119,2.437,0,0,0,0
2.522|kb,95616349990930000,6,25,0,1,72057594037972009,2,-0.005,-0.083,2.376,2,-0.007,0.129,2.254,2,-0.009,0.337,2.121,2,-0.016,0.468,2.053,2,-0.129,0.261,2.138,2,-0.165,0.329,1.879,2,0.028,0.376,1.868,1,0.047,0.388,1.910,2,0.150,0.315,2.183,2,0.313,0.235,2.365,2,0.465,0.136,2.475,2,0.532,0.105,2.488,2,-0.074,-0.087,2.344,2,-0.062,-0.374,2.598,1,-0.059,-0.525,2.676,2,-0.039,-0.631,2.572,2,0.065,-0.077,2.353,2,0.048,-0.413,2.106,2,0.098,-0.717,2.084,2,0.033,-0.723,2.104,2,-0.009,0.286,2.156,2,0.077,0.422,1.922,2,0.061,0.364,1.935,2,0.594,0.076,2.522,2,0.484,0.117,2.500,0,0,0,0
2.565|kb,95616353282590000,6,25,0,1,72057594037972009,2,-0.003,-0.098,2.402,2,-0.007,0.114,2.276,2,-0.011,0.321,2.141,2,-0.023,0.453,2.074,2,-0.132,0.246,2.156,2,-0.161,0.304,1.907,1,0.032,0.345,1.906,1,0.047,0.376,1.945,2,0.145,0.311,2.191,2,0.286,0.233,2.390,2,0.436,0.136,2.523,2,0.499,0.104,2.539,2,-0.073,-0.104,2.365,2,-0.055,-0.379,2.625,1,-0.051,-0.538,2.704,2,-0.035,-0.635,2.598,2,0.066,-0.090,2.383,2,0.047,-0.408,2.111,2,0.085,-0.709,2.065,2,0.036,-0.718,2.101,2,-0.010,0.270,2.176,2,0.073,0.408,1.951,2,0.059,0.355,1.958,2,0.555,0.074,2.562,2,0.454,0.125,2.554,0,0,0,0
2.589|kb,95616356582840000,6,25,0,1,72057594037972009,2,0.000,-0.110,2.420,2,-0.006,0.101,2.296,2,-0.012,0.307,2.162,2,-0.025,0.440,2.098,2,-0.130,0.235,2.174,2,-0.151,0.304,1.911,1,0.042,0.347,1.908,1,0.051,0.371,1.978,2,0.139,0.298,2.219,2,0.281,0.225,2.418,2,0.421,0.126,2.571,2,0.474,0.099,2.582,2,-0.070,-0.118,2.385,1,-0.046,-0.392,2.650,1,-0.040,-0.566,2.737,2,-0.029,-0.645,2.622,2,0.069,-0.099,2.399,2,0.046,-0.403,2.117,2,0.076,-0.703,2.059,2,0.032,-0.718,2.094,2,-0.011,0.256,2.197,2,0.076,0.403,1.989,2,0.044,0.343,1.968,2,0.533,0.066,2.609,2,0.448,0.113,2.588,0,0,0,0
2.632|kb,95616359991420000,6,25,0,1,72057594037972009,2,0.003,-0.126,2.449,2,-0.006,0.084,2.325,2,-0.015,0.290,2.191,2,-0.029,0.421,2.126,2,-0.130,0.211,2.213,2,-0.145,0.291,1.947,1,0.047,0.341,1.925,1,0.050,0.359,2.005,2,0.129,0.287,2.236,2,0.271,0.220,2.437,2,0.403,0.129,2.582,2,0.462,0.091,2.621,2,-0.068,-0.134,2.414,1,-0.045,-0.398,2.667,1,-0.040,-0.581,2.757,2,-0.030,-0.648,2.639,2,0.073,-0.114,2.427,2,0.045,-0.403,2.126,2,0.068,-0.699,2.054,2,0.023,-0.712,2.092,2,-0.012,0.239,2.227,2,0.071,0.382,2.012,2,0.045,0.335,1.991,2,0.521,0.061,2.649,2,0.408,0.093,2.628,0,0,0,0
2.655|kb,95616363285340000,6,25,0,1,72057594037972009,2,0.005,-0.135,2.465,2,-0.006,0.076,2.344,2,-0.017,0.282,2.215,2,-0.033,0.415,2.153,2,-0.128,0.205,2.229,2,-0.147,0.275,1.969,1,0.046,0.320,1.964,1,0.049,0.353,2.032,2,0.124,0.278,2.260,2,0.264,0.208,2.462,2,0.391,0.131,2.595,2,0.452,0.088,2.643,2,-0.065,-0.144,2.429,1,-0.042,-0.411,2.692,1,-0.039,-0.604,2.783,2,-0.029,-0.659,2.663,2,0.075,-0.123,2.444,2,0.046,-0.402,2.134,2,0.061,-0.727,2.046,1,0.076,-0.730,1.959,2,-0.014,0.231,2.249,2,0.072,0.383,2.048,2,0.047,0.326,2.028,2,0.515,0.052,2.675,2,0.454,0.113,2.647,0,0,0,0
2.699|kb,95616366583030000,6,25,0,1,72057594037972009,2,0.009,-0.141,2.479,2,-0.004,0.069,2.366,2,-0.019,0.276,2.246,2,-0.040,0.407,2.183,2,-0.134,0.201,2.257,2,-0.151,0.266,1.995,1,0.041,0.312,1.989,1,0.045,0.348,2.055,2,0.123,0.275,2.287,2,0.271,0.203,2.483,2,0.418,0.096,2.657,2,0.462,0.078,2.665,2,-0.062,-0.152,2.445,1,-0.043,-0.417,2.709,1,-0.041,-0.616,2.801,1,-0.030,-0.664,2.679,2,0.080,-0.128,2.456,2,0.083,-0.314,2.165,2,0.047,-0.686,2.054,2,0.071,-0.662,1.977,2,-0.015,0.225,2.278,2,0.067,0.377,2.070,2,0.045,0.321,2.056,2,0.517,0.041,2.686,2,0.469,0.095,2.666,0,0,0,0
2.722|kb,95616369991010000,6,25,0,1,72057594037972009,2,0.011,-0.145,2.487,2,-0.003,0.068,2.375,2,-0.018,0.276,2.253,2,-0.044,0.411,2.195,2,-0.134,0.200,2.263,2,-0.153,0.266,1.997,1,0.040,0.312,1.992,1,0.042,0.345,2.067,2,0.122,0.273,2.304,2,0.275,0.201,2.496,2,0.418,0.096,2.657,2,0.470,0.074,2.673,2,-0.060,-0.155,2.454,1,-0.042,-0.421,2.718,1,-0.040,-0.623,2.810,2,-0.031,-0.665,2.689,2,0.082,-0.131,2.465,2,0.064,-0.391,2.157,2,0.033,-0.725,2.065,2,-0.020,-0.659,1.998,2,-0.014,0.225,2.285,2,0.061,0.375,2.075,2,0.038,0.317,2.065,2,0.534,0.040,2.711,2,0.447,0.114,2.677,0,0,0,0
2.765|kb,95616373285570000,6,25,0,1,72057594037972009,2,0.011,-0.148,2.498,2,-0.002,0.067,2.396,2,-0.014,0.280,2.290,2,-0.046,0.409,2.227,2,-0.130,0.200,2.292,2,-0.148,0.267,2.023,1,0.044,0.313,2.018,1,0.042,0.350,2.087,2,0.121,0.275,2.320,2,0.277,0.200,2.509,2,0.425,0.095,2.662,2,0.478,0.072,2.676,2,-0.060,-0.158,2.464,1,-0.041,-0.423,2.726,1,-0.040,-0.625,2.817,1,-0.031,-0.667,2.696,2,0.081,-0.135,2.475,2,0.064,-0.391,2.159,2,0.034,-0.707,2.075,2,-0.015,-0.641,1.999,2,-0.011,0.227,2.318,2,0.058,0.376,2.089,2,0.041,0.324,2.083,2,0.537,0.042,2.710,2,0.471,0.105,2.676,0,0,0,0
2.789|kb,95616376582920000,6,25,0,1,72057594037972009,2,0.012,-0.149,2.504,2,-0.001,0.069,2.406,2,-0.014,0.284,2.300,2,-0.049,0.416,2.241,2,-0.130,0.200,2.302,2,-0.163,0.266,2.040,1,0.029,0.312,2.035,1,0.034,0.353,2.096,2,0.120,0.278,2.336,2,0.280,0.200,2.520,2,0.434,0.094,2.666,2,0.486,0.073,2.679,2,-0.059,-0.159,2.470,1,-0.040,-0.425,2.732,1,-0.040,-0.626,2.823,2,-0.030,-0.668,2.702,2,0.083,-0.135,2.481,2,0.066,-0.393,2.162,2,0.036,-0.695,2.080,2,-0.014,-0.640,2.000,2,-0.011,0.231,2.328,2,0.056,0.389,2.109,2,0.034,0.324,2.102,2,0.545,0.040,2.713,2,0.493,0.095,2.676,0,0,0,0
2.831|kb,95616379993290000,6,25,0,1,72057594037972009,2,0.013,-0.149,2.510,2,-0.001,0.072,2.415,2,-0.015,0.289,2.311,2,-0.049,0.420,2.251,2,-0.129,0.203,2.314,2,-0.169,0.269,2.059,1,0.024,0.314,2.054,1,0.032,0.358,2.107,2,0.120,0.281,2.345,2,0.283,0.202,2.527,2,0.440,0.094,2.667,2,0.492,0.075,2.675,2,-0.058,-0.159,2.476,2,-0.039,-0.377,2.648,1,-0.052,-0.549,2.751,1,-0.043,-0.605,2.645,2,0.084,-0.135,2.487,2,0.068,-0.395,2.167,2,0.039,-0.686,2.083,2,-0.017,-0.640,2.004,2,-0.011,0.235,2.339,2,0.057,0.395,2.126,2,0.032,0.330,2.114,2,0.551,0.038,2.698,2,0.483,0.094,2.676,0,0,0,0
2.854|kb,95616383285250000,6,25,0,1,72057594037972009,2,0.013,-0.147,2.515,2,-0.001,0.077,2.422,2,-0.015,0.298,2.320,2,-0.052,0.432,2.264,2,-0.129,0.206,2.323,2,-0.174,0.273,2.079,1,0.019,0.318,2.074,1,0.027,0.365,2.116,2,0.120,0.284,2.354,2,0.285,0.204,2.533,2,0.444,0.095,2.666,2,0.503,0.076,2.673,2,-0.058,-0.158,2.480,1,-0.039,-0.379,2.649,1,-0.051,-0.551,2.751,2,-0.038,-0.617,2.647,2,0.084,-0.133,2.492,2,0.069,-0.397,2.172,2,0.040,-0.678,2.085,2,-0.018,-0.633,2.006,2,-0.012,0.243,2.347,2,0.051,0.399,2.130,2,0.030,0.338,2.120,2,0.570,0.040,2.709,2,0.496,0.105,2.670,0,0,0,0
2.899|kb,95616386582890000,6,25,0,1,72057594037972009,2,0.012,-0.146,2.520,2,-0.002,0.078,2.424,2,-0.016,0.299,2.320,2,-0.051,0.435,2.267,2,-0.129,0.208,2.324,2,-0.181,0.274,2.080,2,-0.035,0.399,2.024,1,0.024,0.380,2.110,2,0.120,0.286,2.360,2,0.288,0.205,2.536,2,0.449,0.096,2.665,2,0.512,0.075,2.669,2,-0.059,-0.156,2.486,2,-0.043,-0.378,2.654,1,-0.055,-0.551,2.754,2,-0.040,-0.618,2.653,2,0.082,-0.133,2.498,2,0.069,-0.398,2.178,2,0.042,-0.689,2.078,2,-0.031,-0.691,2.076,2,-0.012,0.244,2.348,1,0.048,0.415,2.125,1,0.023,0.377,2.092,2,0.577,0.040,2.706,2,0.478,0.102,2.676,0,0,0,0
2.922|kb,95616389990830000,6,25,0,1,72057594037972009,2,0.010,-0.144,2.524,2,-0.004,0.085,2.434,2,-0.017,0.312,2.337,2,-0.053,0.444,2.278,2,-0.128,0.213,2.333,2,-0.178,0.283,2.084,2,0.003,0.341,2.131,1,0.043,0.391,2.144,2,0.120,0.290,2.365,2,0.291,0.208,2.539,2,0.456,0.097,2.663,2,0.516,0.077,2.662,2,-0.061,-0.153,2.490,2,-0.043,-0.382,2.664,1,-0.055,-0.555,2.763,2,-0.040,-0.621,2.663,2,0.080,-0.131,2.502,2,0.069,-0.397,2.185,2,0.044,-0.703,2.071,2,0.009,-0.717,2.097,2,-0.014,0.256,2.363,2,0.104,0.425,2.182,2,0.033,0.354,2.129,2,0.582,0.037,2.712,2,0.474,0.082,2.677,0,0,0,0
2.965|kb,95616393282870000,6,25,0,1,72057594037972009,2,0.009,-0.142,2.526,2,-0.005,0.089,2.438,2,-0.018,0.315,2.341,2,-0.054,0.448,2.283,2,-0.128,0.218,2.339,2,-0.174,0.294,2.104,1,-0.004,0.351,2.176,1,0.043,0.405,2.174,2,0.120,0.294,2.369,2,0.293,0.209,2.540,2,0.463,0.098,2.656,2,0.523,0.075,2.655,2,-0.062,-0.151,2.492,1,-0.043,-0.384,2.668,1,-0.055,-0.557,2.766,2,-0.039,-0.623,2.666,2,0.079,-0.129,2.504,2,0.070,-0.394,2.193,2,0.049,-0.709,2.069,2,0.040,-0.727,2.089,2,-0.015,0.259,2.367,2,0.098,0.422,2.196,2,0.106,0.428,2.172,2,0.587,0.037,2.705,2,0.529,0.086,2.666,0,0,0,0
2.995|kb,95616396582910000,6,25,0,1,72057594037972009,2,0.008,-0.140,2.528,2,-0.005,0.092,2.441,2,-0.017,0.321,2.345,2,-0.054,0.454,2.288,2,-0.128,0.224,2.344,2,-0.174,0.297,2.102,1,-0.002,0.354,2.171,1,0.048,0.407,2.170,2,0.120,0.296,2.371,2,0.295,0.210,2.541,2,0.466,0.097,2.653,2,0.522,0.075,2.646,2,-0.063,-0.149,2.494,2,-0.046,-0.386,2.685,1,-0.058,-0.561,2.786,2,-0.042,-0.624,2.683,2,0.078,-0.128,2.505,2,0.067,-0.405,2.194,2,0.056,-0.716,2.066,2,0.045,-0.715,2.118,2,-0.014,0.264,2.371,2,0.103,0.426,2.196,2,0.107,0.433,2.162,2,0.594,0.036,2.686,2,0.535,0.048,2.605,0,0,0,0
2.036|kb,95616399996700000,6,25,0,1,72057594037972009,2,0.006,-0.137,2.530,2,-0.005,0.097,2.445,2,-0.015,0.326,2.350,2,-0.054,0.459,2.293,2,-0.138,0.239,2.351,2,-0.175,0.299,2.102,1,-0.002,0.355,2.170,1,0.049,0.408,2.173,2,0.121,0.297,2.374,2,0.297,0.211,2.541,2,0.469,0.097,2.649,2,0.527,0.072,2.641,2,-0.064,-0.145,2.497,2,-0.041,-0.389,2.682,1,-0.052,-0.565,2.786,2,-0.036,-0.626,2.680,2,0.076,-0.126,2.507,2,0.067,-0.403,2.196,2,0.067,-0.716,2.072,2,0.035,-0.721,2.111,2,-0.013,0.270,2.376,2,0.102,0.426,2.197,2,-0.016,0.421,2.218,2,0.596,0.039,2.670,2,0.534,0.047,2.604,0,0,0,0
2.071|kb,95616403283700000,6,25,0,1,72057594037972009,2,0.004,-0.135,2.532,2,-0.006,0.099,2.447,2,-0.014,0.331,2.353,2,-0.055,0.463,2.296,2,-0.138,0.239,2.352,2,-0.177,0.301,2.105,1,-0.003,0.356,2.172,1,0.049,0.408,2.172,2,0.122,0.298,2.378,2,0.299,0.211,2.543,2,0.472,0.096,2.643,2,0.531,0.069,2.632,2,-0.066,-0.144,2.499,2,-0.041,-0.389,2.682,1,-0.096,-0.538,2.826,2,-0.081,-0.635,2.736,2,0.074,-0.124,2.510,2,0.066,-0.406,2.196,2,0.073,-0.718,2.075,2,0.035,-0.719,2.117,2,-0.012,0.274,2.379,2,0.103,0.427,2.199,2,-0.017,0.421,2.220,2,0.592,0.033,2.654,2,0.532,0.048,2.593,0,0,0,0
2.101|kb,95616406583310000,6,25,0,1,72057594037972009,2,0.003,-0.134,2.534,2,-0.006,0.101,2.450,2,-0.014,0.332,2.357,2,-0.055,0.464,2.299,2,-0.138,0.239,2.353,2,-0.178,0.302,2.106,1,-0.004,0.357,2.172,1,0.049,0.408,2.171,2,0.122,0.300,2.381,2,0.302,0.211,2.542,2,0.474,0.095,2.637,2,0.532,0.067,2.625,2,-0.067,-0.142,2.501,2,-0.052,-0.389,2.693,1,-0.106,-0.534,2.832,2,-0.103,-0.607,2.737,2,0.072,-0.123,2.511,2,0.063,-0.410,2.197,2,0.077,-0.718,2.078,2,0.029,-0.715,2.121,2,-0.012,0.275,2.382,2,0.102,0.428,2.199,2,-0.016,0.422,2.222,2,0.597,0.031,2.646,2,0.531,0.049,2.589,0,0,0,0
2.124|kb,95616409991120000,6,25,0,1,72057594037972009,2,0.001,-0.132,2.538,2,-0.007,0.101,2.451,2,-0.015,0.332,2.357,2,-0.056,0.467,2.303,2,-0.138,0.240,2.354,2,-0.179,0.305,2.114,1,-0.004,0.359,2.178,1,0.047,0.408,2.173,2,0.123,0.302,2.384,2,0.304,0.210,2.543,2,0.475,0.094,2.633,2,0.534,0.065,2.624,2,-0.069,-0.140,2.504,2,-0.058,-0.389,2.689,1,-0.110,-0.534,2.825,2,-0.113,-0.608,2.732,2,0.070,-0.121,2.514,2,0.062,-0.410,2.198,2,0.080,-0.714,2.082,2,0.028,-0.713,2.122,2,-0.013,0.275,2.382,2,0.101,0.428,2.200,2,-0.018,0.422,2.222,2,0.602,0.025,2.656,2,0.530,0.047,2.586,0,0,0,0
2.165|kb,95616413284230000,6,25,0,1,72057594037972009,2,0.000,-0.132,2.539,2,-0.008,0.102,2.452,2,-0.016,0.332,2.357,2,-0.056,0.468,2.305,2,-0.139,0.240,2.356,2,-0.180,0.306,2.117,1,-0.004,0.360,2.181,1,0.049,0.410,2.176,2,0.123,0.303,2.386,2,0.305,0.210,2.544,2,0.476,0.092,2.630,2,0.538,0.061,2.620,2,-0.069,-0.139,2.506,2,-0.057,-0.389,2.687,1,-0.107,-0.534,2.821,2,-0.117,-0.600,2.728,2,0.069,-0.121,2.516,2,0.061,-0.411,2.200,2,0.081,-0.711,2.087,2,0.027,-0.715,2.121,2,-0.014,0.275,2.382,2,0.100,0.429,2.199,2,-0.017,0.425,2.234,2,0.602,0.034,2.636,2,0.536,0.040,2.585,0,0,0,0
2.188|kb,95616416582900000,6,25,0,1,72057594037972009,2,-0.001,-0.131,2.540,2,-0.009,0.102,2.453,2,-0.016,0.331,2.357,2,-0.057,0.469,2.307,2,-0.141,0.243,2.357,2,-0.180,0.307,2.119,1,-0.005,0.360,2.183,1,0.049,0.410,2.177,2,0.123,0.304,2.388,2,0.306,0.210,2.544,2,0.475,0.091,2.627,2,0.534,0.059,2.617,2,-0.071,-0.138,2.508,2,-0.052,-0.389,2.685,2,-0.142,-0.677,2.441,2,-0.092,-0.675,2.373,2,0.069,-0.120,2.516,2,0.061,-0.411,2.201,2,0.081,-0.707,2.089,2,0.026,-0.714,2.122,2,-0.014,0.275,2.383,2,0.101,0.428,2.203,2,-0.015,0.425,2.235,2,0.605,0.027,2.644,2,0.539,0.034,2.580,0,0,0,0
2.232|kb,95616419991600000,6,25,0,1,72057594037972009,2,-0.001,-0.131,2.541,2,-0.009,0.102,2.454,2,-0.017,0.331,2.358,2,-0.057,0.470,2.309,2,-0.140,0.242,2.361,2,-0.181,0.307,2.122,1,-0.005,0.361,2.185,1,0.049,0.410,2.178,2,0.123,0.305,2.390,2,0.306,0.210,2.545,2,0.475,0.091,2.627,2,0.535,0.058,2.620,2,-0.071,-0.138,2.509,2,-0.051,-0.390,2.686,2,-0.142,-0.662,2.378,2,-0.101,-0.576,2.319,2,0.068,-0.120,2.517,2,0.060,-0.411,2.202,2,0.080,-0.705,2.093,2,0.023,-0.718,2.118,2,-0.015,0.275,2.384,2,0.101,0.431,2.200,2,0.056,0.408,2.211,2,0.602,0.030,2.644,2,0.533,0.037,2.584,0,0,0,0
2.256|kb,95616423282830000,6,25,0,1,72057594037972009,2,-0.002,-0.130,2.542,2,-0.010,0.103,2.454,2,-0.017,0.332,2.359,2,-0.058,0.472,2.312,2,-0.139,0.242,2.363,2,-0.182,0.308,2.125,1,-0.005,0.361,2.186,1,0.048,0.412,2.180,2,0.123,0.306,2.391,2,0.307,0.210,2.545,2,0.475,0.091,2.626,2,0.533,0.059,2.620,2,-0.071,-0.138,2.510,2,-0.051,-0.390,2.686,2,-0.146,-0.596,2.302,1,-0.104,-0.501,2.276,2,0.068,-0.120,2.517,2,0.060,-0.411,2.202,2,0.080,-0.704,2.093,2,0.022,-0.718,2.117,2,-0.015,0.275,2.384,2,0.102,0.429,2.206,2,0.054,0.414,2.214,2,0.595,0.019,2.636,2,0.530,0.040,2.584,0,0,0,0
2.298|kb,95616426583130000,6,25,0,1,72057594037972009,2,-0.002,-0.130,2.542,2,-0.010,0.106,2.458,2,-0.016,0.339,2.368,2,-0.058,0.475,2.315,2,-0.141,0.246,2.367,2,-0.183,0.309,2.126,1,-0.006,0.362,2.187,1,0.046,0.412,2.181,2,0.123,0.308,2.392,2,0.307,0.210,2.545,2,0.475,0.090,2.626,2,0.535,0.059,2.621,2,-0.072,-0.136,2.511,2,-0.050,-0.390,2.689,1,-0.145,-0.595,2.298,2,-0.135,-0.542,2.248,2,0.068,-0.120,2.517,2,0.061,-0.411,2.202,2,0.080,-0.703,2.094,2,0.023,-0.718,2.119,2,-0.015,0.282,2.392,2,0.102,0.432,2.206,2,0.027,0.413,2.226,2,0.601,0.024,2.640,2,0.531,0.039,2.585,0,0,0,0
2.321|kb,95616429990810000,6,25,0,1,72057594037972009,2,-0.002,-0.130,2.542,2,-0.010,0.107,2.459,2,-0.016,0.343,2.369,2,-0.059,0.477,2.315,2,-0.139,0.245,2.369,2,-0.183,0.310,2.126,1,-0.006,0.363,2.186,1,0.047,0.413,2.181,2,0.122,0.308,2.393,2,0.307,0.210,2.545,2,0.462,0.101,2.618,2,0.530,0.064,2.624,2,-0.072,-0.136,2.512,2,-0.049,-0.390,2.689,1,-0.140,-0.592,2.263,2,-0.147,-0.510,2.218,2,0.068,-0.120,2.517,2,0.060,-0.411,2.202,2,0.078,-0.702,2.094,2,0.020,-0.717,2.120,2,-0.014,0.284,2.393,2,0.100,0.433,2.204,2,-0.021,0.427,2.236,2,0.596,0.024,2.641,2,0.534,0.040,2.587,0,0,0,0
2.365|kb,95616433282640000,6,25,0,1,72057594037972009,2,-0.002,-0.128,2.544,2,-0.011,0.110,2.460,2,-0.018,0.344,2.369,2,-0.059,0.479,2.315,2,-0.140,0.247,2.371,2,-0.184,0.311,2.127,1,-0.006,0.363,2.186,1,0.047,0.414,2.182,2,0.122,0.310,2.394,2,0.307,0.210,2.545,2,0.456,0.108,2.614,2,0.525,0.067,2.624,2,-0.072,-0.135,2.512,2,-0.049,-0.390,2.689,2,0.001,-0.619,2.236,2,0.006,-0.616,2.242,2,0.067,-0.117,2.519,2,0.060,-0.409,2.205,2,0.077,-0.701,2.096,2,0.021,-0.722,2.114,2,-0.016,0.286,2.394,2,0.102,0.433,2.206,2,-0.021,0.427,2.235,2,0.591,0.025,2.639,2,0.526,0.041,2.596,0,0,0,0
2.388|kb,95616436582800000,6,25,0,1,72057594037972009,2,-0.002,-0.126,2.544,2,-0.010,0.111,2.461,2,-0.018,0.345,2.370,2,-0.059,0.480,2.316,2,-0.141,0.248,2.371,2,-0.184,0.311,2.130,1,-0.005,0.364,2.186,1,0.047,0.415,2.178,2,0.122,0.310,2.394,2,0.307,0.211,2.545,2,0.456,0.109,2.614,2,0.525,0.070,2.624,2,-0.072,-0.134,2.513,2,-0.048,-0.390,2.690,2,-0.013,-0.667,2.251,2,-0.011,-0.651,2.262,2,0.067,-0.116,2.520,2,0.061,-0.409,2.206,2,0.076,-0.702,2.096,2,0.022,-0.725,2.112,2,-0.016,0.287,2.395,2,0.102,0.433,2.205,2,0.042,0.414,2.214,2,0.595,0.025,2.650,2,0.533,0.041,2.589,0,0,0,0
2.432|kb,95616439991470000,6,25,0,1,72057594037972009,2,-0.003,-0.125,2.546,2,-0.010,0.111,2.462,2,-0.018,0.342,2.369,2,-0.059,0.479,2.317,2,-0.140,0.249,2.369,2,-0.184,0.311,2.130,1,-0.005,0.364,2.187,1,0.046,0.415,2.179,2,0.122,0.312,2.395,2,0.307,0.212,2.546,2,0.469,0.100,2.622,2,0.534,0.067,2.626,2,-0.072,-0.133,2.514,2,-0.047,-0.390,2.693,1,-0.007,-0.663,2.261,2,-0.010,-0.650,2.264,2,0.067,-0.115,2.522,2,0.061,-0.407,2.208,2,0.075,-0.702,2.096,2,0.024,-0.727,2.110,2,-0.016,0.286,2.394,2,0.104,0.436,2.204,2,-0.021,0.427,2.233,2,0.598,0.030,2.648,2,0.531,0.043,2.590,0,0,0,0
