0.000|kb,95478903221990000,6,25,1,72057594037964220,2,-0.135,-0.152,2.663,2,-0.162,0.103,2.532,2,-0.188,0.352,2.389,2,-0.197,0.472,2.300,2,-0.296,0.272,2.423,2,-0.378,0.195,2.223,2,-0.339,0.303,2.162,2,-0.308,0.367,2.140,2,-0.025,0.284,2.379,2,0.082,0.145,2.233,2,-0.010,0.275,2.167,2,-0.048,0.331,2.143,2,-0.215,-0.154,2.632,2,-0.442,-0.305,2.455,2,-0.491,-0.710,2.498,2,-0.490,-0.722,2.380,2,-0.052,-0.146,2.626,2,0.181,-0.272,2.429,2,0.296,-0.697,2.460,2,0.269,-0.712,2.344,2,-0.182,0.291,2.427,2,-0.286,0.438,2.110,2,-0.282,0.376,2.162,2,-0.057,0.400,2.108,2,-0.075,0.352,2.163,0,0,0,0,0
0.046|kb,95478906516380000,6,25,1,72057594037964220,2,-0.135,-0.152,2.662,2,-0.162,0.103,2.532,2,-0.187,0.352,2.389,2,-0.195,0.472,2.298,2,-0.296,0.272,2.422,2,-0.378,0.194,2.222,2,-0.338,0.302,2.161,2,-0.306,0.366,2.136,2,-0.025,0.283,2.379,2,0.083,0.145,2.233,1,-0.040,0.320,2.150,2,-0.046,0.331,2.142,2,-0.215,-0.155,2.632,2,-0.442,-0.305,2.454,2,-0.492,-0.710,2.498,2,-0.490,-0.722,2.380,2,-0.051,-0.146,2.625,2,0.181,-0.272,2.429,2,0.296,-0.698,2.460,2,0.269,-0.713,2.343,2,-0.181,0.291,2.427,2,-0.285,0.437,2.105,2,-0.279,0.382,2.162,2,-0.059,0.400,2.105,2,-0.071,0.353,2.164,0,0,0,0,0
0.411|kb,95478943229110000,6,25,1,72057594037964220,2,-0.133,-0.156,2.658,2,-0.156,0.099,2.525,2,-0.177,0.347,2.381,2,-0.188,0.467,2.288,2,-0.295,0.264,2.416,2,-0.372,0.186,2.214,2,-0.322,0.302,2.146,2,-0.290,0.364,2.121,2,-0.022,0.277,2.380,2,0.092,0.141,2.237,1,-0.028,0.317,2.152,2,-0.042,0.344,2.145,2,-0.213,-0.158,2.626,2,-0.441,-0.305,2.447,2,-0.491,-0.707,2.495,2,-0.487,-0.720,2.376,2,-0.049,-0.150,2.622,2,0.185,-0.272,2.425,2,0.295,-0.698,2.462,2,0.271,-0.714,2.345,2,-0.172,0.286,2.419,2,-0.273,0.436,2.098,2,-0.265,0.375,2.139,2,-0.061,0.400,2.101,2,-0.057,0.363,2.186,0,0,0,0,0
0.441|kb,95478946515940000,6,25,1,72057594037964220,2,-0.133,-0.156,2.658,2,-0.155,0.099,2.523,2,-0.175,0.350,2.373,2,-0.188,0.467,2.288,2,-0.295,0.264,2.416,2,-0.372,0.186,2.214,2,-0.276,0.358,2.114,2,-0.289,0.366,2.123,2,-0.022,0.277,2.380,2,0.092,0.141,2.237,1,-0.028,0.316,2.152,2,-0.036,0.323,2.144,2,-0.213,-0.158,2.626,2,-0.441,-0.306,2.447,2,-0.491,-0.707,2.495,2,-0.487,-0.721,2.377,2,-0.049,-0.150,2.622,2,0.185,-0.272,2.425,2,0.295,-0.699,2.461,2,0.271,-0.715,2.345,2,-0.171,0.288,2.413,2,-0.274,0.436,2.098,2,-0.260,0.380,2.136,2,-0.054,0.393,2.100,2,-0.059,0.350,2.178,0,0,0,0,0
0.464|kb,95478949815850000,6,25,1,72057594037964220,2,-0.133,-0.157,2.657,2,-0.155,0.099,2.523,2,-0.175,0.350,2.373,2,-0.188,0.467,2.288,2,-0.295,0.265,2.416,2,-0.372,0.187,2.214,2,-0.275,0.358,2.113,2,-0.289,0.365,2.122,2,-0.022,0.277,2.380,2,0.091,0.141,2.236,1,-0.028,0.315,2.152,2,-0.037,0.321,2.140,2,-0.214,-0.158,2.625,2,-0.442,-0.306,2.447,2,-0.491,-0.707,2.495,2,-0.487,-0.721,2.377,2,-0.050,-0.151,2.621,2,0.185,-0.272,2.425,2,0.296,-0.700,2.462,2,0.272,-0.716,2.345,2,-0.170,0.288,2.413,2,-0.273,0.436,2.097,2,-0.261,0.388,2.140,2,-0.060,0.392,2.099,2,-0.062,0.339,2.161,0,0,0,0,0
0.506|kb,95478953223610000,6,25,1,72057594037964220,2,-0.134,-0.157,2.657,2,-0.155,0.098,2.522,2,-0.174,0.347,2.373,2,-0.188,0.466,2.287,2,-0.295,0.263,2.414,2,-0.373,0.186,2.211,2,-0.274,0.358,2.114,2,-0.289,0.367,2.122,2,-0.025,0.267,2.374,2,0.096,0.136,2.232,1,-0.028,0.314,2.151,2,-0.039,0.320,2.139,2,-0.214,-0.159,2.625,2,-0.442,-0.306,2.446,2,-0.491,-0.707,2.495,2,-0.489,-0.721,2.377,2,-0.050,-0.152,2.621,2,0.186,-0.272,2.424,2,0.295,-0.700,2.462,2,0.269,-0.716,2.345,2,-0.170,0.286,2.413,2,-0.273,0.436,2.100,2,-0.261,0.382,2.140,2,-0.064,0.391,2.098,2,-0.060,0.341,2.171,0,0,0,0,0
0.529|kb,95478956515830000,6,25,1,72057594037964220,2,-0.133,-0.158,2.657,2,-0.155,0.097,2.522,2,-0.174,0.346,2.373,2,-0.189,0.466,2.287,2,-0.295,0.263,2.413,2,-0.373,0.186,2.211,2,-0.274,0.359,2.114,2,-0.281,0.401,2.129,2,-0.025,0.269,2.374,2,0.094,0.133,2.235,1,-0.026,0.310,2.151,2,-0.045,0.334,2.140,2,-0.214,-0.159,2.625,2,-0.442,-0.306,2.446,2,-0.491,-0.707,2.495,2,-0.489,-0.721,2.377,2,-0.050,-0.152,2.620,2,0.186,-0.272,2.423,2,0.296,-0.700,2.462,2,0.270,-0.717,2.345,2,-0.169,0.285,2.413,2,-0.255,0.453,2.091,2,-0.237,0.457,2.156,2,-0.065,0.391,2.095,2,-0.060,0.356,2.187,0,0,0,0,0
0.574|kb,95478959823180000,6,25,1,72057594037964220,2,-0.134,-0.158,2.656,2,-0.155,0.096,2.522,2,-0.174,0.344,2.374,2,-0.189,0.465,2.286,2,-0.295,0.263,2.413,2,-0.359,0.218,2.197,2,-0.257,0.388,2.099,2,-0.264,0.433,2.133,2,-0.025,0.269,2.374,2,0.094,0.132,2.236,1,-0.026,0.308,2.151,2,-0.042,0.313,2.141,2,-0.214,-0.159,2.625,2,-0.442,-0.306,2.446,2,-0.491,-0.707,2.495,2,-0.489,-0.721,2.377,2,-0.050,-0.153,2.620,2,0.186,-0.272,2.423,2,0.296,-0.700,2.462,2,0.270,-0.717,2.345,2,-0.169,0.283,2.413,2,-0.209,0.485,2.153,2,-0.241,0.437,2.149,2,-0.065,0.384,2.095,2,-0.063,0.347,2.180,0,0,0,0,0
0.598|kb,95478963223890000,6,25,1,72057594037964220,2,-0.134,-0.159,2.655,2,-0.155,0.096,2.521,2,-0.173,0.344,2.373,2,-0.190,0.465,2.286,2,-0.295,0.264,2.413,2,-0.371,0.196,2.207,2,-0.270,0.368,2.110,1,-0.278,0.413,2.131,2,-0.025,0.269,2.374,2,0.094,0.131,2.238,1,-0.027,0.305,2.151,2,-0.043,0.309,2.138,2,-0.214,-0.160,2.625,2,-0.443,-0.306,2.446,2,-0.491,-0.707,2.495,2,-0.489,-0.721,2.377,2,-0.051,-0.155,2.617,2,0.186,-0.272,2.422,2,0.295,-0.699,2.461,2,0.270,-0.716,2.345,2,-0.169,0.283,2.413,2,-0.249,0.456,2.108,2,-0.233,0.445,2.151,2,-0.065,0.379,2.093,2,-0.062,0.347,2.179,0,0,0,0,0
0.640|kb,95478966526700000,6,25,1,72057594037964220,2,-0.135,-0.159,2.655,2,-0.156,0.096,2.521,2,-0.176,0.345,2.375,2,-0.191,0.464,2.286,2,-0.295,0.264,2.414,2,-0.373,0.195,2.208,2,-0.326,0.307,2.148,2,-0.295,0.372,2.130,2,-0.025,0.270,2.374,2,0.094,0.128,2.241,1,-0.027,0.302,2.151,2,-0.048,0.322,2.142,2,-0.214,-0.160,2.625,2,-0.443,-0.306,2.446,2,-0.491,-0.707,2.496,2,-0.489,-0.722,2.377,2,-0.052,-0.155,2.617,2,0.186,-0.273,2.421,2,0.295,-0.700,2.461,2,0.270,-0.717,2.344,2,-0.171,0.284,2.414,2,-0.270,0.443,2.101,2,-0.262,0.388,2.156,2,-0.068,0.374,2.093,2,-0.068,0.333,2.169,0,0,0,0,0
0.662|kb,95478969814260000,6,25,1,72057594037964220,2,-0.141,-0.164,2.653,2,-0.159,0.094,2.520,2,-0.177,0.344,2.375,2,-0.194,0.462,2.286,2,-0.296,0.264,2.414,2,-0.374,0.195,2.209,2,-0.326,0.315,2.149,2,-0.298,0.378,2.134,2,-0.026,0.270,2.373,2,0.093,0.125,2.245,2,0.003,0.256,2.171,2,-0.046,0.298,2.141,2,-0.218,-0.162,2.625,2,-0.445,-0.309,2.444,2,-0.491,-0.707,2.496,2,-0.490,-0.722,2.377,2,-0.062,-0.163,2.612,2,0.184,-0.272,2.422,2,0.294,-0.698,2.459,2,0.269,-0.715,2.342,2,-0.172,0.283,2.413,2,-0.272,0.450,2.102,2,-0.267,0.397,2.168,2,-0.067,0.362,2.095,2,-0.068,0.311,2.164,0,0,0,0,0
0.700|kb,95478973224590000,6,25,1,72057594037964220,2,-0.141,-0.164,2.654,2,-0.160,0.093,2.520,2,-0.179,0.344,2.374,2,-0.200,0.461,2.286,2,-0.296,0.264,2.414,2,-0.384,0.193,2.214,2,-0.283,0.365,2.119,2,-0.303,0.387,2.145,2,-0.035,0.265,2.368,2,0.094,0.121,2.248,2,0.003,0.240,2.171,2,-0.047,0.280,2.139,2,-0.219,-0.163,2.626,2,-0.446,-0.309,2.445,2,-0.491,-0.707,2.496,2,-0.493,-0.722,2.378,2,-0.061,-0.163,2.612,2,0.181,-0.273,2.419,2,0.294,-0.698,2.456,2,0.265,-0.716,2.340,2,-0.174,0.282,2.412,2,-0.281,0.458,2.119,2,-0.259,0.410,2.193,2,-0.065,0.345,2.086,2,-0.063,0.310,2.172,0,0,0,0,0
0.739|kb,95478976515860000,6,25,1,72057594037964220,2,-0.146,-0.167,2.653,2,-0.167,0.092,2.518,2,-0.189,0.345,2.372,2,-0.212,0.462,2.288,2,-0.297,0.265,2.415,2,-0.389,0.219,2.210,1,-0.276,0.441,2.109,1,-0.243,0.483,2.175,2,-0.042,0.263,2.364,2,0.093,0.118,2.253,2,0.001,0.231,2.171,2,-0.051,0.269,2.135,2,-0.223,-0.164,2.627,2,-0.448,-0.311,2.444,2,-0.491,-0.708,2.496,2,-0.495,-0.723,2.378,2,-0.066,-0.166,2.610,2,0.176,-0.275,2.414,2,0.293,-0.698,2.456,2,0.262,-0.717,2.339,2,-0.183,0.282,2.410,2,-0.220,0.524,2.170,2,-0.206,0.450,2.158,2,-0.071,0.332,2.099,2,-0.074,0.302,2.165,0,0,0,0,0
0.762|kb,95478979813330000,6,25,1,72057594037964220,2,-0.153,-0.167,2.652,2,-0.176,0.093,2.518,2,-0.198,0.348,2.371,2,-0.231,0.465,2.292,2,-0.309,0.267,2.422,2,-0.440,0.171,2.262,2,-0.270,0.409,2.215,1,-0.261,0.459,2.206,2,-0.086,0.258,2.340,2,0.080,0.128,2.265,2,-0.005,0.217,2.173,2,-0.056,0.247,2.127,2,-0.228,-0.163,2.629,2,-0.451,-0.312,2.444,2,-0.491,-0.709,2.497,2,-0.509,-0.723,2.383,2,-0.075,-0.168,2.607,2,0.166,-0.273,2.408,2,0.290,-0.695,2.447,2,0.246,-0.715,2.335,2,-0.193,0.285,2.410,2,-0.222,0.536,2.178,2,-0.216,0.428,2.174,2,-0.075,0.313,2.086,2,-0.078,0.281,2.153,0,0,0,0,0
0.800|kb,95478983223540000,6,25,1,72057594037964220,2,-0.157,-0.166,2.651,2,-0.185,0.098,2.517,2,-0.213,0.357,2.371,2,-0.247,0.470,2.300,2,-0.313,0.274,2.423,2,-0.456,0.170,2.282,2,-0.278,0.399,2.224,1,-0.264,0.443,2.216,2,-0.084,0.259,2.342,2,0.075,0.119,2.269,1,-0.054,0.230,2.120,2,-0.065,0.228,2.115,2,-0.233,-0.160,2.632,2,-0.453,-0.314,2.449,2,-0.491,-0.709,2.499,2,-0.508,-0.723,2.384,2,-0.081,-0.168,2.601,2,0.158,-0.277,2.401,2,0.282,-0.689,2.441,2,0.238,-0.710,2.328,2,-0.206,0.293,2.409,2,-0.227,0.515,2.167,2,-0.224,0.412,2.196,2,-0.083,0.294,2.065,2,-0.095,0.274,2.144,0,0,0,0,0
0.849|kb,95478986515710000,6,25,1,72057594037964220,2,-0.163,-0.162,2.648,2,-0.191,0.096,2.515,2,-0.221,0.347,2.369,2,-0.265,0.477,2.309,2,-0.360,0.297,2.441,2,-0.488,0.142,2.342,2,-0.353,0.397,2.278,1,-0.334,0.441,2.246,2,-0.110,0.281,2.319,2,0.035,0.124,2.252,2,-0.034,0.187,2.154,2,-0.085,0.219,2.095,2,-0.235,-0.158,2.632,2,-0.455,-0.315,2.453,2,-0.491,-0.710,2.500,2,-0.517,-0.723,2.390,2,-0.091,-0.163,2.593,2,0.144,-0.280,2.392,2,0.274,-0.681,2.437,2,0.221,-0.705,2.329,2,-0.214,0.286,2.407,2,-0.306,0.510,2.215,2,-0.270,0.389,2.211,2,-0.101,0.283,2.045,2,-0.115,0.274,2.132,0,0,0,0,0
0.874|kb,95478989815530000,6,25,1,72057594037964220,2,-0.166,-0.159,2.644,2,-0.203,0.108,2.511,2,-0.244,0.377,2.370,2,-0.282,0.485,2.318,2,-0.356,0.296,2.442,1,-0.506,0.152,2.364,1,-0.378,0.371,2.350,1,-0.368,0.413,2.302,2,-0.107,0.293,2.310,2,0.046,0.097,2.272,2,-0.061,0.186,2.126,2,-0.111,0.219,2.068,2,-0.235,-0.156,2.631,2,-0.458,-0.315,2.458,2,-0.491,-0.712,2.502,2,-0.518,-0.723,2.392,2,-0.096,-0.159,2.587,2,0.132,-0.286,2.384,2,0.269,-0.677,2.437,2,0.215,-0.705,2.328,2,-0.234,0.310,2.407,2,-0.353,0.486,2.286,2,-0.350,0.385,2.416,2,-0.126,0.281,2.011,2,-0.137,0.272,2.095,0,0,0,0,0
0.896|kb,95478993223850000,6,25,1,72057594037964220,2,-0.169,-0.156,2.639,2,-0.212,0.115,2.510,2,-0.258,0.384,2.374,2,-0.300,0.491,2.330,2,-0.363,0.300,2.454,1,-0.529,0.161,2.436,1,-0.387,0.377,2.366,1,-0.386,0.417,2.321,2,-0.109,0.297,2.304,2,0.009,0.079,2.276,2,-0.124,0.203,2.058,2,-0.147,0.230,2.031,2,-0.236,-0.154,2.629,2,-0.463,-0.314,2.464,2,-0.491,-0.714,2.505,2,-0.522,-0.723,2.396,2,-0.100,-0.155,2.580,2,0.121,-0.292,2.376,2,0.261,-0.673,2.436,2,0.204,-0.706,2.329,2,-0.247,0.318,2.410,2,-0.373,0.490,2.293,2,-0.385,0.478,2.290,2,-0.159,0.295,1.975,2,-0.178,0.249,2.051,0,0,0,0,0
0.940|kb,95478996521410000,6,25,1,72057594037964220,2,-0.170,-0.154,2.638,2,-0.224,0.123,2.513,2,-0.287,0.399,2.384,2,-0.322,0.504,2.338,2,-0.381,0.310,2.455,1,-0.535,0.158,2.455,1,-0.411,0.355,2.422,1,-0.389,0.380,2.409,2,-0.119,0.308,2.288,2,-0.058,0.133,2.148,2,-0.192,0.222,1.992,2,-0.188,0.246,1.985,2,-0.236,-0.152,2.628,2,-0.466,-0.313,2.469,2,-0.491,-0.715,2.508,2,-0.526,-0.723,2.401,2,-0.101,-0.153,2.579,2,0.112,-0.296,2.370,2,0.256,-0.672,2.437,2,0.198,-0.708,2.331,2,-0.271,0.331,2.418,2,-0.391,0.422,2.318,2,-0.326,0.359,2.391,2,-0.194,0.314,1.937,2,-0.217,0.270,1.995,0,0,0,0,0
0.965|kb,95478999815760000,6,25,1,72057594037964220,2,-0.172,-0.151,2.636,2,-0.229,0.155,2.490,2,-0.281,0.453,2.329,2,-0.378,0.551,2.320,2,-0.410,0.297,2.519,1,-0.551,0.151,2.426,1,-0.421,0.335,2.471,1,-0.407,0.361,2.478,2,-0.151,0.333,2.308,2,-0.108,0.150,2.080,2,-0.236,0.243,1.922,2,-0.238,0.271,1.927,2,-0.236,-0.151,2.625,2,-0.470,-0.312,2.474,2,-0.492,-0.719,2.512,2,-0.531,-0.727,2.410,2,-0.106,-0.145,2.580,2,0.101,-0.296,2.371,2,0.250,-0.669,2.436,2,0.189,-0.710,2.335,2,-0.268,0.381,2.370,2,-0.387,0.406,2.491,2,-0.416,0.335,2.487,2,-0.240,0.340,1.887,2,-0.266,0.289,1.931,0,0,0,0,0
1.006|kb,95479003222410000,6,25,1,72057594037964220,2,-0.169,-0.161,2.638,2,-0.228,0.149,2.491,2,-0.281,0.450,2.331,2,-0.379,0.557,2.337,2,-0.409,0.288,2.522,1,-0.564,0.148,2.448,1,-0.410,0.384,2.439,1,-0.437,0.431,2.353,2,-0.152,0.331,2.313,2,-0.166,0.178,2.047,2,-0.281,0.246,1.867,2,-0.288,0.273,1.876,2,-0.233,-0.165,2.628,2,-0.477,-0.309,2.474,2,-0.494,-0.721,2.515,2,-0.533,-0.729,2.412,2,-0.102,-0.154,2.582,2,0.099,-0.301,2.362,2,0.243,-0.667,2.436,2,0.184,-0.709,2.334,2,-0.269,0.377,2.373,2,-0.432,0.476,2.344,2,-0.432,0.474,2.335,2,-0.300,0.336,1.855,2,-0.312,0.267,1.845,0,0,0,0,0
1.035|kb,95479006513430000,6,25,1,72057594037964220,2,-0.169,-0.163,2.639,2,-0.230,0.148,2.492,2,-0.290,0.449,2.332,2,-0.379,0.561,2.334,2,-0.416,0.284,2.520,1,-0.565,0.131,2.464,1,-0.410,0.381,2.441,1,-0.408,0.397,2.368,2,-0.155,0.324,2.320,2,-0.215,0.215,2.048,2,-0.320,0.260,1.855,2,-0.354,0.310,1.815,2,-0.234,-0.166,2.629,2,-0.480,-0.307,2.477,2,-0.494,-0.720,2.516,2,-0.532,-0.729,2.413,2,-0.100,-0.157,2.582,2,0.097,-0.304,2.360,2,0.237,-0.665,2.437,2,0.180,-0.709,2.334,2,-0.275,0.375,2.374,2,-0.414,0.408,2.340,1,-0.401,0.389,2.358,2,-0.364,0.381,1.774,2,-0.374,0.294,1.780,0,0,0,0,0
1.073|kb,95479009814410000,6,25,1,72057594037964220,2,-0.169,-0.164,2.639,2,-0.235,0.146,2.493,2,-0.310,0.448,2.334,2,-0.416,0.551,2.353,2,-0.419,0.279,2.521,1,-0.553,0.108,2.508,1,-0.410,0.362,2.458,1,-0.438,0.409,2.364,2,-0.165,0.315,2.332,2,-0.250,0.268,2.123,2,-0.331,0.261,1.858,2,-0.399,0.308,1.785,2,-0.234,-0.167,2.630,2,-0.482,-0.307,2.481,2,-0.496,-0.720,2.519,2,-0.533,-0.729,2.415,2,-0.100,-0.157,2.581,2,0.096,-0.307,2.359,2,0.234,-0.664,2.437,2,0.179,-0.709,2.334,2,-0.291,0.374,2.376,2,-0.450,0.450,2.362,2,-0.418,0.382,2.338,2,-0.407,0.349,1.744,2,-0.422,0.299,1.752,0,0,0,0,0
1.095|kb,95479013221230000,6,25,1,72057594037964220,2,-0.170,-0.166,2.638,2,-0.246,0.144,2.492,2,-0.331,0.448,2.337,2,-0.424,0.562,2.351,2,-0.428,0.262,2.530,1,-0.567,0.096,2.501,1,-0.418,0.347,2.461,1,-0.453,0.415,2.370,2,-0.168,0.311,2.335,2,-0.288,0.289,2.089,2,-0.400,0.288,1.826,2,-0.462,0.351,1.745,2,-0.235,-0.169,2.631,2,-0.484,-0.308,2.483,2,-0.498,-0.721,2.521,2,-0.533,-0.731,2.417,2,-0.100,-0.160,2.576,2,0.099,-0.310,2.356,2,0.233,-0.664,2.438,2,0.179,-0.710,2.334,2,-0.310,0.373,2.378,2,-0.457,0.431,2.364,1,-0.442,0.402,2.344,2,-0.467,0.403,1.724,2,-0.478,0.324,1.725,0,0,0,0,0
1.139|kb,95479016514000000,6,25,1,72057594037964220,2,-0.168,-0.168,2.637,2,-0.248,0.144,2.492,2,-0.332,0.449,2.338,2,-0.437,0.554,2.354,2,-0.429,0.261,2.530,1,-0.566,0.092,2.505,1,-0.418,0.345,2.463,1,-0.413,0.411,2.459,2,-0.171,0.309,2.336,2,-0.305,0.301,2.114,2,-0.379,0.283,1.902,2,-0.499,0.354,1.732,2,-0.235,-0.172,2.630,2,-0.487,-0.308,2.485,2,-0.499,-0.722,2.522,2,-0.535,-0.732,2.418,2,-0.098,-0.162,2.574,2,0.100,-0.311,2.354,2,0.233,-0.664,2.438,2,0.179,-0.710,2.334,2,-0.312,0.373,2.378,1,-0.417,0.427,2.453,1,-0.402,0.398,2.433,2,-0.506,0.416,1.684,2,-0.533,0.385,1.730,0,0,0,0,0
1.163|kb,95479019813660000,6,25,1,72057594037964220,2,-0.166,-0.175,2.637,2,-0.249,0.142,2.493,2,-0.334,0.449,2.338,2,-0.446,0.547,2.358,2,-0.431,0.259,2.530,1,-0.564,0.088,2.511,1,-0.419,0.342,2.466,1,-0.413,0.407,2.462,2,-0.197,0.292,2.345,2,-0.314,0.313,2.112,2,-0.407,0.315,1.906,2,-0.518,0.353,1.729,2,-0.234,-0.179,2.634,2,-0.488,-0.306,2.484,2,-0.501,-0.730,2.523,2,-0.520,-0.745,2.464,2,-0.091,-0.170,2.570,2,0.106,-0.317,2.346,2,0.232,-0.664,2.438,2,0.176,-0.711,2.336,2,-0.313,0.373,2.379,1,-0.417,0.424,2.456,1,-0.403,0.396,2.435,2,-0.534,0.420,1.668,2,-0.553,0.389,1.727,0,0,0,0,0
1.207|kb,95479023221850000,6,25,1,72057594037964220,2,-0.165,-0.176,2.635,2,-0.249,0.142,2.493,2,-0.335,0.450,2.339,2,-0.453,0.540,2.361,2,-0.432,0.258,2.530,1,-0.561,0.083,2.517,2,-0.468,0.322,2.364,1,-0.437,0.429,2.300,2,-0.198,0.291,2.346,2,-0.319,0.313,2.115,2,-0.414,0.314,1.905,2,-0.530,0.349,1.730,2,-0.233,-0.180,2.632,2,-0.490,-0.306,2.486,2,-0.502,-0.735,2.524,2,-0.523,-0.745,2.462,2,-0.091,-0.170,2.569,2,0.106,-0.316,2.345,2,0.232,-0.663,2.438,2,0.176,-0.710,2.336,2,-0.314,0.374,2.379,2,-0.411,0.447,2.286,2,-0.408,0.407,2.274,2,-0.546,0.414,1.665,2,-0.566,0.385,1.729,0,0,0,0,0
1.229|kb,95479026513340000,6,25,1,72057594037964220,2,-0.166,-0.170,2.630,2,-0.252,0.144,2.491,2,-0.338,0.450,2.339,2,-0.459,0.537,2.362,2,-0.433,0.257,2.530,1,-0.561,0.081,2.517,1,-0.468,0.320,2.364,1,-0.439,0.425,2.297,2,-0.199,0.290,2.346,2,-0.321,0.313,2.116,2,-0.419,0.313,1.904,2,-0.535,0.345,1.729,2,-0.232,-0.173,2.613,2,-0.493,-0.310,2.491,2,-0.502,-0.739,2.525,2,-0.525,-0.745,2.460,2,-0.096,-0.161,2.571,2,0.100,-0.312,2.349,2,0.232,-0.663,2.437,2,0.176,-0.711,2.335,2,-0.316,0.374,2.379,2,-0.411,0.440,2.282,2,-0.408,0.408,2.273,2,-0.555,0.409,1.662,2,-0.571,0.379,1.730,0,0,0,0,0
1.274|kb,95479029820300000,6,25,1,72057594037964220,2,-0.168,-0.165,2.626,2,-0.254,0.145,2.490,2,-0.340,0.450,2.339,2,-0.462,0.535,2.362,2,-0.434,0.255,2.530,1,-0.558,0.077,2.518,1,-0.468,0.317,2.365,1,-0.439,0.423,2.296,2,-0.200,0.288,2.346,2,-0.323,0.312,2.116,2,-0.422,0.312,1.904,2,-0.537,0.341,1.732,2,-0.232,-0.166,2.621,2,-0.486,-0.309,2.491,2,-0.503,-0.741,2.524,2,-0.527,-0.745,2.457,2,-0.103,-0.152,2.553,2,0.102,-0.313,2.350,2,0.232,-0.663,2.437,2,0.177,-0.711,2.335,2,-0.319,0.375,2.379,2,-0.416,0.440,2.278,2,-0.407,0.406,2.275,2,-0.558,0.403,1.665,2,-0.574,0.374,1.733,0,0,0,0,0
1.298|kb,95479033221400000,6,25,1,72057594037964220,2,-0.167,-0.168,2.628,2,-0.257,0.144,2.490,2,-0.349,0.449,2.340,2,-0.468,0.536,2.359,2,-0.435,0.254,2.529,1,-0.557,0.074,2.518,1,-0.468,0.314,2.365,1,-0.438,0.421,2.294,2,-0.200,0.288,2.346,2,-0.322,0.307,2.112,2,-0.431,0.287,1.868,2,-0.531,0.339,1.739,2,-0.232,-0.172,2.619,2,-0.489,-0.309,2.489,2,-0.503,-0.742,2.524,2,-0.527,-0.745,2.456,2,-0.095,-0.162,2.571,2,0.102,-0.309,2.348,2,0.233,-0.663,2.436,2,0.178,-0.711,2.334,2,-0.326,0.373,2.380,2,-0.424,0.438,2.275,2,-0.407,0.401,2.275,2,-0.552,0.398,1.679,2,-0.566,0.367,1.737,0,0,0,0,0
1.340|kb,95479036517840000,6,25,1,72057594037964220,2,-0.166,-0.174,2.630,2,-0.259,0.141,2.491,2,-0.352,0.447,2.340,2,-0.470,0.537,2.358,2,-0.439,0.246,2.529,1,-0.564,0.068,2.516,1,-0.472,0.308,2.364,1,-0.443,0.413,2.300,2,-0.200,0.287,2.346,2,-0.315,0.293,2.076,2,-0.440,0.288,1.852,2,-0.523,0.350,1.756,2,-0.233,-0.179,2.620,2,-0.492,-0.309,2.487,2,-0.503,-0.743,2.524,2,-0.527,-0.745,2.456,2,-0.093,-0.165,2.573,2,0.105,-0.308,2.348,2,0.233,-0.663,2.436,2,0.180,-0.711,2.333,2,-0.329,0.372,2.380,2,-0.427,0.431,2.272,2,-0.413,0.391,2.273,2,-0.546,0.402,1.695,2,-0.549,0.351,1.755,0,0,0,0,0
1.363|kb,95479039813610000,6,25,1,72057594037964220,2,-0.166,-0.174,2.630,2,-0.260,0.140,2.490,2,-0.353,0.446,2.339,2,-0.471,0.534,2.353,2,-0.441,0.241,2.527,1,-0.566,0.064,2.508,1,-0.474,0.305,2.358,1,-0.444,0.406,2.299,2,-0.197,0.285,2.345,2,-0.288,0.262,2.053,2,-0.414,0.289,1.870,2,-0.500,0.369,1.789,2,-0.234,-0.179,2.623,2,-0.491,-0.309,2.484,2,-0.503,-0.743,2.524,2,-0.526,-0.745,2.455,2,-0.095,-0.166,2.566,2,0.111,-0.309,2.349,2,0.234,-0.663,2.436,2,0.182,-0.711,2.332,2,-0.330,0.371,2.379,2,-0.427,0.423,2.265,2,-0.413,0.385,2.271,2,-0.529,0.428,1.736,2,-0.507,0.348,1.758,0,0,0,0,0
1.406|kb,95479043221410000,6,25,1,72057594037964220,2,-0.165,-0.174,2.630,2,-0.260,0.140,2.490,2,-0.353,0.444,2.338,2,-0.467,0.534,2.343,2,-0.442,0.240,2.523,1,-0.564,0.060,2.502,1,-0.473,0.302,2.352,1,-0.479,0.362,2.335,2,-0.197,0.285,2.344,2,-0.262,0.266,2.051,2,-0.409,0.313,1.890,2,-0.473,0.424,1.843,2,-0.233,-0.180,2.624,2,-0.489,-0.308,2.481,2,-0.502,-0.743,2.524,2,-0.522,-0.748,2.458,2,-0.093,-0.165,2.566,2,0.119,-0.304,2.353,2,0.238,-0.665,2.437,2,0.187,-0.711,2.333,2,-0.330,0.369,2.378,2,-0.444,0.418,2.264,2,-0.416,0.398,2.252,2,-0.497,0.484,1.805,2,-0.469,0.391,1.783,0,0,0,0,0
1.429|kb,95479046513410000,6,25,1,72057594037964220,2,-0.165,-0.174,2.630,2,-0.259,0.139,2.490,2,-0.350,0.443,2.338,2,-0.402,0.555,2.304,2,-0.442,0.241,2.522,1,-0.536,0.044,2.513,1,-0.458,0.288,2.359,1,-0.484,0.333,2.350,2,-0.192,0.287,2.341,2,-0.215,0.238,2.048,2,-0.387,0.354,1.942,2,-0.414,0.402,1.927,2,-0.233,-0.180,2.624,2,-0.488,-0.308,2.476,2,-0.502,-0.744,2.524,2,-0.520,-0.750,2.459,2,-0.094,-0.165,2.566,2,0.127,-0.298,2.359,2,0.242,-0.667,2.438,2,0.190,-0.711,2.332,2,-0.328,0.368,2.378,2,-0.499,0.374,2.334,2,-0.449,0.337,2.332,2,-0.440,0.470,1.893,2,-0.418,0.391,1.854,0,0,0,0,0
1.466|kb,95479049823970000,6,25,1,72057594037964220,2,-0.166,-0.174,2.630,2,-0.257,0.139,2.491,2,-0.338,0.441,2.339,2,-0.386,0.556,2.306,2,-0.439,0.243,2.521,1,-0.532,0.046,2.509,2,-0.479,0.279,2.351,1,-0.479,0.347,2.340,2,-0.183,0.291,2.339,2,-0.174,0.230,2.076,2,-0.338,0.360,2.009,2,-0.357,0.400,2.004,2,-0.234,-0.179,2.624,2,-0.485,-0.309,2.470,2,-0.502,-0.744,2.524,2,-0.519,-0.750,2.459,2,-0.094,-0.165,2.568,2,0.131,-0.295,2.364,2,0.245,-0.669,2.437,2,0.193,-0.709,2.331,2,-0.319,0.367,2.379,2,-0.492,0.406,2.319,2,-0.443,0.384,2.337,2,-0.378,0.469,2.001,2,-0.369,0.388,1.964,0,0,0,0,0
1.506|kb,95479053221820000,6,25,1,72057594037964220,2,-0.165,-0.168,2.625,2,-0.254,0.139,2.491,2,-0.330,0.434,2.346,2,-0.384,0.515,2.287,2,-0.435,0.248,2.517,1,-0.522,0.051,2.469,2,-0.477,0.300,2.327,2,-0.471,0.360,2.316,2,-0.164,0.329,2.291,2,-0.156,0.226,2.084,2,-0.308,0.379,2.066,2,-0.315,0.439,2.079,2,-0.228,-0.173,2.612,2,-0.480,-0.308,2.466,2,-0.502,-0.745,2.522,2,-0.519,-0.752,2.457,2,-0.096,-0.159,2.566,2,0.137,-0.290,2.373,2,0.249,-0.670,2.436,2,0.193,-0.707,2.332,2,-0.312,0.362,2.384,2,-0.458,0.423,2.271,2,-0.441,0.376,2.332,2,-0.349,0.516,2.114,2,-0.324,0.397,2.039,0,0,0,0,0
1.529|kb,95479056513170000,6,25,1,72057594037964220,2,-0.158,-0.147,2.614,2,-0.247,0.137,2.492,2,-0.314,0.407,2.363,2,-0.364,0.490,2.295,2,-0.431,0.254,2.510,1,-0.500,0.046,2.497,2,-0.470,0.286,2.321,2,-0.462,0.346,2.303,2,-0.142,0.360,2.249,2,-0.098,0.193,2.099,2,-0.259,0.401,2.115,1,-0.287,0.469,2.154,2,-0.218,-0.155,2.603,2,-0.466,-0.306,2.466,2,-0.502,-0.746,2.519,2,-0.517,-0.753,2.453,2,-0.094,-0.135,2.557,2,0.139,-0.286,2.384,2,0.256,-0.672,2.436,2,0.198,-0.705,2.333,2,-0.298,0.343,2.395,2,-0.475,0.410,2.270,2,-0.428,0.370,2.311,2,-0.334,0.524,2.178,2,-0.319,0.431,2.194,0,0,0,0,0
1.574|kb,95479059823950000,6,25,1,72057594037964220,2,-0.156,-0.140,2.614,2,-0.224,0.126,2.495,2,-0.274,0.363,2.368,2,-0.337,0.484,2.284,2,-0.405,0.280,2.451,2,-0.512,0.090,2.432,2,-0.458,0.310,2.297,2,-0.447,0.348,2.290,2,-0.101,0.357,2.264,2,-0.071,0.181,2.122,1,-0.240,0.418,2.142,1,-0.270,0.500,2.177,2,-0.219,-0.147,2.600,2,-0.458,-0.309,2.462,2,-0.501,-0.739,2.511,2,-0.525,-0.740,2.398,2,-0.089,-0.127,2.559,2,0.146,-0.281,2.391,2,0.260,-0.672,2.437,2,0.212,-0.701,2.327,2,-0.259,0.303,2.403,2,-0.449,0.417,2.246,2,-0.413,0.342,2.369,2,-0.317,0.556,2.174,2,-0.310,0.474,2.163,0,0,0,0,0
1.598|kb,95479063221790000,6,25,1,72057594037964220,2,-0.150,-0.130,2.618,2,-0.215,0.125,2.495,2,-0.268,0.363,2.365,2,-0.305,0.483,2.274,2,-0.401,0.280,2.446,2,-0.491,0.082,2.465,2,-0.445,0.296,2.285,2,-0.432,0.334,2.277,2,-0.096,0.357,2.269,2,-0.031,0.170,2.158,2,-0.198,0.403,2.156,1,-0.225,0.480,2.179,2,-0.217,-0.142,2.601,2,-0.451,-0.309,2.458,2,-0.497,-0.729,2.504,2,-0.519,-0.736,2.391,2,-0.077,-0.113,2.570,2,0.147,-0.279,2.399,2,0.264,-0.674,2.438,2,0.218,-0.701,2.328,2,-0.255,0.304,2.400,2,-0.428,0.401,2.229,2,-0.403,0.354,2.302,2,-0.266,0.542,2.170,2,-0.235,0.453,2.196,0,0,0,0,0
1.639|kb,95479066515840000,6,25,1,72057594037964220,2,-0.137,-0.123,2.620,2,-0.181,0.126,2.488,2,-0.219,0.363,2.339,2,-0.278,0.481,2.268,2,-0.364,0.283,2.398,2,-0.497,0.111,2.402,2,-0.434,0.280,2.262,2,-0.416,0.313,2.265,2,-0.050,0.357,2.305,2,-0.026,0.175,2.169,1,-0.186,0.401,2.159,1,-0.209,0.474,2.177,2,-0.210,-0.138,2.598,2,-0.444,-0.306,2.456,2,-0.494,-0.722,2.501,2,-0.495,-0.734,2.383,2,-0.058,-0.105,2.578,2,0.154,-0.281,2.402,2,0.267,-0.675,2.438,2,0.240,-0.699,2.323,2,-0.208,0.305,2.378,2,-0.404,0.382,2.212,2,-0.386,0.323,2.321,2,-0.246,0.536,2.159,2,-0.242,0.430,2.169,0,0,0,0,0
1.662|kb,95479069813440000,6,25,1,72057594037964220,2,-0.131,-0.122,2.624,2,-0.173,0.125,2.489,2,-0.211,0.362,2.339,2,-0.252,0.478,2.264,2,-0.361,0.282,2.396,2,-0.495,0.111,2.380,2,-0.419,0.266,2.239,2,-0.398,0.296,2.251,2,-0.049,0.356,2.306,2,0.012,0.167,2.197,2,-0.137,0.373,2.164,1,-0.166,0.453,2.173,2,-0.206,-0.137,2.596,2,-0.440,-0.305,2.455,2,-0.491,-0.718,2.499,2,-0.491,-0.732,2.382,2,-0.050,-0.103,2.589,2,0.158,-0.279,2.407,2,0.272,-0.680,2.439,2,0.245,-0.701,2.325,2,-0.201,0.304,2.378,2,-0.382,0.366,2.200,2,-0.373,0.323,2.300,2,-0.199,0.513,2.171,2,-0.190,0.428,2.193,0,0,0,0,0
1.699|kb,95479073221980000,6,25,1,72057594037964220,2,-0.127,-0.124,2.626,2,-0.161,0.120,2.491,2,-0.190,0.355,2.342,2,-0.228,0.475,2.256,2,-0.327,0.279,2.372,2,-0.474,0.119,2.333,2,-0.382,0.267,2.193,2,-0.378,0.275,2.226,2,-0.027,0.337,2.328,2,0.019,0.162,2.190,2,-0.127,0.370,2.162,1,-0.152,0.445,2.172,2,-0.203,-0.138,2.594,2,-0.436,-0.306,2.451,2,-0.486,-0.710,2.492,2,-0.477,-0.725,2.374,2,-0.045,-0.106,2.595,2,0.163,-0.279,2.408,2,0.280,-0.689,2.436,2,0.261,-0.706,2.320,2,-0.183,0.297,2.381,2,-0.359,0.345,2.171,2,-0.355,0.299,2.259,2,-0.179,0.507,2.157,2,-0.160,0.426,2.200,0,0,0,0,0
1.739|kb,95479076513420000,6,25,1,72057594037964220,2,-0.122,-0.125,2.629,2,-0.148,0.117,2.494,2,-0.170,0.353,2.344,2,-0.210,0.471,2.256,2,-0.320,0.279,2.369,2,-0.467,0.118,2.337,2,-0.368,0.262,2.198,2,-0.359,0.263,2.215,2,-0.021,0.334,2.334,2,0.049,0.158,2.208,1,-0.121,0.394,2.156,1,-0.171,0.495,2.161,2,-0.200,-0.138,2.594,2,-0.432,-0.306,2.445,2,-0.484,-0.708,2.490,2,-0.473,-0.723,2.372,2,-0.039,-0.109,2.603,2,0.168,-0.278,2.411,2,0.284,-0.691,2.438,2,0.266,-0.706,2.323,2,-0.165,0.295,2.384,2,-0.344,0.326,2.161,2,-0.339,0.301,2.264,2,-0.213,0.554,2.141,2,-0.205,0.458,2.126,0,0,0,0,0
1.761|kb,95479079816280000,6,25,1,72057594037964220,2,-0.119,-0.127,2.630,2,-0.139,0.116,2.493,2,-0.155,0.353,2.341,2,-0.188,0.470,2.257,2,-0.304,0.278,2.366,2,-0.453,0.088,2.377,2,-0.332,0.277,2.275,2,-0.331,0.281,2.240,2,-0.008,0.332,2.344,2,0.071,0.157,2.223,1,-0.104,0.388,2.165,1,-0.129,0.459,2.173,2,-0.197,-0.140,2.591,2,-0.427,-0.306,2.438,2,-0.481,-0.700,2.483,2,-0.465,-0.714,2.366,2,-0.035,-0.111,2.606,2,0.173,-0.278,2.413,2,0.288,-0.695,2.444,2,0.274,-0.708,2.328,2,-0.151,0.294,2.382,2,-0.327,0.316,2.153,2,-0.323,0.328,2.229,2,-0.165,0.528,2.140,2,-0.161,0.411,2.157,0,0,0,0,0
1.799|kb,95479083222470000,6,25,1,72057594037964220,2,-0.115,-0.130,2.631,2,-0.128,0.114,2.493,2,-0.135,0.354,2.341,2,-0.166,0.470,2.258,2,-0.287,0.280,2.358,2,-0.451,0.089,2.380,2,-0.315,0.279,2.275,2,-0.308,0.282,2.250,2,0.008,0.326,2.355,2,0.079,0.155,2.223,1,-0.055,0.355,2.184,1,-0.083,0.427,2.184,2,-0.194,-0.142,2.589,2,-0.421,-0.306,2.427,2,-0.479,-0.698,2.482,2,-0.459,-0.713,2.364,2,-0.032,-0.115,2.608,2,0.179,-0.280,2.416,2,0.290,-0.696,2.446,2,0.279,-0.708,2.330,2,-0.134,0.295,2.381,2,-0.316,0.300,2.165,2,-0.309,0.310,2.198,2,-0.102,0.490,2.171,2,-0.104,0.400,2.210,0,0,0,0,0
1.839|kb,95479086513700000,6,25,1,72057594037964220,2,-0.111,-0.131,2.631,2,-0.118,0.114,2.493,2,-0.123,0.354,2.342,2,-0.140,0.472,2.262,2,-0.272,0.285,2.351,1,-0.431,0.125,2.372,2,-0.314,0.254,2.197,1,-0.315,0.264,2.190,2,0.023,0.333,2.358,2,0.092,0.154,2.235,1,-0.051,0.361,2.186,1,-0.072,0.426,2.189,2,-0.189,-0.142,2.586,2,-0.412,-0.307,2.417,2,-0.475,-0.695,2.480,2,-0.452,-0.712,2.361,2,-0.028,-0.117,2.610,2,0.183,-0.282,2.419,2,0.292,-0.699,2.448,2,0.283,-0.710,2.332,2,-0.122,0.295,2.382,2,-0.298,0.298,2.158,2,-0.292,0.280,2.200,2,-0.086,0.494,2.171,2,-0.074,0.407,2.218,0,0,0,0,0
1.861|kb,95479089813480000,6,25,1,72057594037964220,2,-0.103,-0.132,2.631,2,-0.116,0.114,2.493,2,-0.123,0.354,2.343,2,-0.115,0.477,2.265,2,-0.263,0.287,2.347,2,-0.409,0.128,2.303,2,-0.294,0.275,2.182,1,-0.302,0.260,2.187,2,0.023,0.334,2.357,2,0.122,0.154,2.263,1,-0.032,0.367,2.202,1,-0.051,0.420,2.200,2,-0.180,-0.144,2.583,2,-0.401,-0.304,2.405,2,-0.469,-0.687,2.474,2,-0.445,-0.709,2.355,2,-0.022,-0.118,2.612,2,0.186,-0.287,2.421,2,0.294,-0.700,2.451,2,0.287,-0.710,2.335,2,-0.122,0.295,2.382,2,-0.283,0.301,2.155,2,-0.273,0.277,2.200,2,-0.057,0.487,2.184,2,-0.047,0.420,2.233,0,0,0,0,0
1.899|kb,95479093221800000,6,25,1,72057594037964220,2,-0.102,-0.133,2.630,2,-0.095,0.116,2.493,2,-0.070,0.364,2.347,2,-0.087,0.483,2.270,2,-0.253,0.288,2.342,2,-0.403,0.139,2.272,2,-0.263,0.286,2.182,1,-0.281,0.272,2.173,2,0.041,0.340,2.363,2,0.135,0.153,2.279,1,-0.016,0.369,2.216,1,-0.033,0.413,2.208,2,-0.178,-0.144,2.579,2,-0.393,-0.304,2.393,2,-0.463,-0.682,2.470,2,-0.436,-0.707,2.351,2,-0.021,-0.119,2.612,2,0.187,-0.290,2.425,2,0.298,-0.705,2.461,2,0.295,-0.716,2.345,2,-0.075,0.303,2.386,2,-0.262,0.311,2.133,2,-0.252,0.301,2.199,2,-0.048,0.449,2.188,2,-0.014,0.453,2.237,0,0,0,0,0
1.939|kb,95479096513710000,6,25,1,72057594037964220,2,-0.101,-0.133,2.630,2,-0.090,0.118,2.494,2,-0.068,0.365,2.348,2,-0.057,0.487,2.276,2,-0.241,0.286,2.337,2,-0.403,0.147,2.279,2,-0.263,0.249,2.137,1,-0.262,0.266,2.139,2,0.060,0.339,2.377,2,0.163,0.152,2.312,2,0.059,0.330,2.234,1,0.007,0.406,2.213,2,-0.177,-0.143,2.577,2,-0.385,-0.303,2.381,2,-0.456,-0.679,2.464,2,-0.424,-0.708,2.346,2,-0.021,-0.119,2.613,2,0.188,-0.293,2.430,2,0.297,-0.703,2.460,2,0.299,-0.714,2.345,2,-0.073,0.304,2.387,2,-0.243,0.325,2.099,2,-0.235,0.282,2.148,2,-0.042,0.451,2.176,2,0.046,0.444,2.177,0,0,0,0,0
1.963|kb,95479099813490000,6,25,1,72057594037964220,2,-0.101,-0.133,2.630,2,-0.080,0.122,2.496,2,-0.053,0.372,2.352,2,-0.032,0.494,2.284,2,-0.211,0.280,2.329,2,-0.353,0.194,2.173,2,-0.201,0.294,2.043,1,-0.207,0.349,2.062,2,0.064,0.340,2.381,2,0.184,0.157,2.346,2,0.078,0.324,2.247,1,0.065,0.355,2.259,2,-0.176,-0.143,2.576,2,-0.377,-0.305,2.374,2,-0.451,-0.677,2.461,2,-0.414,-0.709,2.343,2,-0.020,-0.119,2.614,2,0.190,-0.297,2.437,2,0.298,-0.705,2.460,2,0.305,-0.713,2.346,2,-0.060,0.310,2.390,2,-0.195,0.357,2.045,2,-0.199,0.349,2.063,2,0.023,0.415,2.250,2,0.059,0.392,2.195,0,0,0,0,0
2.006|kb,95479103221900000,6,25,1,72057594037964220,2,-0.101,-0.133,2.630,2,-0.075,0.124,2.498,2,-0.043,0.377,2.356,2,-0.008,0.497,2.294,2,-0.188,0.274,2.327,2,-0.330,0.204,2.162,2,-0.181,0.264,2.006,2,-0.175,0.337,2.026,2,0.076,0.334,2.402,2,0.202,0.155,2.372,2,0.101,0.324,2.270,1,0.077,0.380,2.270,2,-0.176,-0.142,2.576,2,-0.371,-0.306,2.369,2,-0.446,-0.675,2.458,2,-0.402,-0.710,2.343,2,-0.020,-0.120,2.615,2,0.192,-0.299,2.444,2,0.298,-0.706,2.463,2,0.312,-0.712,2.352,2,-0.051,0.315,2.394,2,-0.149,0.385,1.986,2,-0.157,0.345,2.045,2,0.048,0.439,2.266,2,0.087,0.408,2.210,0,0,0,0,0
2.029|kb,95479106513220000,6,25,1,72057594037964220,2,-0.101,-0.134,2.630,2,-0.075,0.124,2.498,2,-0.043,0.378,2.356,2,0.013,0.500,2.304,2,-0.170,0.264,2.325,2,-0.299,0.220,2.074,2,-0.132,0.306,1.947,2,-0.121,0.347,1.939,2,0.081,0.328,2.417,2,0.220,0.158,2.388,2,0.121,0.334,2.295,1,0.090,0.406,2.285,2,-0.176,-0.142,2.576,2,-0.367,-0.306,2.363,2,-0.444,-0.673,2.456,2,-0.394,-0.710,2.344,2,-0.022,-0.123,2.619,2,0.194,-0.299,2.449,2,0.298,-0.705,2.463,2,0.318,-0.709,2.354,2,-0.051,0.315,2.394,2,-0.085,0.415,1.907,2,-0.099,0.357,1.972,2,0.073,0.466,2.273,2,0.106,0.401,2.226,0,0,0,0,0
2.066|kb,95479109817490000,6,25,1,72057594037964220,2,-0.101,-0.138,2.633,2,-0.048,0.117,2.517,2,0.019,0.371,2.392,2,0.050,0.504,2.321,2,-0.140,0.250,2.329,2,-0.217,0.285,2.050,2,-0.095,0.299,1.861,2,-0.078,0.329,1.858,2,0.091,0.315,2.456,1,0.242,0.158,2.413,1,0.125,0.340,2.316,1,0.099,0.406,2.310,2,-0.175,-0.144,2.576,2,-0.365,-0.304,2.359,2,-0.442,-0.675,2.457,2,-0.382,-0.713,2.352,2,-0.026,-0.130,2.626,2,0.196,-0.297,2.456,2,0.298,-0.703,2.464,2,0.329,-0.704,2.363,2,0.004,0.308,2.427,2,-0.068,0.382,1.823,2,-0.039,0.361,1.869,2,0.090,0.471,2.291,2,0.126,0.410,2.241,0,0,0,0,0
2.106|kb,95479113221790000,6,25,1,72057594037964220,2,-0.102,-0.141,2.635,2,-0.046,0.116,2.519,2,0.020,0.371,2.394,2,0.068,0.499,2.345,2,-0.144,0.251,2.331,2,-0.172,0.262,2.026,2,-0.047,0.329,1.814,2,-0.007,0.366,1.779,2,0.093,0.313,2.461,1,0.247,0.159,2.428,1,0.128,0.343,2.330,1,0.106,0.409,2.324,2,-0.175,-0.146,2.575,2,-0.366,-0.303,2.356,2,-0.441,-0.675,2.457,2,-0.381,-0.714,2.352,2,-0.028,-0.133,2.631,2,0.198,-0.296,2.460,2,0.297,-0.703,2.464,2,0.327,-0.702,2.363,2,0.005,0.308,2.428,2,0.014,0.432,1.749,2,0.031,0.395,1.796,2,0.108,0.478,2.304,2,0.144,0.423,2.261,0,0,0,0,0
2.129|kb,95479116513830000,6,25,1,72057594037964220,2,-0.104,-0.142,2.635,2,-0.044,0.116,2.520,2,0.023,0.372,2.395,2,0.068,0.499,2.347,2,-0.143,0.250,2.332,2,-0.120,0.292,2.029,2,0.003,0.347,1.783,2,0.056,0.397,1.725,2,0.095,0.313,2.462,1,0.247,0.157,2.463,1,0.127,0.344,2.352,1,0.123,0.394,2.332,2,-0.176,-0.148,2.573,2,-0.367,-0.302,2.353,2,-0.441,-0.674,2.457,2,-0.381,-0.714,2.352,2,-0.030,-0.135,2.633,2,0.199,-0.295,2.465,2,0.297,-0.705,2.466,2,0.327,-0.702,2.366,2,0.007,0.309,2.429,2,0.071,0.458,1.681,2,0.095,0.431,1.738,2,0.114,0.463,2.331,2,0.141,0.407,2.310,0,0,0,0,0
2.173|kb,95479119825720000,6,25,1,72057594037964220,2,-0.112,-0.141,2.633,2,-0.045,0.116,2.516,2,0.025,0.369,2.382,2,0.071,0.499,2.349,2,-0.139,0.257,2.330,2,-0.082,0.306,2.033,2,0.051,0.368,1.770,2,0.103,0.420,1.696,2,0.097,0.315,2.465,2,0.203,0.148,2.542,1,0.124,0.310,2.412,1,0.101,0.347,2.415,2,-0.184,-0.145,2.565,2,-0.371,-0.305,2.346,2,-0.440,-0.674,2.456,2,-0.381,-0.716,2.354,2,-0.039,-0.135,2.634,2,0.195,-0.291,2.469,2,0.298,-0.707,2.465,2,0.328,-0.704,2.368,2,0.008,0.306,2.418,2,0.111,0.480,1.644,2,0.143,0.452,1.697,2,0.119,0.436,2.348,2,0.120,0.347,2.444,0,0,0,0,0
2.197|kb,95479123221680000,6,25,1,72057594037964220,2,-0.113,-0.140,2.632,2,-0.041,0.118,2.518,2,0.047,0.374,2.399,2,0.112,0.489,2.373,2,-0.130,0.270,2.326,2,-0.056,0.373,2.068,2,0.055,0.367,1.787,2,0.128,0.424,1.692,2,0.101,0.312,2.468,2,0.201,0.142,2.547,1,0.123,0.306,2.416,1,0.103,0.348,2.420,2,-0.185,-0.143,2.563,2,-0.372,-0.304,2.345,2,-0.440,-0.673,2.455,2,-0.380,-0.716,2.353,2,-0.041,-0.135,2.633,2,0.194,-0.292,2.471,2,0.298,-0.709,2.465,2,0.328,-0.704,2.369,2,0.024,0.311,2.430,2,0.130,0.480,1.631,2,0.170,0.452,1.688,2,0.070,0.383,2.426,2,0.086,0.367,2.446,0,0,0,0,0
2.240|kb,95479126518550000,6,25,1,72057594037964220,2,-0.114,-0.130,2.626,2,-0.009,0.129,2.562,2,0.094,0.371,2.492,2,0.124,0.495,2.398,2,-0.105,0.289,2.317,2,-0.029,0.357,2.087,2,0.071,0.379,1.817,2,0.147,0.426,1.695,2,0.122,0.300,2.489,1,0.189,0.114,2.566,1,0.111,0.307,2.423,1,0.095,0.349,2.437,2,-0.180,-0.126,2.554,2,-0.368,-0.302,2.351,2,-0.439,-0.672,2.454,1,-0.375,-0.711,2.352,2,-0.045,-0.128,2.629,2,0.190,-0.291,2.474,2,0.298,-0.711,2.466,2,0.333,-0.701,2.369,2,0.069,0.312,2.511,2,0.153,0.484,1.635,2,0.186,0.451,1.691,2,0.073,0.385,2.432,2,0.081,0.349,2.458,0,0,0,0,0
2.262|kb,95479129813380000,6,25,1,72057594037964220,2,-0.114,-0.130,2.625,2,-0.009,0.129,2.562,2,0.094,0.371,2.492,2,0.126,0.496,2.400,2,-0.111,0.285,2.321,2,-0.030,0.354,2.092,2,0.075,0.377,1.824,2,0.156,0.423,1.700,2,0.123,0.298,2.490,1,0.174,0.112,2.575,1,0.104,0.301,2.431,1,0.092,0.343,2.462,2,-0.180,-0.126,2.555,2,-0.367,-0.301,2.349,2,-0.439,-0.671,2.453,1,-0.376,-0.711,2.349,2,-0.045,-0.129,2.624,2,0.191,-0.293,2.474,2,0.297,-0.713,2.467,2,0.330,-0.701,2.369,2,0.069,0.312,2.511,2,0.168,0.487,1.643,2,0.193,0.450,1.699,2,0.078,0.385,2.444,2,0.096,0.381,2.459,0,0,0,0,0
2.307|kb,95479133221870000,6,25,1,72057594037964220,2,-0.115,-0.131,2.621,2,-0.009,0.128,2.558,2,0.096,0.374,2.484,2,0.130,0.488,2.394,2,-0.114,0.283,2.322,2,-0.029,0.353,2.093,2,0.078,0.376,1.827,2,0.159,0.421,1.705,2,0.127,0.290,2.494,1,0.177,0.103,2.579,1,0.105,0.300,2.431,1,0.091,0.341,2.462,2,-0.180,-0.127,2.553,2,-0.367,-0.301,2.346,2,-0.439,-0.671,2.451,1,-0.377,-0.710,2.346,2,-0.047,-0.131,2.619,2,0.193,-0.294,2.474,2,0.297,-0.712,2.466,2,0.328,-0.700,2.368,2,0.070,0.313,2.505,2,0.170,0.482,1.650,2,0.195,0.450,1.703,2,0.073,0.381,2.441,2,0.098,0.318,2.476,0,0,0,0,0
2.329|kb,95479136515920000,6,25,1,72057594037964220,2,-0.116,-0.131,2.618,2,-0.009,0.127,2.557,2,0.096,0.373,2.484,2,0.132,0.484,2.392,2,-0.114,0.282,2.323,2,-0.029,0.352,2.094,2,0.079,0.374,1.828,2,0.156,0.418,1.707,2,0.127,0.289,2.494,1,0.175,0.102,2.579,1,0.105,0.296,2.433,1,0.092,0.336,2.463,2,-0.181,-0.126,2.551,2,-0.367,-0.301,2.344,2,-0.438,-0.670,2.450,1,-0.376,-0.710,2.345,2,-0.048,-0.132,2.616,2,0.193,-0.295,2.473,2,0.295,-0.712,2.465,2,0.327,-0.699,2.367,2,0.070,0.312,2.505,2,0.166,0.480,1.639,2,0.192,0.447,1.706,2,0.071,0.371,2.428,2,0.098,0.319,2.473,0,0,0,0,0
2.373|kb,95479139817500000,6,25,1,72057594037964220,2,-0.116,-0.132,2.617,2,-0.010,0.126,2.544,2,0.093,0.376,2.447,2,0.133,0.482,2.390,2,-0.111,0.283,2.324,2,-0.028,0.352,2.094,2,0.089,0.381,1.820,2,0.151,0.416,1.707,2,0.128,0.290,2.494,1,0.176,0.101,2.576,1,0.106,0.293,2.433,1,0.091,0.335,2.461,2,-0.180,-0.126,2.550,2,-0.366,-0.300,2.342,2,-0.437,-0.669,2.449,1,-0.377,-0.712,2.346,2,-0.048,-0.133,2.614,2,0.193,-0.296,2.472,2,0.294,-0.714,2.465,2,0.325,-0.703,2.368,2,0.068,0.314,2.474,2,0.163,0.479,1.651,2,0.186,0.444,1.704,2,0.072,0.370,2.428,2,0.100,0.372,2.458,0,0,0,0,0
2.396|kb,95479143223940000,6,25,1,72057594037964220,2,-0.116,-0.132,2.616,2,-0.011,0.127,2.522,2,0.091,0.381,2.395,2,0.140,0.499,2.374,2,-0.109,0.283,2.326,2,-0.030,0.348,2.087,2,0.089,0.381,1.820,2,0.145,0.417,1.712,2,0.128,0.289,2.493,1,0.178,0.099,2.572,1,0.108,0.291,2.430,1,0.091,0.333,2.458,2,-0.181,-0.126,2.550,2,-0.366,-0.301,2.342,2,-0.437,-0.669,2.449,1,-0.379,-0.715,2.348,2,-0.048,-0.133,2.614,2,0.193,-0.296,2.472,2,0.293,-0.713,2.465,2,0.322,-0.706,2.371,2,0.066,0.318,2.428,2,0.161,0.478,1.655,2,0.180,0.440,1.710,2,0.065,0.373,2.418,2,0.102,0.365,2.459,0,0,0,0,0
2.440|kb,95479146522220000,6,25,1,72057594037964220,2,-0.116,-0.133,2.617,2,-0.011,0.126,2.521,2,0.091,0.380,2.396,2,0.133,0.495,2.365,2,-0.110,0.281,2.329,2,-0.064,0.356,2.035,2,0.089,0.376,1.777,2,0.136,0.416,1.724,2,0.128,0.289,2.493,1,0.184,0.095,2.562,1,0.112,0.287,2.425,1,0.096,0.331,2.459,2,-0.181,-0.128,2.551,2,-0.367,-0.301,2.342,2,-0.437,-0.669,2.448,2,-0.379,-0.714,2.347,2,-0.047,-0.135,2.614,2,0.193,-0.297,2.470,2,0.293,-0.716,2.467,2,0.321,-0.709,2.372,2,0.065,0.318,2.428,2,0.151,0.472,1.669,2,0.168,0.448,1.722,2,0.067,0.376,2.417,2,0.101,0.374,2.449,0,0,0,0,0
2.466|kb,95479149813840000,6,25,1,72057594037964220,2,-0.114,-0.134,2.617,2,-0.012,0.125,2.518,2,0.088,0.379,2.394,2,0.131,0.492,2.361,2,-0.121,0.270,2.334,2,-0.082,0.329,2.035,2,0.071,0.370,1.792,2,0.110,0.414,1.759,1,0.127,0.289,2.492,1,0.215,0.089,2.495,1,0.128,0.289,2.384,1,0.107,0.332,2.386,2,-0.180,-0.129,2.552,2,-0.367,-0.301,2.342,2,-0.437,-0.669,2.448,2,-0.380,-0.714,2.346,2,-0.045,-0.136,2.614,2,0.195,-0.298,2.468,2,0.292,-0.716,2.468,2,0.320,-0.708,2.372,2,0.063,0.317,2.426,2,0.144,0.472,1.706,2,0.142,0.452,1.765,2,0.078,0.362,2.381,2,0.073,0.335,2.407,0,0,0,0,0
2.506|kb,95479153222370000,6,25,1,72057594037964220,2,-0.112,-0.137,2.618,2,-0.012,0.124,2.517,2,0.084,0.378,2.394,2,0.117,0.482,2.348,2,-0.122,0.264,2.336,2,-0.118,0.292,2.030,2,0.055,0.393,1.840,2,0.076,0.423,1.820,1,0.127,0.290,2.492,1,0.217,0.090,2.489,1,0.145,0.327,2.320,1,0.136,0.413,2.305,2,-0.178,-0.133,2.553,2,-0.369,-0.299,2.343,2,-0.438,-0.668,2.447,1,-0.380,-0.712,2.345,2,-0.043,-0.138,2.614,2,0.197,-0.298,2.466,2,0.292,-0.715,2.467,2,0.320,-0.707,2.370,2,0.061,0.316,2.427,2,0.121,0.480,1.776,2,0.079,0.473,1.829,2,0.124,0.444,2.251,2,0.089,0.395,2.252,0,0,0,0,0
2.528|kb,95479156513640000,6,25,1,72057594037964220,2,-0.112,-0.141,2.621,2,-0.014,0.123,2.517,2,0.081,0.378,2.393,2,0.115,0.482,2.323,2,-0.121,0.261,2.337,2,-0.160,0.265,2.032,2,0.026,0.392,1.905,2,0.027,0.426,1.903,2,0.126,0.285,2.490,1,0.226,0.090,2.479,1,0.141,0.314,2.340,1,0.150,0.364,2.323,2,-0.181,-0.137,2.557,2,-0.373,-0.299,2.345,2,-0.438,-0.668,2.448,2,-0.381,-0.712,2.345,2,-0.041,-0.142,2.617,2,0.199,-0.298,2.464,2,0.291,-0.714,2.468,2,0.319,-0.707,2.371,2,0.058,0.315,2.426,2,0.073,0.502,1.893,2,0.021,0.476,1.915,2,0.129,0.423,2.304,2,0.162,0.315,2.291,0,0,0,0,0
2.574|kb,95479159814880000,6,25,1,72057594037964220,2,-0.112,-0.140,2.621,2,-0.017,0.124,2.515,2,0.070,0.379,2.390,2,0.100,0.490,2.309,2,-0.122,0.268,2.333,2,-0.193,0.274,2.078,2,-0.037,0.400,1.984,2,-0.016,0.438,1.983,2,0.126,0.288,2.487,1,0.229,0.095,2.457,2,0.160,0.337,2.298,1,0.155,0.391,2.294,2,-0.180,-0.135,2.558,2,-0.376,-0.298,2.350,2,-0.439,-0.670,2.450,2,-0.382,-0.713,2.347,2,-0.040,-0.142,2.617,2,0.200,-0.296,2.461,2,0.291,-0.713,2.468,2,0.319,-0.706,2.370,2,0.049,0.317,2.423,2,0.021,0.513,1.988,2,-0.036,0.453,1.965,2,0.128,0.466,2.243,2,0.102,0.419,2.239,0,0,0,0,0
2.598|kb,95479163221620000,6,25,1,72057594037964220,2,-0.111,-0.138,2.621,2,-0.048,0.135,2.502,2,0.000,0.396,2.365,2,0.083,0.495,2.302,2,-0.125,0.275,2.330,2,-0.223,0.269,2.122,2,-0.053,0.390,2.050,2,-0.059,0.435,2.054,2,0.124,0.295,2.478,2,0.229,0.103,2.452,2,0.169,0.300,2.287,1,0.154,0.365,2.280,2,-0.180,-0.131,2.561,2,-0.380,-0.298,2.361,2,-0.440,-0.672,2.452,2,-0.384,-0.710,2.346,2,-0.039,-0.139,2.615,2,0.201,-0.294,2.460,2,0.292,-0.713,2.467,2,0.320,-0.705,2.366,2,-0.013,0.332,2.401,2,-0.027,0.510,2.058,2,-0.080,0.446,2.047,2,0.099,0.428,2.243,2,0.122,0.337,2.303,0,0,0,0,0
2.639|kb,95479166516700000,6,25,1,72057594037964220,2,-0.110,-0.132,2.623,2,-0.049,0.136,2.502,2,0.000,0.396,2.365,2,0.057,0.499,2.288,2,-0.136,0.287,2.328,2,-0.268,0.238,2.147,2,-0.113,0.424,2.131,2,-0.096,0.423,2.109,2,0.120,0.301,2.464,2,0.235,0.117,2.420,2,0.162,0.294,2.278,1,0.146,0.352,2.265,2,-0.181,-0.124,2.568,2,-0.381,-0.296,2.375,2,-0.443,-0.678,2.459,2,-0.390,-0.713,2.350,2,-0.037,-0.135,2.613,2,0.200,-0.292,2.455,2,0.293,-0.713,2.466,2,0.318,-0.706,2.362,2,-0.013,0.332,2.401,2,-0.061,0.493,2.110,2,-0.117,0.440,2.105,2,0.080,0.423,2.239,2,0.117,0.355,2.320,0,0,0,0,0
2.662|kb,95479169813830000,6,25,1,72057594037964220,2,-0.110,-0.127,2.624,2,-0.057,0.138,2.501,2,-0.015,0.394,2.363,2,0.029,0.500,2.277,2,-0.154,0.313,2.326,2,-0.288,0.218,2.168,1,-0.126,0.421,2.147,2,-0.042,0.487,2.173,2,0.116,0.303,2.455,2,0.228,0.137,2.351,2,0.141,0.316,2.255,2,0.139,0.330,2.245,2,-0.182,-0.116,2.573,2,-0.383,-0.296,2.389,2,-0.445,-0.682,2.462,2,-0.397,-0.713,2.350,2,-0.036,-0.130,2.609,2,0.197,-0.289,2.447,2,0.292,-0.709,2.464,2,0.311,-0.704,2.355,2,-0.025,0.332,2.399,2,-0.007,0.559,2.163,2,-0.057,0.530,2.152,2,0.153,0.386,2.192,2,0.116,0.365,2.259,0,0,0,0,0
2.699|kb,95479173221890000,6,25,1,72057594037964220,2,-0.110,-0.122,2.625,2,-0.065,0.140,2.500,2,-0.031,0.393,2.361,2,0.001,0.497,2.263,2,-0.170,0.325,2.328,2,-0.309,0.196,2.205,2,-0.153,0.343,2.157,1,-0.107,0.412,2.161,2,0.106,0.305,2.430,2,0.225,0.121,2.400,2,0.125,0.296,2.231,2,0.128,0.315,2.226,2,-0.184,-0.109,2.580,2,-0.385,-0.295,2.404,2,-0.448,-0.687,2.466,2,-0.408,-0.712,2.350,2,-0.035,-0.127,2.606,2,0.194,-0.287,2.438,2,0.292,-0.707,2.461,2,0.303,-0.705,2.348,2,-0.039,0.331,2.398,2,-0.036,0.462,2.154,2,-0.144,0.433,2.119,2,0.138,0.374,2.172,2,0.109,0.353,2.237,0,0,0,0,0
2.740|kb,95479176513720000,6,25,1,72057594037964220,2,-0.111,-0.118,2.627,2,-0.072,0.140,2.501,2,-0.046,0.388,2.360,2,-0.033,0.486,2.258,2,-0.227,0.337,2.340,2,-0.313,0.178,2.201,2,-0.172,0.343,2.174,1,-0.117,0.413,2.172,2,0.086,0.309,2.383,2,0.204,0.095,2.442,2,0.122,0.276,2.222,2,0.112,0.309,2.213,2,-0.186,-0.105,2.589,2,-0.389,-0.294,2.420,2,-0.452,-0.692,2.470,2,-0.431,-0.712,2.351,2,-0.033,-0.124,2.604,2,0.189,-0.287,2.428,2,0.291,-0.705,2.453,2,0.284,-0.708,2.335,2,-0.052,0.328,2.397,2,-0.061,0.461,2.147,2,-0.169,0.432,2.137,2,0.109,0.377,2.155,2,0.092,0.354,2.238,0,0,0,0,0
2.762|kb,95479179813380000,6,25,1,72057594037964220,2,-0.114,-0.116,2.633,2,-0.083,0.138,2.503,2,-0.059,0.383,2.359,2,-0.066,0.474,2.253,2,-0.229,0.336,2.341,2,-0.326,0.171,2.221,2,-0.192,0.340,2.186,1,-0.135,0.406,2.171,2,0.084,0.307,2.383,2,0.210,0.127,2.358,2,0.112,0.272,2.214,2,0.094,0.300,2.205,2,-0.193,-0.103,2.603,2,-0.393,-0.294,2.432,2,-0.456,-0.694,2.475,2,-0.435,-0.711,2.358,2,-0.034,-0.123,2.604,2,0.183,-0.286,2.419,2,0.288,-0.700,2.452,2,0.281,-0.708,2.333,2,-0.065,0.323,2.397,2,-0.090,0.455,2.133,2,-0.183,0.427,2.136,2,0.087,0.359,2.145,2,0.080,0.352,2.242,0,0,0,0,0
2.806|kb,95479183221650000,6,25,1,72057594037964220,2,-0.117,-0.118,2.640,2,-0.096,0.129,2.505,2,-0.084,0.363,2.353,2,-0.093,0.463,2.250,2,-0.234,0.335,2.345,2,-0.333,0.166,2.232,2,-0.198,0.331,2.182,1,-0.149,0.394,2.166,2,0.071,0.300,2.379,2,0.201,0.124,2.351,2,0.099,0.267,2.208,2,0.078,0.273,2.193,2,-0.198,-0.106,2.616,2,-0.401,-0.294,2.446,2,-0.460,-0.699,2.480,2,-0.441,-0.713,2.364,2,-0.035,-0.124,2.604,2,0.175,-0.287,2.411,2,0.286,-0.695,2.452,2,0.276,-0.709,2.334,2,-0.087,0.305,2.394,2,-0.103,0.435,2.129,2,-0.204,0.396,2.132,2,0.071,0.337,2.134,2,0.065,0.329,2.225,0,0,0,0,0
2.828|kb,95479186513400000,6,25,1,72057594037964220,2,-0.122,-0.126,2.648,2,-0.111,0.114,2.507,2,-0.103,0.347,2.350,2,-0.119,0.450,2.250,2,-0.276,0.311,2.371,2,-0.339,0.150,2.222,2,-0.214,0.366,2.182,1,-0.178,0.428,2.159,2,0.015,0.269,2.360,2,0.176,0.121,2.334,2,0.075,0.261,2.191,2,0.058,0.257,2.185,2,-0.203,-0.115,2.627,2,-0.410,-0.297,2.455,2,-0.465,-0.701,2.486,2,-0.460,-0.712,2.372,2,-0.038,-0.131,2.606,2,0.169,-0.288,2.403,2,0.285,-0.690,2.453,2,0.261,-0.710,2.336,2,-0.105,0.290,2.392,2,-0.149,0.502,2.130,2,-0.171,0.429,2.111,2,0.052,0.314,2.137,2,0.039,0.304,2.213,0,0,0,0,0
2.866|kb,95479189813910000,6,25,1,72057594037964220,2,-0.129,-0.133,2.655,2,-0.122,0.105,2.511,2,-0.117,0.338,2.352,2,-0.141,0.442,2.252,2,-0.277,0.308,2.373,2,-0.366,0.139,2.252,1,-0.231,0.388,2.166,1,-0.212,0.388,2.162,2,0.014,0.268,2.359,2,0.166,0.111,2.342,2,0.063,0.256,2.188,2,0.039,0.242,2.184,2,-0.210,-0.121,2.633,2,-0.420,-0.301,2.463,2,-0.474,-0.704,2.492,2,-0.469,-0.713,2.379,2,-0.045,-0.140,2.611,2,0.163,-0.287,2.400,2,0.280,-0.687,2.451,2,0.257,-0.710,2.334,2,-0.118,0.281,2.394,2,-0.158,0.442,2.118,2,-0.250,0.406,2.139,2,0.036,0.291,2.134,2,0.021,0.297,2.198,0,0,0,0,0
2.906|kb,95479193222780000,6,25,1,72057594037964220,2,-0.135,-0.149,2.638,2,-0.135,0.094,2.505,2,-0.138,0.327,2.357,2,-0.162,0.435,2.256,2,-0.281,0.304,2.377,2,-0.373,0.138,2.254,1,-0.238,0.388,2.166,1,-0.217,0.393,2.162,2,0.009,0.268,2.358,2,0.132,0.088,2.312,2,0.040,0.250,2.181,2,0.020,0.236,2.184,2,-0.217,-0.140,2.614,2,-0.445,-0.312,2.465,2,-0.478,-0.703,2.496,2,-0.475,-0.708,2.381,2,-0.050,-0.154,2.593,2,0.168,-0.296,2.391,2,0.276,-0.684,2.450,2,0.252,-0.707,2.331,2,-0.136,0.270,2.396,2,-0.166,0.443,2.117,2,-0.264,0.403,2.138,2,0.014,0.281,2.130,2,0.032,0.194,2.145,0,0,0,0,0
2.931|kb,95479196513500000,6,25,1,72057594037964220,2,-0.142,-0.149,2.647,2,-0.136,0.094,2.506,2,-0.137,0.328,2.356,2,-0.178,0.435,2.259,2,-0.285,0.299,2.381,2,-0.382,0.142,2.250,1,-0.248,0.394,2.172,1,-0.203,0.461,2.150,2,0.005,0.267,2.356,2,0.122,0.044,2.402,2,0.032,0.232,2.185,2,0.002,0.224,2.180,2,-0.221,-0.140,2.624,2,-0.412,-0.363,2.501,2,-0.509,-0.729,2.492,2,-0.474,-0.738,2.449,2,-0.060,-0.154,2.603,2,0.122,-0.344,2.405,2,0.278,-0.678,2.448,2,0.250,-0.708,2.331,2,-0.136,0.270,2.395,2,-0.160,0.513,2.138,2,-0.224,0.507,2.164,2,-0.005,0.272,2.127,2,0.016,0.183,2.139,0,0,0,0,0
2.975|kb,95479199820680000,6,25,1,72057594037964220,2,-0.143,-0.152,2.657,2,-0.138,0.093,2.509,2,-0.138,0.328,2.356,2,-0.199,0.435,2.266,2,-0.294,0.286,2.395,2,-0.411,0.142,2.264,1,-0.272,0.395,2.196,1,-0.253,0.394,2.181,2,0.000,0.267,2.354,2,0.115,0.058,2.378,2,0.009,0.204,2.163,2,-0.016,0.215,2.177,2,-0.222,-0.145,2.634,2,-0.453,-0.312,2.485,2,-0.488,-0.709,2.506,2,-0.483,-0.699,2.396,2,-0.061,-0.156,2.611,2,0.141,-0.301,2.391,2,0.274,-0.678,2.449,2,0.245,-0.710,2.332,2,-0.137,0.270,2.396,2,-0.204,0.446,2.131,2,-0.273,0.400,2.204,2,-0.024,0.267,2.127,2,-0.003,0.170,2.139,0,0,0,0,0
2.998|kb,95479203221470000,6,25,1,72057594037964220,2,-0.147,-0.160,2.645,2,-0.144,0.090,2.506,2,-0.144,0.329,2.356,2,-0.218,0.434,2.273,2,-0.296,0.282,2.398,2,-0.428,0.147,2.275,2,-0.243,0.364,2.192,1,-0.193,0.431,2.171,2,-0.018,0.266,2.344,2,0.095,0.078,2.334,2,-0.025,0.164,2.161,2,-0.039,0.214,2.167,2,-0.227,-0.155,2.622,2,-0.465,-0.318,2.483,2,-0.487,-0.712,2.513,2,-0.491,-0.702,2.400,2,-0.064,-0.162,2.601,2,0.146,-0.304,2.388,2,0.272,-0.677,2.449,2,0.238,-0.709,2.332,2,-0.143,0.271,2.395,2,-0.152,0.492,2.165,2,-0.163,0.396,2.181,2,-0.045,0.271,2.117,2,-0.014,0.185,2.114,0,0,0,0,0
3.039|kb,95479206520020000,6,25,1,72057594037964220,2,-0.157,-0.154,2.657,2,-0.170,0.095,2.512,2,-0.194,0.338,2.349,2,-0.241,0.440,2.280,2,-0.307,0.273,2.422,2,-0.463,0.153,2.313,1,-0.270,0.354,2.207,1,-0.217,0.418,2.182,2,-0.064,0.259,2.319,2,0.080,0.094,2.316,2,-0.056,0.163,2.151,2,-0.059,0.210,2.147,2,-0.232,-0.149,2.636,2,-0.420,-0.374,2.511,2,-0.520,-0.740,2.500,2,-0.532,-0.731,2.397,2,-0.079,-0.156,2.611,2,0.106,-0.358,2.407,2,0.271,-0.671,2.446,2,0.221,-0.708,2.337,2,-0.188,0.278,2.393,2,-0.173,0.478,2.164,2,-0.187,0.382,2.192,2,-0.063,0.274,2.095,2,-0.043,0.188,2.095,0,0,0,0,0
