0.043|kb,95470026527360000,6,25,1,72057594037963902,2,-0.115,-0.126,2.635,2,-0.146,0.137,2.510,2,-0.177,0.392,2.375,2,-0.209,0.505,2.295,2,-0.307,0.312,2.424,2,-0.406,0.193,2.298,2,-0.324,0.368,2.191,2,-0.308,0.431,2.189,2,-0.027,0.332,2.365,2,0.039,0.212,2.219,2,-0.082,0.360,2.171,1,-0.100,0.411,2.163,2,-0.188,-0.131,2.608,2,-0.387,-0.258,2.517,2,-0.532,-0.686,2.528,2,-0.521,-0.693,2.416,2,-0.038,-0.118,2.597,2,0.170,-0.266,2.440,2,0.358,-0.705,2.464,2,0.319,-0.715,2.350,2,-0.169,0.329,2.411,2,-0.297,0.494,2.159,2,-0.258,0.447,2.224,2,-0.113,0.477,2.150,2,-0.090,0.405,2.128,0,0,0,0,0
0.077|kb,95470029815210000,6,25,1,72057594037963902,2,-0.115,-0.127,2.636,2,-0.145,0.126,2.514,2,-0.172,0.359,2.382,2,-0.206,0.489,2.310,2,-0.307,0.312,2.424,2,-0.406,0.191,2.296,2,-0.323,0.365,2.191,2,-0.309,0.429,2.184,2,-0.028,0.332,2.365,2,0.038,0.211,2.219,2,-0.081,0.358,2.171,2,-0.100,0.411,2.166,2,-0.189,-0.132,2.609,2,-0.387,-0.258,2.517,2,-0.532,-0.686,2.528,2,-0.521,-0.693,2.416,2,-0.038,-0.119,2.598,2,0.170,-0.266,2.441,2,0.357,-0.701,2.464,2,0.319,-0.715,2.350,2,-0.166,0.303,2.417,2,-0.294,0.495,2.162,2,-0.261,0.450,2.224,2,-0.113,0.478,2.154,2,-0.090,0.405,2.128,0,0,0,0,0
0.099|kb,95470033224860000,6,25,1,72057594037963902,2,-0.115,-0.127,2.636,2,-0.146,0.127,2.513,2,-0.179,0.378,2.376,2,-0.209,0.502,2.297,2,-0.307,0.312,2.424,2,-0.405,0.190,2.294,2,-0.323,0.358,2.187,2,-0.306,0.434,2.179,2,-0.028,0.332,2.365,2,0.037,0.211,2.218,2,-0.080,0.357,2.170,1,-0.098,0.411,2.168,2,-0.189,-0.132,2.609,2,-0.388,-0.258,2.517,2,-0.532,-0.687,2.528,2,-0.521,-0.693,2.416,2,-0.039,-0.119,2.599,2,0.168,-0.264,2.442,2,0.355,-0.699,2.464,2,0.319,-0.715,2.350,2,-0.170,0.314,2.413,2,-0.290,0.498,2.149,2,-0.260,0.450,2.222,2,-0.112,0.478,2.154,2,-0.120,0.391,2.195,0,0,0,0,0
0.143|kb,95470036520070000,6,25,1,72057594037963902,2,-0.116,-0.127,2.636,2,-0.147,0.128,2.513,2,-0.179,0.379,2.376,2,-0.209,0.503,2.296,2,-0.308,0.312,2.424,2,-0.405,0.188,2.292,2,-0.323,0.354,2.185,2,-0.309,0.431,2.168,2,-0.028,0.332,2.365,2,0.042,0.205,2.226,2,-0.080,0.357,2.170,2,-0.096,0.409,2.166,2,-0.190,-0.132,2.609,2,-0.389,-0.258,2.516,2,-0.538,-0.695,2.528,2,-0.527,-0.703,2.415,2,-0.039,-0.119,2.600,2,0.168,-0.263,2.442,2,0.358,-0.701,2.463,2,0.322,-0.718,2.349,2,-0.171,0.316,2.413,2,-0.291,0.498,2.145,2,-0.292,0.439,2.209,2,-0.111,0.479,2.151,2,-0.120,0.388,2.199,0,0,0,0,0
0.178|kb,95470039814760000,6,25,1,72057594037963902,2,-0.116,-0.127,2.637,2,-0.149,0.129,2.514,2,-0.183,0.382,2.377,2,-0.209,0.503,2.296,2,-0.309,0.314,2.422,2,-0.404,0.187,2.290,2,-0.323,0.353,2.183,2,-0.309,0.431,2.166,2,-0.029,0.330,2.367,2,0.042,0.206,2.227,2,-0.079,0.356,2.170,1,-0.094,0.409,2.171,2,-0.190,-0.132,2.610,2,-0.389,-0.258,2.516,2,-0.537,-0.693,2.527,2,-0.526,-0.701,2.415,2,-0.039,-0.119,2.600,2,0.169,-0.265,2.443,2,0.364,-0.712,2.463,2,0.333,-0.743,2.410,2,-0.175,0.319,2.413,2,-0.290,0.498,2.143,2,-0.292,0.439,2.211,2,-0.109,0.480,2.160,2,-0.112,0.420,2.208,0,0,0,0,0
0.202|kb,95470043230910000,6,25,1,72057594037963902,2,-0.116,-0.128,2.637,2,-0.149,0.129,2.514,2,-0.183,0.383,2.377,2,-0.210,0.503,2.296,2,-0.309,0.311,2.422,2,-0.402,0.199,2.279,2,-0.322,0.352,2.182,2,-0.308,0.431,2.166,2,-0.030,0.329,2.368,2,0.042,0.206,2.227,2,-0.079,0.356,2.169,1,-0.091,0.410,2.169,2,-0.190,-0.133,2.610,2,-0.390,-0.259,2.516,2,-0.537,-0.692,2.526,2,-0.524,-0.700,2.414,2,-0.039,-0.120,2.600,2,0.169,-0.265,2.444,2,0.367,-0.718,2.464,2,0.332,-0.744,2.409,2,-0.174,0.320,2.414,2,-0.293,0.497,2.144,2,-0.292,0.441,2.206,2,-0.107,0.478,2.147,2,-0.113,0.409,2.204,0,0,0,0,0
0.242|kb,95470046527230000,6,25,1,72057594037963902,2,-0.117,-0.129,2.638,2,-0.149,0.129,2.514,2,-0.183,0.384,2.378,2,-0.210,0.502,2.296,2,-0.309,0.310,2.421,2,-0.402,0.203,2.277,2,-0.313,0.363,2.172,1,-0.307,0.435,2.164,2,-0.033,0.328,2.370,2,0.060,0.199,2.246,2,-0.079,0.368,2.165,1,-0.092,0.423,2.172,2,-0.191,-0.135,2.611,2,-0.391,-0.259,2.516,2,-0.537,-0.687,2.525,2,-0.524,-0.696,2.413,2,-0.040,-0.121,2.602,2,0.169,-0.267,2.445,2,0.369,-0.722,2.464,2,0.341,-0.745,2.413,2,-0.175,0.321,2.414,2,-0.292,0.502,2.140,2,-0.292,0.441,2.205,2,-0.116,0.490,2.160,2,-0.111,0.413,2.205,0,0,0,0,0
0.266|kb,95470049812810000,6,25,1,72057594037963902,2,-0.118,-0.129,2.638,2,-0.151,0.130,2.514,2,-0.184,0.385,2.378,2,-0.211,0.502,2.296,2,-0.312,0.313,2.420,2,-0.402,0.205,2.275,2,-0.316,0.359,2.175,2,-0.307,0.440,2.165,2,-0.033,0.327,2.370,2,0.063,0.197,2.249,2,-0.053,0.327,2.165,2,-0.081,0.376,2.161,2,-0.192,-0.134,2.611,2,-0.393,-0.260,2.516,2,-0.537,-0.685,2.525,2,-0.524,-0.694,2.412,2,-0.041,-0.121,2.602,2,0.168,-0.267,2.445,2,0.364,-0.715,2.464,2,0.325,-0.720,2.349,2,-0.176,0.322,2.415,2,-0.284,0.510,2.140,2,-0.290,0.443,2.207,2,-0.094,0.440,2.139,2,-0.107,0.371,2.192,0,0,0,0,0
0.309|kb,95470053221220000,6,25,1,72057594037963902,2,-0.118,-0.129,2.638,2,-0.152,0.130,2.514,2,-0.186,0.386,2.379,2,-0.213,0.502,2.297,2,-0.310,0.314,2.420,2,-0.402,0.209,2.273,2,-0.318,0.363,2.175,2,-0.308,0.438,2.176,2,-0.031,0.328,2.368,2,0.064,0.198,2.250,2,-0.069,0.356,2.159,2,-0.081,0.374,2.147,2,-0.192,-0.135,2.611,2,-0.393,-0.261,2.516,2,-0.537,-0.684,2.524,2,-0.525,-0.693,2.412,2,-0.041,-0.121,2.602,2,0.167,-0.270,2.444,2,0.361,-0.710,2.463,2,0.323,-0.719,2.349,2,-0.178,0.322,2.415,2,-0.293,0.504,2.152,2,-0.247,0.450,2.207,2,-0.103,0.435,2.126,2,-0.100,0.359,2.177,0,0,0,0,0
0.332|kb,95470056521510000,6,25,1,72057594037963902,2,-0.119,-0.133,2.639,2,-0.155,0.128,2.515,2,-0.192,0.386,2.380,2,-0.225,0.502,2.301,2,-0.314,0.306,2.425,2,-0.406,0.210,2.276,2,-0.328,0.389,2.185,1,-0.307,0.451,2.202,2,-0.057,0.312,2.365,2,0.078,0.204,2.267,2,-0.019,0.286,2.173,2,-0.071,0.324,2.126,2,-0.193,-0.138,2.612,2,-0.395,-0.263,2.517,2,-0.536,-0.684,2.524,2,-0.529,-0.692,2.413,2,-0.043,-0.125,2.602,2,0.164,-0.271,2.442,2,0.362,-0.714,2.463,2,0.336,-0.742,2.416,2,-0.183,0.322,2.416,2,-0.300,0.520,2.164,2,-0.270,0.450,2.225,2,-0.098,0.383,2.101,2,-0.094,0.324,2.163,0,0,0,0,0
0.376|kb,95470059817060000,6,25,1,72057594037963902,2,-0.120,-0.134,2.639,2,-0.155,0.127,2.515,2,-0.192,0.381,2.381,2,-0.240,0.501,2.307,2,-0.313,0.308,2.424,2,-0.425,0.207,2.295,2,-0.358,0.367,2.209,1,-0.338,0.421,2.209,2,-0.055,0.316,2.361,2,0.087,0.209,2.276,1,-0.044,0.253,2.102,2,-0.058,0.260,2.075,2,-0.193,-0.138,2.613,2,-0.395,-0.264,2.518,2,-0.541,-0.698,2.527,2,-0.534,-0.706,2.415,2,-0.044,-0.127,2.598,2,0.160,-0.277,2.434,2,0.356,-0.708,2.461,2,0.313,-0.720,2.348,2,-0.183,0.318,2.417,2,-0.337,0.483,2.188,2,-0.293,0.436,2.244,2,-0.089,0.293,2.036,2,-0.080,0.268,2.078,0,0,0,0,0
0.398|kb,95470063217090000,6,25,1,72057594037963902,2,-0.119,-0.132,2.638,2,-0.160,0.131,2.512,2,-0.205,0.390,2.374,2,-0.262,0.503,2.313,2,-0.348,0.323,2.439,2,-0.444,0.202,2.314,1,-0.373,0.364,2.239,1,-0.364,0.409,2.237,2,-0.078,0.322,2.335,2,0.094,0.229,2.296,2,0.021,0.169,2.094,2,-0.007,0.156,2.026,2,-0.191,-0.136,2.615,2,-0.394,-0.267,2.520,2,-0.542,-0.703,2.527,2,-0.546,-0.711,2.420,2,-0.045,-0.123,2.591,2,0.151,-0.284,2.425,2,0.346,-0.704,2.459,2,0.294,-0.724,2.350,2,-0.194,0.326,2.411,2,-0.365,0.466,2.219,2,-0.327,0.418,2.248,2,-0.039,0.160,1.966,2,-0.019,0.177,1.996,0,0,0,0,0
0.442|kb,95470066535430000,6,25,1,72057594037963902,2,-0.121,-0.131,2.638,2,-0.175,0.135,2.513,2,-0.235,0.396,2.376,2,-0.289,0.504,2.323,2,-0.360,0.324,2.450,2,-0.468,0.203,2.337,1,-0.388,0.386,2.256,1,-0.375,0.437,2.258,2,-0.089,0.320,2.332,2,0.097,0.240,2.296,2,0.113,0.109,2.151,2,0.067,0.064,2.021,2,-0.192,-0.135,2.619,2,-0.393,-0.268,2.526,2,-0.528,-0.687,2.530,2,-0.535,-0.694,2.424,2,-0.050,-0.123,2.589,2,0.136,-0.289,2.413,2,0.343,-0.701,2.466,2,0.290,-0.729,2.358,2,-0.220,0.332,2.412,2,-0.325,0.509,2.230,2,-0.330,0.439,2.248,2,0.051,0.037,1.958,2,0.052,0.072,2.004,0,0,0,0,0
0.465|kb,95470069814810000,6,25,1,72057594037963902,2,-0.122,-0.131,2.638,2,-0.183,0.137,2.512,2,-0.248,0.401,2.376,2,-0.311,0.505,2.332,2,-0.371,0.326,2.463,2,-0.500,0.200,2.389,1,-0.421,0.361,2.301,1,-0.400,0.433,2.283,2,-0.102,0.319,2.328,2,0.095,0.240,2.277,2,0.144,0.067,2.132,2,0.152,0.026,2.066,2,-0.192,-0.134,2.621,2,-0.393,-0.273,2.533,2,-0.528,-0.692,2.531,2,-0.539,-0.697,2.429,2,-0.053,-0.124,2.587,2,0.127,-0.297,2.407,2,0.318,-0.687,2.467,2,0.264,-0.722,2.361,2,-0.232,0.336,2.412,2,-0.347,0.479,2.256,2,-0.343,0.411,2.269,2,0.173,-0.025,2.000,2,0.126,0.041,2.054,0,0,0,0,0
0.510|kb,95470073220520000,6,25,1,72057594037963902,2,-0.123,-0.132,2.637,2,-0.194,0.138,2.512,2,-0.271,0.406,2.375,2,-0.336,0.508,2.344,2,-0.378,0.325,2.473,2,-0.514,0.197,2.425,2,-0.450,0.351,2.327,1,-0.442,0.388,2.315,2,-0.111,0.317,2.325,2,0.053,0.247,2.240,2,0.164,0.110,2.159,2,0.204,0.048,2.103,2,-0.192,-0.135,2.622,2,-0.391,-0.274,2.537,2,-0.527,-0.700,2.537,2,-0.540,-0.703,2.437,2,-0.056,-0.125,2.586,2,0.107,-0.289,2.400,2,0.306,-0.682,2.470,2,0.252,-0.723,2.366,2,-0.252,0.340,2.411,2,-0.425,0.440,2.297,2,-0.422,0.393,2.328,2,0.248,0.004,2.044,2,0.195,0.026,2.053,0,0,0,0,0
0.532|kb,95470076519790000,6,25,1,72057594037963902,2,-0.124,-0.135,2.638,2,-0.206,0.139,2.515,2,-0.300,0.414,2.381,2,-0.364,0.512,2.356,2,-0.412,0.313,2.532,2,-0.534,0.179,2.465,2,-0.470,0.336,2.351,1,-0.455,0.414,2.330,2,-0.172,0.298,2.318,2,0.037,0.240,2.227,2,0.198,0.113,2.114,2,0.262,0.064,2.044,2,-0.187,-0.140,2.627,2,-0.392,-0.277,2.541,2,-0.526,-0.713,2.545,2,-0.553,-0.713,2.457,2,-0.060,-0.130,2.585,2,0.106,-0.290,2.400,2,0.298,-0.676,2.471,2,0.232,-0.724,2.380,2,-0.276,0.346,2.416,2,-0.402,0.458,2.299,2,-0.422,0.401,2.323,2,0.302,0.020,2.010,2,0.231,0.061,2.014,0,0,0,0,0
0.575|kb,95470079839080000,6,25,1,72057594037963902,2,-0.124,-0.138,2.641,2,-0.214,0.141,2.516,2,-0.313,0.419,2.378,2,-0.384,0.520,2.361,2,-0.414,0.311,2.538,2,-0.532,0.163,2.534,2,-0.482,0.344,2.366,1,-0.472,0.420,2.343,2,-0.180,0.297,2.315,2,-0.002,0.238,2.194,2,0.202,0.141,2.064,2,0.257,0.129,2.024,2,-0.184,-0.141,2.636,2,-0.392,-0.278,2.542,2,-0.525,-0.720,2.551,2,-0.553,-0.718,2.465,2,-0.061,-0.132,2.586,2,0.101,-0.290,2.398,2,0.291,-0.676,2.476,2,0.226,-0.728,2.388,2,-0.289,0.350,2.414,2,-0.416,0.465,2.296,2,-0.494,0.453,2.298,2,0.307,0.103,1.972,2,0.222,0.140,1.983,0,0,0,0,0
0.599|kb,95470083217030000,6,25,1,72057594037963902,2,-0.124,-0.138,2.642,2,-0.222,0.144,2.515,2,-0.333,0.428,2.373,2,-0.410,0.529,2.364,2,-0.425,0.305,2.558,1,-0.539,0.154,2.538,2,-0.489,0.351,2.377,1,-0.483,0.420,2.358,2,-0.200,0.293,2.313,2,-0.051,0.258,2.176,2,0.153,0.194,2.024,2,0.233,0.180,1.968,2,-0.181,-0.142,2.639,2,-0.393,-0.281,2.543,2,-0.522,-0.724,2.555,2,-0.554,-0.721,2.473,2,-0.062,-0.133,2.585,2,0.100,-0.291,2.397,2,0.288,-0.673,2.477,2,0.221,-0.728,2.394,2,-0.305,0.358,2.411,2,-0.436,0.472,2.300,2,-0.501,0.460,2.335,2,0.283,0.160,1.916,2,0.194,0.192,1.927,0,0,0,0,0
0.642|kb,95470086523570000,6,25,1,72057594037963902,2,-0.123,-0.141,2.639,2,-0.230,0.145,2.513,2,-0.344,0.432,2.375,2,-0.430,0.531,2.373,2,-0.429,0.301,2.563,1,-0.580,0.261,2.443,1,-0.506,0.462,2.294,1,-0.452,0.525,2.283,2,-0.214,0.292,2.312,2,-0.046,0.269,2.111,2,0.146,0.222,1.938,2,0.181,0.223,1.905,2,-0.180,-0.144,2.639,2,-0.393,-0.284,2.543,2,-0.521,-0.728,2.559,2,-0.553,-0.724,2.478,2,-0.065,-0.138,2.573,2,0.100,-0.291,2.396,2,0.286,-0.672,2.479,2,0.218,-0.728,2.397,2,-0.316,0.361,2.411,2,-0.442,0.547,2.267,2,-0.451,0.544,2.260,2,0.231,0.213,1.837,2,0.139,0.231,1.870,0,0,0,0,0
0.665|kb,95470089814160000,6,25,1,72057594037963902,2,-0.123,-0.142,2.639,2,-0.235,0.146,2.513,2,-0.356,0.433,2.378,2,-0.443,0.532,2.379,2,-0.436,0.294,2.575,2,-0.526,0.377,2.401,1,-0.400,0.523,2.225,1,-0.389,0.570,2.290,2,-0.219,0.289,2.318,2,-0.159,0.338,2.131,2,0.009,0.282,1.937,2,0.110,0.265,1.835,2,-0.179,-0.145,2.641,2,-0.393,-0.284,2.543,2,-0.518,-0.730,2.564,2,-0.551,-0.726,2.483,2,-0.065,-0.139,2.571,2,0.100,-0.292,2.396,2,0.285,-0.671,2.480,2,0.218,-0.728,2.398,2,-0.326,0.362,2.414,2,-0.398,0.592,2.278,2,-0.428,0.577,2.258,2,0.164,0.244,1.770,2,0.117,0.288,1.783,0,0,0,0,0
0.710|kb,95470093220820000,6,25,1,72057594037963902,2,-0.123,-0.143,2.637,2,-0.240,0.146,2.513,2,-0.363,0.434,2.380,2,-0.451,0.534,2.384,2,-0.437,0.289,2.574,2,-0.526,0.378,2.402,1,-0.400,0.524,2.225,1,-0.400,0.576,2.298,2,-0.232,0.308,2.312,2,-0.166,0.330,2.122,2,-0.045,0.306,1.889,2,0.005,0.300,1.806,2,-0.178,-0.145,2.641,2,-0.392,-0.284,2.543,2,-0.517,-0.732,2.567,2,-0.550,-0.727,2.485,2,-0.065,-0.139,2.569,2,0.104,-0.298,2.395,2,0.285,-0.670,2.480,2,0.218,-0.728,2.398,2,-0.333,0.363,2.415,2,-0.380,0.599,2.293,2,-0.430,0.582,2.269,2,0.036,0.309,1.753,2,0.005,0.328,1.746,0,0,0,0,0
0.737|kb,95470096524570000,6,25,1,72057594037963902,2,-0.123,-0.143,2.637,2,-0.243,0.147,2.514,2,-0.369,0.434,2.382,2,-0.452,0.537,2.383,2,-0.439,0.286,2.573,2,-0.535,0.411,2.401,1,-0.409,0.558,2.225,1,-0.410,0.603,2.295,2,-0.233,0.309,2.315,1,-0.177,0.382,2.072,2,-0.097,0.331,1.825,2,-0.066,0.339,1.728,2,-0.178,-0.145,2.641,2,-0.393,-0.284,2.542,2,-0.516,-0.732,2.569,2,-0.548,-0.728,2.485,2,-0.065,-0.139,2.567,2,0.106,-0.298,2.395,2,0.285,-0.670,2.479,2,0.219,-0.728,2.397,2,-0.338,0.364,2.417,2,-0.408,0.600,2.273,1,-0.403,0.599,2.242,2,-0.027,0.341,1.658,2,-0.087,0.362,1.704,0,0,0,0,0
0.776|kb,95470099815800000,6,25,1,72057594037963902,2,-0.127,-0.143,2.611,2,-0.248,0.150,2.507,2,-0.371,0.437,2.383,2,-0.456,0.538,2.385,2,-0.443,0.282,2.578,2,-0.537,0.390,2.408,1,-0.411,0.537,2.231,1,-0.396,0.581,2.305,2,-0.195,0.272,2.365,2,-0.219,0.340,2.135,2,-0.170,0.340,1.875,2,-0.153,0.370,1.691,2,-0.182,-0.149,2.619,2,-0.393,-0.285,2.542,2,-0.516,-0.732,2.569,2,-0.542,-0.726,2.477,2,-0.069,-0.133,2.538,2,0.107,-0.298,2.395,2,0.286,-0.669,2.478,2,0.227,-0.724,2.387,2,-0.341,0.366,2.417,2,-0.381,0.588,2.293,2,-0.429,0.583,2.270,2,-0.137,0.379,1.638,2,-0.178,0.382,1.671,0,0,0,0,0
0.799|kb,95470103217540000,6,25,1,72057594037963902,2,-0.144,-0.152,2.564,2,-0.263,0.140,2.483,2,-0.379,0.428,2.380,2,-0.475,0.523,2.389,2,-0.442,0.280,2.579,1,-0.565,0.290,2.422,1,-0.520,0.473,2.303,1,-0.472,0.519,2.298,2,-0.195,0.273,2.366,2,-0.232,0.341,2.145,2,-0.224,0.358,1.882,2,-0.235,0.401,1.679,2,-0.200,-0.162,2.559,2,-0.392,-0.379,2.545,2,-0.530,-0.753,2.571,2,-0.556,-0.753,2.476,2,-0.080,-0.137,2.514,2,0.098,-0.339,2.400,2,0.305,-0.661,2.476,2,0.244,-0.717,2.383,2,-0.350,0.357,2.409,2,-0.465,0.546,2.283,2,-0.475,0.547,2.277,2,-0.244,0.415,1.628,2,-0.260,0.416,1.628,0,0,0,0,0
0.842|kb,95470106522670000,6,25,1,72057594037963902,2,-0.150,-0.132,2.609,2,-0.264,0.139,2.486,2,-0.379,0.412,2.375,2,-0.483,0.501,2.394,2,-0.457,0.283,2.549,1,-0.590,0.287,2.402,1,-0.516,0.476,2.302,1,-0.471,0.507,2.295,2,-0.196,0.276,2.365,2,-0.244,0.347,2.149,2,-0.272,0.377,1.889,2,-0.321,0.429,1.671,2,-0.210,-0.137,2.610,2,-0.392,-0.379,2.544,2,-0.532,-0.749,2.569,2,-0.550,-0.755,2.471,2,-0.084,-0.128,2.534,2,0.101,-0.340,2.398,2,0.309,-0.661,2.474,2,0.257,-0.721,2.380,2,-0.350,0.348,2.407,2,-0.471,0.531,2.281,2,-0.474,0.529,2.272,2,-0.353,0.429,1.615,2,-0.332,0.404,1.639,0,0,0,0,0
0.865|kb,95470109814280000,6,25,1,72057594037963902,2,-0.127,-0.139,2.565,2,-0.251,0.132,2.482,2,-0.357,0.392,2.379,2,-0.461,0.482,2.400,2,-0.447,0.283,2.557,1,-0.573,0.289,2.403,1,-0.513,0.476,2.299,1,-0.485,0.499,2.316,2,-0.195,0.277,2.364,2,-0.253,0.351,2.152,2,-0.313,0.393,1.898,2,-0.388,0.447,1.696,2,-0.181,-0.151,2.563,2,-0.395,-0.288,2.533,2,-0.521,-0.725,2.566,2,-0.546,-0.732,2.468,2,-0.074,-0.124,2.512,2,0.133,-0.293,2.393,2,0.314,-0.670,2.473,2,0.257,-0.724,2.377,2,-0.331,0.329,2.406,2,-0.451,0.494,2.266,2,-0.462,0.496,2.258,2,-0.429,0.459,1.653,2,-0.388,0.415,1.679,0,0,0,0,0
0.909|kb,95470113220590000,6,25,1,72057594037963902,2,-0.128,-0.138,2.565,2,-0.252,0.132,2.480,2,-0.360,0.392,2.376,2,-0.441,0.509,2.397,1,-0.447,0.284,2.561,1,-0.562,0.285,2.398,1,-0.504,0.474,2.298,1,-0.489,0.494,2.309,2,-0.195,0.277,2.364,2,-0.264,0.355,2.157,2,-0.353,0.405,1.915,2,-0.435,0.459,1.748,2,-0.183,-0.150,2.565,2,-0.395,-0.390,2.539,2,-0.535,-0.755,2.566,2,-0.559,-0.764,2.469,2,-0.075,-0.123,2.507,2,0.129,-0.350,2.399,2,0.318,-0.665,2.468,2,0.260,-0.720,2.373,2,-0.333,0.329,2.405,2,-0.484,0.496,2.279,2,-0.528,0.504,2.311,2,-0.473,0.477,1.710,2,-0.440,0.430,1.719,0,0,0,0,0
0.932|kb,95470116519180000,6,25,1,72057594037963902,2,-0.136,-0.142,2.567,2,-0.253,0.130,2.481,2,-0.361,0.390,2.378,2,-0.440,0.511,2.396,1,-0.445,0.285,2.572,2,-0.539,0.154,2.457,1,-0.512,0.382,2.335,1,-0.498,0.492,2.316,2,-0.194,0.277,2.364,2,-0.222,0.375,2.156,2,-0.355,0.421,1.934,2,-0.462,0.472,1.811,2,-0.191,-0.152,2.569,2,-0.397,-0.390,2.538,2,-0.541,-0.753,2.562,2,-0.566,-0.762,2.466,2,-0.081,-0.129,2.505,2,0.129,-0.347,2.399,2,0.321,-0.662,2.465,2,0.262,-0.717,2.372,2,-0.334,0.327,2.406,2,-0.524,0.511,2.321,2,-0.524,0.493,2.309,2,-0.510,0.493,1.780,2,-0.448,0.430,1.800,0,0,0,0,0
0.976|kb,95470119813870000,6,25,1,72057594037963902,2,-0.129,-0.134,2.586,2,-0.251,0.129,2.488,2,-0.363,0.386,2.383,2,-0.438,0.495,2.387,1,-0.444,0.283,2.581,2,-0.522,0.133,2.479,1,-0.505,0.357,2.347,1,-0.485,0.487,2.308,2,-0.190,0.275,2.366,2,-0.223,0.356,2.112,2,-0.389,0.439,1.928,2,-0.463,0.482,1.881,2,-0.181,-0.139,2.593,2,-0.390,-0.381,2.538,2,-0.537,-0.746,2.557,2,-0.560,-0.755,2.463,2,-0.074,-0.125,2.517,2,0.130,-0.342,2.400,2,0.324,-0.661,2.461,2,0.264,-0.717,2.370,2,-0.335,0.323,2.411,2,-0.511,0.502,2.308,2,-0.515,0.493,2.306,2,-0.515,0.512,1.858,2,-0.465,0.451,1.849,0,0,0,0,0
0.999|kb,95470123217150000,6,25,1,72057594037963902,2,-0.131,-0.132,2.570,2,-0.251,0.130,2.487,2,-0.366,0.388,2.388,2,-0.441,0.495,2.387,1,-0.447,0.285,2.587,2,-0.517,0.154,2.455,2,-0.508,0.390,2.350,1,-0.499,0.447,2.349,2,-0.190,0.274,2.366,2,-0.208,0.350,2.109,2,-0.363,0.443,1.973,2,-0.448,0.488,1.951,2,-0.184,-0.137,2.580,2,-0.399,-0.340,2.531,2,-0.535,-0.733,2.549,2,-0.558,-0.733,2.455,2,-0.076,-0.123,2.495,2,0.136,-0.278,2.405,2,0.330,-0.663,2.459,2,0.266,-0.712,2.367,2,-0.338,0.324,2.414,2,-0.506,0.497,2.311,2,-0.503,0.457,2.353,2,-0.507,0.514,1.931,2,-0.427,0.436,1.930,0,0,0,0,0
1.041|kb,95470126533820000,6,25,1,72057594037963902,2,-0.129,-0.130,2.586,2,-0.249,0.133,2.488,2,-0.361,0.398,2.377,2,-0.447,0.501,2.384,2,-0.427,0.260,2.515,1,-0.559,0.127,2.470,2,-0.481,0.332,2.374,1,-0.477,0.394,2.348,2,-0.186,0.262,2.370,2,-0.167,0.332,2.111,2,-0.331,0.426,2.026,2,-0.410,0.482,2.018,2,-0.189,-0.134,2.602,2,-0.395,-0.361,2.530,2,-0.538,-0.739,2.546,2,-0.548,-0.737,2.444,2,-0.067,-0.122,2.509,2,0.142,-0.342,2.404,2,0.332,-0.662,2.458,2,0.280,-0.711,2.356,2,-0.334,0.332,2.408,2,-0.445,0.450,2.295,2,-0.501,0.429,2.325,2,-0.465,0.518,2.002,2,-0.421,0.459,1.972,0,0,0,0,0
1.066|kb,95470129812990000,6,25,1,72057594037963902,2,-0.133,-0.158,2.575,2,-0.246,0.126,2.487,2,-0.353,0.394,2.383,2,-0.422,0.498,2.370,2,-0.427,0.263,2.514,2,-0.551,0.124,2.469,2,-0.482,0.328,2.368,1,-0.477,0.394,2.344,2,-0.185,0.262,2.370,2,-0.144,0.317,2.110,2,-0.310,0.419,2.077,2,-0.372,0.477,2.078,2,-0.200,-0.176,2.571,2,-0.411,-0.279,2.522,2,-0.528,-0.722,2.544,2,-0.542,-0.711,2.440,2,-0.067,-0.142,2.508,2,0.150,-0.280,2.403,2,0.331,-0.667,2.457,2,0.276,-0.709,2.354,2,-0.327,0.328,2.411,2,-0.437,0.446,2.294,2,-0.484,0.442,2.339,2,-0.419,0.522,2.076,2,-0.378,0.453,2.044,0,0,0,0,0
1.108|kb,95470133218660000,6,25,1,72057594037963902,2,-0.143,-0.108,2.556,2,-0.238,0.136,2.479,2,-0.328,0.392,2.380,2,-0.398,0.506,2.357,2,-0.421,0.271,2.510,2,-0.532,0.128,2.440,2,-0.469,0.350,2.345,1,-0.463,0.411,2.322,2,-0.180,0.437,2.286,2,-0.123,0.313,2.130,2,-0.310,0.428,2.111,2,-0.340,0.479,2.122,2,-0.193,-0.125,2.547,2,-0.391,-0.366,2.523,2,-0.542,-0.747,2.541,2,-0.553,-0.735,2.436,2,-0.089,-0.088,2.502,2,0.127,-0.323,2.411,2,0.331,-0.666,2.457,2,0.276,-0.708,2.353,2,-0.308,0.329,2.407,2,-0.426,0.472,2.276,2,-0.461,0.433,2.348,2,-0.403,0.533,2.164,2,-0.347,0.453,2.092,0,0,0,0,0
1.133|kb,95470136518140000,6,25,1,72057594037963902,2,-0.132,-0.108,2.553,2,-0.235,0.138,2.478,2,-0.328,0.391,2.381,2,-0.391,0.507,2.348,2,-0.420,0.271,2.510,2,-0.525,0.129,2.426,2,-0.470,0.315,2.342,1,-0.462,0.385,2.317,2,-0.170,0.431,2.285,2,-0.118,0.303,2.138,2,-0.299,0.431,2.130,1,-0.313,0.488,2.155,2,-0.182,-0.126,2.543,2,-0.391,-0.366,2.523,2,-0.545,-0.745,2.541,2,-0.555,-0.735,2.436,2,-0.079,-0.087,2.500,2,0.132,-0.327,2.410,2,0.331,-0.662,2.456,2,0.276,-0.706,2.353,2,-0.308,0.329,2.407,2,-0.414,0.435,2.279,2,-0.456,0.435,2.330,2,-0.348,0.529,2.171,2,-0.326,0.513,2.147,0,0,0,0,0
1.175|kb,95470139813050000,6,25,1,72057594037963902,2,-0.129,-0.105,2.555,2,-0.232,0.142,2.476,2,-0.328,0.391,2.380,2,-0.375,0.509,2.332,2,-0.419,0.272,2.507,2,-0.515,0.134,2.405,2,-0.447,0.355,2.311,1,-0.440,0.414,2.293,2,-0.158,0.421,2.285,2,-0.108,0.275,2.155,2,-0.272,0.426,2.137,1,-0.279,0.485,2.165,2,-0.181,-0.125,2.544,2,-0.391,-0.366,2.523,2,-0.547,-0.744,2.541,2,-0.554,-0.735,2.436,2,-0.071,-0.082,2.502,2,0.133,-0.327,2.412,2,0.331,-0.662,2.456,2,0.277,-0.706,2.352,2,-0.307,0.330,2.406,2,-0.396,0.475,2.253,2,-0.449,0.441,2.327,2,-0.299,0.517,2.191,2,-0.290,0.495,2.141,0,0,0,0,0
1.198|kb,95470143218720000,6,25,1,72057594037963902,2,-0.126,-0.107,2.557,2,-0.225,0.143,2.475,2,-0.319,0.393,2.378,2,-0.362,0.509,2.323,2,-0.414,0.273,2.501,2,-0.508,0.137,2.393,2,-0.444,0.346,2.296,1,-0.435,0.409,2.277,2,-0.130,0.394,2.287,2,-0.097,0.241,2.161,2,-0.251,0.416,2.157,1,-0.249,0.471,2.153,2,-0.180,-0.124,2.546,2,-0.391,-0.365,2.522,2,-0.547,-0.741,2.540,2,-0.553,-0.733,2.435,2,-0.066,-0.088,2.505,2,0.139,-0.333,2.414,2,0.332,-0.659,2.456,2,0.280,-0.704,2.351,2,-0.296,0.331,2.404,2,-0.384,0.469,2.252,2,-0.437,0.433,2.302,2,-0.267,0.517,2.164,2,-0.266,0.486,2.160,0,0,0,0,0
1.242|kb,95470146522740000,6,25,1,72057594037963902,2,-0.113,-0.110,2.561,2,-0.212,0.145,2.474,2,-0.306,0.396,2.373,2,-0.342,0.508,2.314,2,-0.400,0.283,2.480,2,-0.492,0.141,2.379,2,-0.439,0.342,2.270,2,-0.432,0.393,2.253,2,-0.119,0.381,2.287,2,-0.096,0.226,2.162,1,-0.234,0.439,2.167,1,-0.265,0.517,2.186,2,-0.173,-0.125,2.545,2,-0.389,-0.362,2.522,2,-0.547,-0.736,2.538,2,-0.551,-0.730,2.432,2,-0.047,-0.095,2.516,2,0.142,-0.333,2.417,2,0.334,-0.658,2.456,2,0.283,-0.703,2.351,2,-0.283,0.334,2.400,2,-0.435,0.456,2.230,2,-0.408,0.406,2.273,2,-0.317,0.554,2.200,2,-0.289,0.502,2.204,0,0,0,0,0
1.265|kb,95470149811960000,6,25,1,72057594037963902,2,-0.110,-0.111,2.562,2,-0.200,0.146,2.471,2,-0.277,0.402,2.364,2,-0.319,0.509,2.306,2,-0.396,0.285,2.476,2,-0.478,0.144,2.365,2,-0.427,0.338,2.250,2,-0.417,0.387,2.235,2,-0.115,0.376,2.289,2,-0.084,0.211,2.182,2,-0.195,0.420,2.153,1,-0.192,0.470,2.167,2,-0.171,-0.125,2.545,2,-0.388,-0.362,2.521,2,-0.548,-0.734,2.537,2,-0.551,-0.728,2.431,2,-0.045,-0.096,2.518,2,0.148,-0.332,2.422,2,0.336,-0.658,2.456,2,0.285,-0.701,2.351,2,-0.259,0.339,2.393,2,-0.424,0.445,2.206,2,-0.392,0.399,2.259,2,-0.203,0.518,2.170,2,-0.206,0.428,2.137,0,0,0,0,0
1.310|kb,95470153219510000,6,25,1,72057594037963902,2,-0.113,-0.106,2.598,2,-0.194,0.149,2.478,2,-0.267,0.403,2.361,2,-0.304,0.509,2.302,2,-0.379,0.295,2.457,2,-0.466,0.153,2.350,2,-0.414,0.302,2.236,2,-0.404,0.348,2.220,2,-0.084,0.347,2.309,2,-0.064,0.192,2.185,2,-0.180,0.418,2.159,1,-0.194,0.483,2.176,2,-0.180,-0.121,2.582,2,-0.388,-0.363,2.520,2,-0.550,-0.733,2.535,2,-0.547,-0.731,2.427,2,-0.044,-0.089,2.550,2,0.150,-0.331,2.426,2,0.341,-0.659,2.456,2,0.296,-0.704,2.349,2,-0.250,0.340,2.392,2,-0.402,0.399,2.182,2,-0.379,0.366,2.227,2,-0.264,0.539,2.181,2,-0.264,0.516,2.170,0,0,0,0,0
1.334|kb,95470156523860000,6,25,1,72057594037963902,2,-0.106,-0.110,2.611,2,-0.174,0.146,2.493,2,-0.237,0.398,2.364,2,-0.290,0.509,2.301,2,-0.371,0.295,2.449,2,-0.456,0.162,2.329,2,-0.409,0.298,2.188,2,-0.389,0.350,2.211,2,-0.087,0.352,2.309,2,-0.047,0.190,2.199,2,-0.157,0.404,2.175,1,-0.188,0.482,2.184,2,-0.173,-0.125,2.590,2,-0.390,-0.275,2.504,2,-0.535,-0.705,2.536,2,-0.534,-0.704,2.426,2,-0.035,-0.092,2.570,2,0.166,-0.265,2.436,2,0.346,-0.671,2.456,2,0.299,-0.705,2.348,2,-0.222,0.336,2.399,2,-0.383,0.404,2.181,2,-0.367,0.371,2.210,2,-0.240,0.535,2.186,2,-0.247,0.503,2.172,0,0,0,0,0
1.376|kb,95470159817660000,6,25,1,72057594037963902,2,-0.107,-0.112,2.615,2,-0.172,0.145,2.494,2,-0.231,0.397,2.365,2,-0.276,0.509,2.298,2,-0.366,0.295,2.444,2,-0.445,0.176,2.304,2,-0.382,0.328,2.199,2,-0.375,0.348,2.206,2,-0.087,0.355,2.309,2,-0.029,0.192,2.211,2,-0.150,0.409,2.177,1,-0.188,0.491,2.190,2,-0.174,-0.127,2.593,2,-0.390,-0.274,2.503,2,-0.531,-0.700,2.534,2,-0.531,-0.699,2.424,2,-0.037,-0.094,2.574,2,0.166,-0.264,2.437,2,0.349,-0.677,2.456,2,0.303,-0.706,2.348,2,-0.217,0.335,2.399,2,-0.366,0.403,2.173,2,-0.348,0.385,2.206,2,-0.231,0.534,2.176,2,-0.213,0.470,2.206,0,0,0,0,0
1.399|kb,95470163217600000,6,25,1,72057594037963902,2,-0.106,-0.113,2.617,2,-0.169,0.144,2.496,2,-0.227,0.395,2.365,2,-0.264,0.510,2.294,2,-0.362,0.295,2.441,2,-0.440,0.179,2.297,2,-0.349,0.358,2.210,2,-0.361,0.346,2.205,2,-0.083,0.357,2.312,2,-0.020,0.196,2.214,2,-0.134,0.399,2.180,1,-0.168,0.476,2.188,2,-0.174,-0.128,2.595,2,-0.390,-0.274,2.502,2,-0.530,-0.699,2.533,2,-0.530,-0.700,2.422,2,-0.036,-0.095,2.577,2,0.165,-0.264,2.438,2,0.352,-0.680,2.455,2,0.306,-0.706,2.347,2,-0.213,0.334,2.400,2,-0.348,0.397,2.171,2,-0.333,0.382,2.210,2,-0.213,0.521,2.176,2,-0.200,0.461,2.209,0,0,0,0,0
1.442|kb,95470166533420000,6,25,1,72057594037963902,2,-0.111,-0.116,2.621,2,-0.168,0.143,2.497,2,-0.219,0.395,2.366,2,-0.254,0.509,2.294,2,-0.360,0.295,2.439,2,-0.435,0.182,2.292,2,-0.349,0.356,2.209,2,-0.330,0.411,2.205,2,-0.079,0.356,2.315,2,-0.013,0.197,2.216,2,-0.128,0.389,2.186,1,-0.169,0.469,2.195,2,-0.178,-0.130,2.597,2,-0.391,-0.273,2.500,2,-0.529,-0.697,2.531,2,-0.529,-0.699,2.419,2,-0.041,-0.100,2.583,2,0.165,-0.263,2.440,2,0.354,-0.682,2.456,2,0.309,-0.706,2.347,2,-0.207,0.333,2.401,2,-0.331,0.474,2.165,2,-0.269,0.413,2.226,2,-0.206,0.515,2.176,2,-0.197,0.449,2.209,0,0,0,0,0
1.465|kb,95470169814470000,6,25,1,72057594037963902,2,-0.113,-0.119,2.623,2,-0.167,0.142,2.498,2,-0.214,0.395,2.366,2,-0.248,0.509,2.293,2,-0.352,0.295,2.433,2,-0.434,0.182,2.290,2,-0.324,0.326,2.224,1,-0.306,0.397,2.210,2,-0.076,0.356,2.316,2,-0.009,0.198,2.217,2,-0.127,0.386,2.187,1,-0.169,0.466,2.196,2,-0.180,-0.132,2.598,2,-0.391,-0.273,2.499,2,-0.527,-0.690,2.526,2,-0.526,-0.692,2.414,2,-0.043,-0.102,2.585,2,0.164,-0.264,2.441,2,0.355,-0.684,2.456,2,0.311,-0.707,2.347,2,-0.203,0.333,2.401,2,-0.231,0.433,2.200,2,-0.333,0.351,2.169,2,-0.203,0.508,2.175,2,-0.193,0.445,2.210,0,0,0,0,0
1.509|kb,95470173217790000,6,25,1,72057594037963902,2,-0.114,-0.119,2.623,2,-0.166,0.142,2.498,2,-0.212,0.395,2.365,2,-0.245,0.508,2.293,2,-0.350,0.296,2.432,2,-0.431,0.182,2.289,2,-0.330,0.354,2.227,1,-0.303,0.412,2.209,2,-0.074,0.356,2.316,2,-0.007,0.198,2.218,2,-0.125,0.387,2.187,1,-0.168,0.465,2.196,2,-0.182,-0.132,2.598,2,-0.391,-0.273,2.499,2,-0.527,-0.690,2.526,2,-0.526,-0.694,2.414,2,-0.043,-0.103,2.585,2,0.164,-0.264,2.441,2,0.355,-0.686,2.457,2,0.311,-0.709,2.348,2,-0.201,0.333,2.401,2,-0.250,0.468,2.199,2,-0.311,0.405,2.163,2,-0.203,0.509,2.175,2,-0.186,0.447,2.214,0,0,0,0,0
1.532|kb,95470176520350000,6,25,1,72057594037963902,2,-0.116,-0.121,2.624,2,-0.166,0.142,2.498,2,-0.211,0.395,2.364,2,-0.243,0.508,2.292,2,-0.349,0.296,2.431,2,-0.429,0.183,2.288,2,-0.324,0.406,2.213,1,-0.285,0.483,2.199,2,-0.059,0.351,2.320,2,-0.006,0.192,2.214,2,-0.125,0.385,2.187,1,-0.166,0.462,2.195,2,-0.184,-0.133,2.599,2,-0.391,-0.272,2.499,2,-0.530,-0.698,2.527,2,-0.527,-0.702,2.414,2,-0.045,-0.106,2.586,2,0.163,-0.265,2.441,2,0.354,-0.687,2.457,2,0.312,-0.710,2.348,2,-0.201,0.332,2.400,2,-0.249,0.537,2.166,2,-0.324,0.480,2.164,2,-0.205,0.508,2.175,2,-0.189,0.446,2.215,0,0,0,0,0
1.576|kb,95470179817870000,6,25,1,72057594037963902,2,-0.116,-0.121,2.624,2,-0.166,0.141,2.499,2,-0.209,0.394,2.364,2,-0.241,0.508,2.292,2,-0.348,0.296,2.431,2,-0.430,0.181,2.290,2,-0.324,0.405,2.216,1,-0.286,0.478,2.202,2,-0.061,0.353,2.319,2,-0.006,0.192,2.215,2,-0.125,0.385,2.186,1,-0.166,0.462,2.195,2,-0.185,-0.134,2.599,2,-0.392,-0.272,2.499,2,-0.533,-0.703,2.528,2,-0.532,-0.708,2.416,2,-0.046,-0.106,2.586,2,0.161,-0.267,2.440,2,0.354,-0.693,2.460,2,0.312,-0.717,2.351,2,-0.199,0.332,2.400,2,-0.249,0.531,2.167,2,-0.324,0.470,2.157,2,-0.205,0.508,2.177,2,-0.194,0.445,2.211,0,0,0,0,0
1.599|kb,95470183216990000,6,25,1,72057594037963902,2,-0.117,-0.123,2.624,2,-0.166,0.140,2.499,2,-0.209,0.394,2.364,2,-0.240,0.508,2.293,2,-0.347,0.297,2.431,2,-0.432,0.178,2.295,2,-0.345,0.360,2.222,2,-0.341,0.354,2.210,2,-0.062,0.353,2.318,2,-0.009,0.191,2.216,2,-0.125,0.384,2.186,1,-0.164,0.462,2.194,2,-0.185,-0.135,2.599,2,-0.392,-0.271,2.500,2,-0.533,-0.701,2.528,2,-0.532,-0.707,2.416,2,-0.047,-0.108,2.586,2,0.160,-0.269,2.439,2,0.364,-0.719,2.464,2,0.330,-0.742,2.431,2,-0.199,0.332,2.400,2,-0.336,0.407,2.187,2,-0.342,0.374,2.156,2,-0.206,0.508,2.178,2,-0.186,0.451,2.219,0,0,0,0,0
1.641|kb,95470186527080000,6,25,1,72057594037963902,2,-0.121,-0.125,2.624,2,-0.165,0.139,2.499,2,-0.205,0.394,2.362,2,-0.238,0.510,2.294,2,-0.346,0.298,2.432,2,-0.434,0.175,2.303,2,-0.344,0.325,2.220,2,-0.345,0.347,2.205,2,-0.062,0.354,2.318,2,-0.014,0.190,2.217,2,-0.125,0.382,2.185,2,-0.138,0.436,2.193,2,-0.187,-0.136,2.599,2,-0.393,-0.271,2.501,2,-0.533,-0.692,2.528,2,-0.532,-0.699,2.416,2,-0.051,-0.112,2.586,2,0.159,-0.271,2.438,2,0.368,-0.727,2.465,2,0.329,-0.744,2.430,2,-0.196,0.331,2.399,2,-0.340,0.402,2.159,2,-0.350,0.321,2.165,2,-0.191,0.505,2.190,2,-0.192,0.432,2.227,0,0,0,0,0
1.665|kb,95470189810700000,6,25,1,72057594037963902,2,-0.121,-0.125,2.624,2,-0.165,0.139,2.498,2,-0.201,0.395,2.361,2,-0.234,0.512,2.295,2,-0.343,0.302,2.433,2,-0.451,0.153,2.370,2,-0.361,0.266,2.229,2,-0.353,0.313,2.202,2,-0.063,0.354,2.317,2,-0.016,0.189,2.217,2,-0.126,0.385,2.187,1,-0.143,0.442,2.200,2,-0.188,-0.135,2.599,2,-0.394,-0.270,2.501,2,-0.533,-0.690,2.529,2,-0.533,-0.697,2.417,2,-0.051,-0.112,2.585,2,0.159,-0.271,2.437,2,0.370,-0.730,2.466,2,0.327,-0.744,2.426,2,-0.193,0.331,2.397,2,-0.343,0.364,2.135,2,-0.363,0.273,2.161,2,-0.187,0.504,2.196,2,-0.176,0.431,2.239,0,0,0,0,0
1.710|kb,95470193217440000,6,25,1,72057594037963902,2,-0.122,-0.125,2.623,2,-0.163,0.139,2.496,2,-0.197,0.396,2.358,2,-0.227,0.514,2.295,2,-0.344,0.311,2.436,2,-0.434,0.156,2.358,1,-0.392,0.202,2.266,2,-0.368,0.230,2.209,2,-0.063,0.355,2.316,2,-0.017,0.189,2.215,2,-0.119,0.422,2.178,1,-0.154,0.481,2.207,2,-0.189,-0.134,2.598,2,-0.395,-0.269,2.500,2,-0.533,-0.686,2.527,2,-0.535,-0.693,2.416,2,-0.053,-0.113,2.583,2,0.159,-0.271,2.436,2,0.369,-0.730,2.464,2,0.333,-0.741,2.424,2,-0.190,0.332,2.395,2,-0.361,0.267,2.137,2,-0.381,0.201,2.170,2,-0.175,0.547,2.180,2,-0.164,0.454,2.230,0,0,0,0,0
1.744|kb,95470196517350000,6,25,1,72057594037963902,2,-0.125,-0.123,2.620,2,-0.162,0.140,2.494,2,-0.191,0.397,2.354,2,-0.217,0.517,2.296,2,-0.346,0.342,2.449,1,-0.487,0.165,2.400,1,-0.401,0.273,2.213,1,-0.374,0.309,2.154,2,-0.056,0.354,2.314,2,-0.015,0.187,2.213,2,-0.117,0.420,2.178,1,-0.150,0.478,2.209,2,-0.191,-0.130,2.596,2,-0.397,-0.268,2.496,2,-0.533,-0.682,2.526,2,-0.542,-0.690,2.418,2,-0.056,-0.113,2.579,2,0.160,-0.271,2.436,2,0.371,-0.730,2.463,2,0.334,-0.739,2.417,2,-0.185,0.334,2.391,1,-0.366,0.346,2.082,1,-0.387,0.280,2.115,2,-0.170,0.545,2.176,2,-0.154,0.444,2.234,0,0,0,0,0
1.777|kb,95470199814820000,6,25,1,72057594037963902,2,-0.126,-0.122,2.617,2,-0.156,0.142,2.489,2,-0.174,0.400,2.348,2,-0.197,0.520,2.296,2,-0.343,0.346,2.447,2,-0.441,0.192,2.505,2,-0.433,0.088,2.338,2,-0.433,0.066,2.244,2,-0.015,0.352,2.319,2,-0.009,0.185,2.211,2,-0.088,0.374,2.188,1,-0.107,0.428,2.202,2,-0.193,-0.126,2.594,2,-0.399,-0.267,2.491,2,-0.535,-0.679,2.523,2,-0.539,-0.686,2.412,2,-0.058,-0.114,2.575,2,0.164,-0.270,2.437,2,0.372,-0.724,2.461,2,0.338,-0.733,2.409,2,-0.171,0.336,2.385,2,-0.433,0.039,2.174,2,-0.424,0.047,2.232,2,-0.089,0.499,2.198,2,-0.152,0.422,2.229,0,0,0,0,0
1.810|kb,95470203217330000,6,25,1,72057594037963902,2,-0.128,-0.122,2.616,2,-0.151,0.143,2.488,2,-0.160,0.401,2.349,2,-0.176,0.525,2.295,2,-0.332,0.350,2.437,2,-0.454,0.191,2.503,2,-0.480,0.041,2.342,2,-0.490,0.002,2.300,2,-0.012,0.353,2.321,2,0.012,0.186,2.214,2,-0.083,0.380,2.188,1,-0.105,0.441,2.211,2,-0.195,-0.125,2.592,2,-0.399,-0.266,2.484,2,-0.535,-0.675,2.520,2,-0.538,-0.681,2.408,2,-0.058,-0.115,2.574,2,0.170,-0.267,2.441,2,0.360,-0.693,2.455,2,0.308,-0.707,2.345,2,-0.159,0.338,2.386,2,-0.500,-0.031,2.237,2,-0.488,-0.027,2.327,2,-0.136,0.502,2.204,2,-0.130,0.423,2.239,0,0,0,0,0
1.834|kb,95470206524290000,6,25,1,72057594037963902,2,-0.128,-0.122,2.615,2,-0.144,0.144,2.488,2,-0.146,0.403,2.351,2,-0.152,0.525,2.295,2,-0.312,0.349,2.416,2,-0.477,0.205,2.486,2,-0.529,0.024,2.383,2,-0.550,-0.030,2.329,2,-0.005,0.353,2.325,2,0.041,0.188,2.223,2,-0.042,0.357,2.194,2,-0.084,0.435,2.209,2,-0.196,-0.124,2.590,2,-0.398,-0.264,2.476,2,-0.535,-0.673,2.515,2,-0.533,-0.679,2.401,2,-0.058,-0.115,2.575,2,0.175,-0.264,2.445,2,0.351,-0.672,2.447,2,0.309,-0.697,2.336,2,-0.146,0.339,2.387,2,-0.567,-0.076,2.285,2,-0.547,-0.049,2.347,2,-0.122,0.493,2.202,2,-0.129,0.407,2.227,0,0,0,0,0
1.876|kb,95470209873130000,6,25,1,72057594037963902,2,-0.128,-0.121,2.615,2,-0.142,0.144,2.488,2,-0.145,0.403,2.350,2,-0.128,0.525,2.294,2,-0.299,0.346,2.399,2,-0.496,0.218,2.462,2,-0.580,0.032,2.375,2,-0.611,-0.025,2.337,2,0.003,0.354,2.330,2,0.072,0.188,2.247,2,-0.028,0.419,2.195,1,-0.050,0.495,2.205,2,-0.196,-0.123,2.589,2,-0.396,-0.266,2.469,2,-0.538,-0.693,2.506,2,-0.531,-0.702,2.391,2,-0.058,-0.115,2.576,2,0.178,-0.262,2.450,2,0.350,-0.667,2.442,2,0.314,-0.693,2.330,2,-0.145,0.339,2.387,2,-0.640,-0.075,2.300,2,-0.613,-0.050,2.343,2,-0.085,0.554,2.183,2,-0.097,0.525,2.168,0,0,0,0,0
1.898|kb,95470213216960000,6,25,1,72057594037963902,2,-0.127,-0.121,2.616,2,-0.139,0.144,2.489,2,-0.142,0.401,2.351,2,-0.100,0.525,2.294,2,-0.283,0.342,2.376,2,-0.501,0.244,2.413,2,-0.625,0.061,2.356,2,-0.677,-0.007,2.320,2,0.027,0.354,2.350,2,0.092,0.189,2.262,2,0.013,0.356,2.214,2,-0.019,0.418,2.212,2,-0.196,-0.122,2.587,2,-0.394,-0.268,2.459,2,-0.535,-0.696,2.503,2,-0.517,-0.709,2.386,2,-0.055,-0.114,2.582,2,0.179,-0.260,2.459,2,0.352,-0.668,2.439,2,0.328,-0.691,2.326,2,-0.142,0.338,2.388,2,-0.713,-0.057,2.299,2,-0.681,-0.030,2.329,2,-0.067,0.471,2.211,2,-0.064,0.430,2.213,0,0,0,0,0
1.942|kb,95470216519780000,6,25,1,72057594037963902,2,-0.125,-0.120,2.617,2,-0.114,0.141,2.496,2,-0.090,0.395,2.368,2,-0.078,0.521,2.298,2,-0.264,0.333,2.355,2,-0.486,0.265,2.368,2,-0.667,0.090,2.317,2,-0.734,0.033,2.290,2,0.045,0.353,2.370,2,0.118,0.190,2.286,2,0.015,0.416,2.214,1,-0.028,0.490,2.214,2,-0.194,-0.122,2.584,2,-0.391,-0.271,2.452,2,-0.531,-0.692,2.496,2,-0.502,-0.708,2.378,2,-0.050,-0.113,2.590,2,0.179,-0.261,2.470,2,0.354,-0.672,2.438,2,0.341,-0.690,2.326,2,-0.095,0.332,2.402,2,-0.782,-0.023,2.273,2,-0.739,0.013,2.300,2,-0.064,0.547,2.172,2,-0.054,0.458,2.200,0,0,0,0,0
1.965|kb,95470219814130000,6,25,1,72057594037963902,2,-0.121,-0.120,2.618,2,-0.104,0.142,2.498,2,-0.083,0.396,2.367,2,-0.053,0.515,2.301,2,-0.246,0.327,2.336,2,-0.482,0.277,2.323,2,-0.676,0.150,2.268,2,-0.753,0.107,2.246,2,0.055,0.349,2.382,2,0.142,0.186,2.317,1,0.037,0.406,2.231,1,-0.037,0.539,2.199,2,-0.189,-0.123,2.581,2,-0.388,-0.276,2.444,2,-0.518,-0.683,2.488,2,-0.482,-0.703,2.372,2,-0.046,-0.113,2.596,2,0.178,-0.263,2.479,2,0.358,-0.678,2.438,2,0.352,-0.690,2.329,2,-0.088,0.333,2.402,2,-0.809,0.066,2.250,2,-0.762,0.086,2.257,2,-0.070,0.592,2.182,2,-0.064,0.507,2.169,0,0,0,0,0
2.009|kb,95470223218220000,6,25,1,72057594037963902,2,-0.108,-0.122,2.622,2,-0.091,0.142,2.500,2,-0.073,0.398,2.367,2,-0.037,0.514,2.306,2,-0.230,0.323,2.327,2,-0.462,0.286,2.279,2,-0.691,0.191,2.213,2,-0.768,0.173,2.193,2,0.059,0.347,2.390,2,0.159,0.186,2.346,1,0.053,0.403,2.252,1,-0.017,0.533,2.208,2,-0.176,-0.127,2.579,2,-0.385,-0.278,2.440,2,-0.516,-0.680,2.488,2,-0.475,-0.704,2.373,2,-0.036,-0.113,2.604,2,0.179,-0.266,2.490,2,0.364,-0.689,2.447,2,0.360,-0.694,2.341,2,-0.077,0.335,2.403,2,-0.825,0.144,2.193,2,-0.729,0.161,2.205,2,-0.052,0.591,2.193,2,-0.042,0.494,2.182,0,0,0,0,0
2.032|kb,95470226519410000,6,25,1,72057594037963902,2,-0.103,-0.123,2.624,2,-0.085,0.141,2.500,2,-0.067,0.398,2.366,2,-0.018,0.510,2.308,2,-0.206,0.315,2.318,2,-0.443,0.286,2.234,2,-0.682,0.234,2.153,2,-0.763,0.235,2.128,2,0.067,0.338,2.408,2,0.171,0.182,2.355,2,0.092,0.336,2.271,1,0.050,0.411,2.257,2,-0.169,-0.130,2.577,2,-0.378,-0.279,2.436,2,-0.513,-0.679,2.488,2,-0.465,-0.706,2.376,2,-0.033,-0.114,2.608,2,0.179,-0.268,2.494,2,0.369,-0.699,2.452,2,0.370,-0.697,2.351,2,-0.071,0.334,2.402,2,-0.816,0.225,2.113,2,-0.752,0.206,2.127,2,0.003,0.450,2.225,2,0.059,0.456,2.254,0,0,0,0,0
2.077|kb,95470229816240000,6,25,1,72057594037963902,2,-0.101,-0.125,2.625,2,-0.080,0.139,2.501,2,-0.056,0.397,2.365,2,-0.003,0.508,2.313,2,-0.194,0.313,2.312,2,-0.405,0.303,2.193,2,-0.641,0.273,2.092,2,-0.746,0.278,2.062,2,0.067,0.333,2.414,2,0.180,0.182,2.367,2,0.098,0.331,2.277,1,0.056,0.408,2.263,2,-0.166,-0.132,2.575,2,-0.374,-0.280,2.434,2,-0.511,-0.676,2.487,2,-0.460,-0.706,2.378,2,-0.031,-0.115,2.611,2,0.180,-0.269,2.498,2,0.371,-0.706,2.457,2,0.374,-0.699,2.358,2,-0.062,0.334,2.401,2,-0.802,0.273,2.035,2,-0.723,0.240,2.056,2,0.004,0.450,2.221,2,0.057,0.446,2.265,0,0,0,0,0
2.102|kb,95470233216990000,6,25,1,72057594037963902,2,-0.101,-0.126,2.625,2,-0.075,0.139,2.501,2,-0.045,0.398,2.364,2,0.009,0.505,2.319,2,-0.180,0.318,2.304,2,-0.379,0.319,2.162,2,-0.604,0.304,2.033,2,-0.714,0.309,1.988,2,0.071,0.320,2.430,2,0.194,0.178,2.380,2,0.119,0.333,2.292,1,0.085,0.389,2.281,2,-0.164,-0.132,2.574,2,-0.372,-0.280,2.434,2,-0.508,-0.677,2.489,2,-0.452,-0.710,2.382,2,-0.032,-0.117,2.613,2,0.180,-0.269,2.501,2,0.371,-0.709,2.466,2,0.378,-0.699,2.369,2,-0.053,0.334,2.401,2,-0.768,0.302,1.953,2,-0.692,0.268,1.977,2,0.037,0.432,2.260,2,0.109,0.417,2.226,0,0,0,0,0
2.142|kb,95470236519730000,6,25,1,72057594037963902,2,-0.100,-0.126,2.625,2,-0.071,0.139,2.500,2,-0.035,0.399,2.363,2,0.017,0.505,2.322,2,-0.172,0.319,2.300,2,-0.352,0.337,2.125,2,-0.557,0.320,1.965,2,-0.657,0.328,1.904,2,0.072,0.319,2.432,2,0.198,0.178,2.389,2,0.121,0.329,2.294,1,0.090,0.390,2.285,2,-0.163,-0.133,2.573,2,-0.369,-0.277,2.432,2,-0.505,-0.676,2.489,2,-0.447,-0.711,2.384,2,-0.033,-0.118,2.613,2,0.180,-0.269,2.502,2,0.372,-0.713,2.469,2,0.380,-0.701,2.373,2,-0.044,0.335,2.399,2,-0.705,0.313,1.848,2,-0.629,0.285,1.889,2,0.037,0.430,2.251,2,0.093,0.437,2.282,0,0,0,0,0
2.165|kb,95470239812670000,6,25,1,72057594037963902,2,-0.100,-0.128,2.625,2,-0.068,0.138,2.500,2,-0.032,0.400,2.364,2,0.026,0.504,2.327,2,-0.164,0.318,2.302,2,-0.296,0.348,2.124,2,-0.474,0.340,1.933,2,-0.585,0.349,1.830,2,0.083,0.308,2.455,2,0.205,0.171,2.387,2,0.126,0.324,2.300,1,0.094,0.391,2.292,2,-0.163,-0.133,2.573,2,-0.369,-0.276,2.431,2,-0.503,-0.676,2.490,2,-0.443,-0.711,2.386,2,-0.033,-0.121,2.614,2,0.180,-0.269,2.503,2,0.373,-0.714,2.473,2,0.384,-0.701,2.378,2,-0.041,0.335,2.400,2,-0.632,0.345,1.771,2,-0.587,0.307,1.799,2,0.040,0.432,2.252,2,0.124,0.406,2.246,0,0,0,0,0
2.209|kb,95470243217390000,6,25,1,72057594037963902,2,-0.099,-0.128,2.626,2,-0.066,0.138,2.502,2,-0.029,0.401,2.366,2,0.031,0.503,2.330,2,-0.159,0.315,2.305,2,-0.287,0.347,2.103,2,-0.422,0.351,1.878,2,-0.499,0.368,1.768,2,0.082,0.309,2.451,2,0.206,0.171,2.392,2,0.128,0.323,2.301,1,0.096,0.389,2.292,2,-0.162,-0.134,2.573,2,-0.369,-0.276,2.431,2,-0.502,-0.675,2.490,2,-0.443,-0.711,2.387,2,-0.033,-0.122,2.615,2,0.180,-0.269,2.503,2,0.372,-0.713,2.476,2,0.382,-0.700,2.381,2,-0.038,0.336,2.402,2,-0.534,0.386,1.695,2,-0.504,0.326,1.740,2,0.043,0.430,2.251,2,0.120,0.422,2.271,0,0,0,0,0
2.232|kb,95470246517050000,6,25,1,72057594037963902,2,-0.099,-0.130,2.626,2,-0.067,0.138,2.502,2,-0.034,0.401,2.367,2,0.035,0.503,2.331,2,-0.156,0.315,2.306,2,-0.263,0.358,2.071,2,-0.361,0.357,1.826,2,-0.408,0.385,1.723,2,0.083,0.308,2.452,2,0.207,0.170,2.393,2,0.130,0.325,2.308,1,0.122,0.340,2.305,2,-0.162,-0.134,2.573,2,-0.369,-0.276,2.431,2,-0.502,-0.675,2.491,2,-0.443,-0.712,2.387,2,-0.033,-0.124,2.616,2,0.180,-0.269,2.503,2,0.372,-0.714,2.477,2,0.383,-0.700,2.381,2,-0.042,0.336,2.403,2,-0.426,0.397,1.647,2,-0.452,0.381,1.701,2,0.090,0.396,2.294,2,0.126,0.374,2.247,0,0,0,0,0
2.277|kb,95470249819520000,6,25,1,72057594037963902,2,-0.100,-0.130,2.627,2,-0.066,0.138,2.503,2,-0.028,0.402,2.369,2,0.037,0.502,2.331,2,-0.154,0.311,2.311,2,-0.215,0.367,2.101,2,-0.286,0.359,1.847,2,-0.313,0.399,1.701,2,0.083,0.307,2.452,2,0.208,0.168,2.395,2,0.131,0.323,2.309,1,0.123,0.339,2.303,2,-0.162,-0.134,2.574,2,-0.369,-0.275,2.431,2,-0.502,-0.675,2.490,2,-0.444,-0.712,2.386,2,-0.034,-0.125,2.616,2,0.180,-0.269,2.502,2,0.371,-0.714,2.477,2,0.382,-0.700,2.381,2,-0.037,0.337,2.404,2,-0.323,0.417,1.627,2,-0.317,0.366,1.687,2,0.092,0.396,2.292,2,0.125,0.370,2.247,0,0,0,0,0
2.299|kb,95470253217110000,6,25,1,72057594037963902,2,-0.099,-0.131,2.627,2,-0.064,0.138,2.503,2,-0.026,0.402,2.367,2,0.039,0.503,2.331,2,-0.157,0.300,2.324,2,-0.187,0.353,2.112,2,-0.220,0.371,1.851,2,-0.227,0.412,1.671,2,0.084,0.307,2.452,2,0.207,0.167,2.397,2,0.132,0.322,2.308,1,0.124,0.336,2.305,2,-0.162,-0.135,2.575,2,-0.370,-0.273,2.432,2,-0.502,-0.675,2.490,2,-0.446,-0.712,2.385,2,-0.033,-0.125,2.616,2,0.178,-0.268,2.501,2,0.370,-0.714,2.479,2,0.378,-0.700,2.382,2,-0.035,0.337,2.403,2,-0.221,0.436,1.615,2,-0.235,0.394,1.643,2,0.091,0.391,2.296,2,0.129,0.368,2.250,0,0,0,0,0
2.342|kb,95470256522500000,6,25,1,72057594037963902,2,-0.100,-0.133,2.628,2,-0.064,0.137,2.503,2,-0.026,0.402,2.368,2,0.040,0.503,2.331,2,-0.156,0.297,2.327,2,-0.167,0.356,2.109,2,-0.181,0.377,1.848,2,-0.153,0.426,1.657,2,0.083,0.305,2.452,2,0.208,0.167,2.396,2,0.131,0.320,2.308,1,0.124,0.332,2.302,2,-0.164,-0.137,2.575,2,-0.371,-0.271,2.433,2,-0.504,-0.676,2.490,2,-0.448,-0.713,2.385,2,-0.032,-0.127,2.618,2,0.177,-0.267,2.499,2,0.370,-0.714,2.480,2,0.377,-0.701,2.382,2,-0.036,0.337,2.404,2,-0.128,0.446,1.612,2,-0.133,0.416,1.616,2,0.095,0.389,2.282,2,0.125,0.361,2.247,0,0,0,0,0
2.365|kb,95470259818810000,6,25,1,72057594037963902,2,-0.099,-0.134,2.629,2,-0.061,0.136,2.504,2,-0.021,0.400,2.367,2,0.040,0.503,2.329,2,-0.161,0.297,2.326,2,-0.145,0.364,2.116,2,-0.148,0.383,1.854,2,-0.096,0.437,1.669,2,0.082,0.305,2.451,2,0.207,0.167,2.396,2,0.136,0.318,2.299,1,0.111,0.370,2.289,2,-0.163,-0.138,2.576,2,-0.372,-0.269,2.436,2,-0.506,-0.677,2.490,2,-0.450,-0.714,2.385,2,-0.032,-0.127,2.618,2,0.175,-0.267,2.498,2,0.370,-0.714,2.481,2,0.377,-0.702,2.382,2,-0.031,0.335,2.403,2,-0.061,0.450,1.633,2,-0.104,0.471,1.656,2,0.054,0.415,2.270,2,0.131,0.403,2.243,0,0,0,0,0
2.409|kb,95470263218240000,6,25,1,72057594037963902,2,-0.099,-0.134,2.628,2,-0.062,0.136,2.503,2,-0.024,0.401,2.366,2,0.039,0.502,2.327,2,-0.161,0.295,2.327,2,-0.140,0.365,2.116,2,-0.108,0.395,1.856,2,-0.062,0.443,1.690,2,0.082,0.306,2.450,2,0.206,0.166,2.395,2,0.131,0.315,2.296,1,0.118,0.347,2.287,2,-0.163,-0.138,2.575,2,-0.374,-0.266,2.438,2,-0.507,-0.679,2.490,2,-0.452,-0.714,2.385,2,-0.031,-0.128,2.617,2,0.175,-0.268,2.496,2,0.369,-0.714,2.481,2,0.376,-0.702,2.382,2,-0.033,0.335,2.402,2,-0.028,0.477,1.655,2,-0.077,0.474,1.675,2,0.053,0.404,2.286,2,0.127,0.381,2.235,0,0,0,0,0
2.432|kb,95470266517300000,6,25,1,72057594037963902,2,-0.098,-0.134,2.628,2,-0.062,0.136,2.503,2,-0.026,0.402,2.365,2,0.039,0.500,2.325,2,-0.163,0.294,2.329,2,-0.136,0.365,2.119,2,-0.094,0.400,1.861,2,-0.049,0.445,1.714,2,0.081,0.306,2.449,2,0.205,0.166,2.394,2,0.131,0.316,2.294,1,0.117,0.346,2.286,2,-0.163,-0.138,2.575,2,-0.375,-0.264,2.440,2,-0.508,-0.680,2.492,2,-0.453,-0.715,2.386,2,-0.031,-0.128,2.617,2,0.174,-0.269,2.494,2,0.368,-0.713,2.482,2,0.341,-0.722,2.426,2,-0.035,0.336,2.401,2,-0.014,0.461,1.688,2,-0.062,0.472,1.692,2,0.050,0.401,2.277,2,0.123,0.377,2.231,0,0,0,0,0
2.476|kb,95470269817160000,6,25,1,72057594037963902,2,-0.098,-0.134,2.628,2,-0.062,0.137,2.502,2,-0.028,0.402,2.364,2,0.040,0.499,2.323,2,-0.164,0.294,2.330,2,-0.141,0.361,2.117,2,-0.093,0.401,1.860,2,-0.043,0.447,1.724,2,0.081,0.306,2.448,2,0.203,0.166,2.391,2,0.130,0.316,2.293,1,0.116,0.344,2.283,2,-0.163,-0.138,2.575,2,-0.376,-0.262,2.442,2,-0.511,-0.682,2.493,2,-0.456,-0.716,2.386,2,-0.030,-0.127,2.616,2,0.173,-0.269,2.492,2,0.367,-0.713,2.482,2,0.340,-0.722,2.425,2,-0.036,0.337,2.401,2,-0.009,0.483,1.683,2,-0.068,0.464,1.706,2,0.050,0.404,2.277,2,0.120,0.376,2.229,0,0,0,0,0
2.498|kb,95470273216930000,6,25,1,72057594037963902,2,-0.098,-0.134,2.627,2,-0.063,0.137,2.502,2,-0.029,0.403,2.364,2,0.039,0.497,2.322,2,-0.166,0.295,2.331,2,-0.212,0.354,2.074,2,-0.118,0.400,1.831,2,-0.049,0.446,1.736,2,0.081,0.306,2.448,2,0.202,0.167,2.383,2,0.127,0.320,2.290,1,0.117,0.336,2.281,2,-0.163,-0.138,2.575,2,-0.376,-0.261,2.444,2,-0.513,-0.683,2.493,2,-0.459,-0.716,2.387,2,-0.030,-0.127,2.615,2,0.173,-0.270,2.490,2,0.366,-0.712,2.481,2,0.372,-0.704,2.379,2,-0.037,0.337,2.400,2,-0.009,0.462,1.712,2,-0.060,0.473,1.716,2,0.096,0.392,2.268,2,0.117,0.357,2.229,0,0,0,0,0
2.541|kb,95470276519450000,6,25,1,72057594037963902,2,-0.098,-0.134,2.627,2,-0.063,0.137,2.501,2,-0.030,0.403,2.364,2,0.038,0.496,2.321,2,-0.168,0.299,2.339,2,-0.222,0.349,2.080,2,-0.121,0.400,1.842,2,-0.056,0.447,1.756,2,0.081,0.306,2.447,2,0.200,0.167,2.378,2,0.124,0.320,2.286,1,0.113,0.334,2.276,2,-0.164,-0.137,2.575,2,-0.377,-0.261,2.445,2,-0.514,-0.685,2.494,2,-0.462,-0.717,2.386,2,-0.030,-0.128,2.614,2,0.173,-0.270,2.488,2,0.366,-0.712,2.480,2,0.369,-0.704,2.376,2,-0.038,0.337,2.400,2,-0.010,0.466,1.732,2,-0.070,0.474,1.738,2,0.092,0.391,2.269,2,0.113,0.350,2.228,0,0,0,0,0
2.564|kb,95470279812730000,6,25,1,72057594037963902,2,-0.099,-0.134,2.626,2,-0.064,0.137,2.501,2,-0.031,0.403,2.365,2,0.036,0.497,2.319,2,-0.171,0.302,2.343,2,-0.234,0.346,2.086,2,-0.122,0.414,1.857,2,-0.068,0.452,1.791,2,0.081,0.306,2.446,2,0.198,0.167,2.373,2,0.121,0.315,2.275,1,0.110,0.334,2.268,2,-0.165,-0.137,2.574,2,-0.377,-0.260,2.447,2,-0.514,-0.686,2.494,2,-0.465,-0.717,2.385,2,-0.030,-0.128,2.612,2,0.173,-0.271,2.485,2,0.364,-0.711,2.478,2,0.366,-0.705,2.373,2,-0.039,0.337,2.401,2,-0.022,0.472,1.766,2,-0.087,0.477,1.772,2,0.091,0.389,2.263,2,0.113,0.362,2.215,0,0,0,0,0
2.602|kb,95470283217290000,6,25,1,72057594037963902,2,-0.099,-0.134,2.625,2,-0.064,0.137,2.501,2,-0.032,0.403,2.365,2,0.032,0.498,2.316,2,-0.171,0.303,2.343,2,-0.250,0.336,2.088,2,-0.122,0.428,1.890,2,-0.077,0.467,1.848,2,0.081,0.306,2.444,2,0.193,0.167,2.362,2,0.116,0.315,2.264,1,0.106,0.334,2.258,2,-0.165,-0.136,2.574,2,-0.377,-0.260,2.449,2,-0.514,-0.686,2.494,2,-0.465,-0.717,2.385,2,-0.030,-0.128,2.612,2,0.173,-0.272,2.482,2,0.363,-0.711,2.476,2,0.365,-0.706,2.370,2,-0.040,0.337,2.401,2,-0.026,0.496,1.826,2,-0.095,0.492,1.830,2,0.090,0.388,2.254,2,0.114,0.359,2.205,0,0,0,0,0
2.642|kb,95470286518010000,6,25,1,72057594037963902,2,-0.099,-0.134,2.625,2,-0.065,0.137,2.501,2,-0.034,0.401,2.367,2,0.025,0.499,2.310,2,-0.172,0.303,2.343,2,-0.266,0.326,2.092,2,-0.139,0.433,1.954,2,-0.089,0.483,1.924,2,0.081,0.305,2.442,2,0.188,0.164,2.357,2,0.116,0.313,2.258,1,0.101,0.331,2.250,2,-0.165,-0.136,2.574,2,-0.378,-0.260,2.452,2,-0.515,-0.687,2.496,2,-0.466,-0.717,2.386,2,-0.029,-0.129,2.609,2,0.173,-0.273,2.478,2,0.362,-0.710,2.473,2,0.364,-0.706,2.366,2,-0.041,0.336,2.402,2,-0.029,0.523,1.911,2,-0.103,0.509,1.907,2,0.089,0.386,2.250,2,0.103,0.350,2.196,0,0,0,0,0
2.665|kb,95470289810530000,6,25,1,72057594037963902,2,-0.099,-0.134,2.625,2,-0.066,0.136,2.502,2,-0.037,0.399,2.370,2,0.013,0.501,2.303,2,-0.174,0.303,2.344,2,-0.287,0.305,2.107,2,-0.153,0.454,2.007,2,-0.106,0.500,2.004,2,0.081,0.304,2.439,2,0.185,0.160,2.354,2,0.109,0.299,2.241,1,0.094,0.334,2.237,2,-0.166,-0.136,2.575,2,-0.377,-0.260,2.458,2,-0.516,-0.688,2.498,2,-0.468,-0.717,2.387,2,-0.029,-0.130,2.607,2,0.173,-0.274,2.475,2,0.361,-0.709,2.471,2,0.362,-0.706,2.363,2,-0.044,0.335,2.405,2,-0.053,0.541,2.002,2,-0.122,0.520,1.989,2,0.095,0.391,2.232,2,0.101,0.342,2.184,0,0,0,0,0
2.709|kb,95470293217740000,6,25,1,72057594037963902,2,-0.099,-0.134,2.624,2,-0.069,0.135,2.502,2,-0.046,0.397,2.372,2,-0.003,0.504,2.295,2,-0.183,0.304,2.353,2,-0.296,0.281,2.141,2,-0.155,0.428,2.087,2,-0.141,0.473,2.080,2,0.080,0.303,2.437,2,0.182,0.158,2.351,2,0.102,0.294,2.237,2,0.090,0.339,2.215,2,-0.166,-0.136,2.575,2,-0.377,-0.262,2.465,2,-0.517,-0.688,2.500,2,-0.473,-0.715,2.387,2,-0.028,-0.131,2.605,2,0.173,-0.274,2.470,2,0.360,-0.708,2.470,2,0.357,-0.706,2.360,2,-0.051,0.332,2.406,2,-0.096,0.528,2.067,2,-0.148,0.514,2.066,2,0.103,0.394,2.177,2,0.101,0.326,2.169,0,0,0,0,0
2.733|kb,95470296517050000,6,25,1,72057594037963902,2,-0.098,-0.134,2.623,2,-0.073,0.134,2.501,2,-0.060,0.394,2.370,2,-0.031,0.504,2.281,2,-0.189,0.306,2.356,2,-0.292,0.276,2.177,2,-0.169,0.417,2.145,1,-0.151,0.478,2.133,2,0.076,0.302,2.432,2,0.175,0.157,2.341,2,0.097,0.289,2.220,2,0.084,0.328,2.194,2,-0.166,-0.136,2.577,2,-0.378,-0.262,2.470,2,-0.518,-0.686,2.504,2,-0.476,-0.712,2.391,2,-0.026,-0.132,2.599,2,0.173,-0.276,2.463,2,0.357,-0.706,2.466,2,0.353,-0.705,2.355,2,-0.063,0.330,2.405,2,-0.108,0.539,2.137,2,-0.166,0.501,2.112,2,0.094,0.381,2.143,2,0.070,0.356,2.202,0,0,0,0,0
2.779|kb,95470299817220000,6,25,1,72057594037963902,2,-0.106,-0.131,2.626,2,-0.092,0.139,2.497,2,-0.084,0.401,2.351,2,-0.055,0.503,2.277,2,-0.238,0.319,2.380,2,-0.300,0.255,2.199,2,-0.184,0.404,2.174,1,-0.155,0.463,2.178,2,0.041,0.304,2.394,2,0.167,0.166,2.340,2,0.084,0.264,2.192,2,0.078,0.301,2.173,2,-0.185,-0.123,2.598,2,-0.377,-0.262,2.480,2,-0.515,-0.669,2.512,2,-0.492,-0.691,2.396,2,-0.030,-0.131,2.597,2,0.172,-0.278,2.454,2,0.355,-0.704,2.461,2,0.331,-0.709,2.348,2,-0.086,0.337,2.390,2,-0.100,0.526,2.177,2,-0.175,0.501,2.142,2,0.082,0.356,2.116,2,0.059,0.330,2.190,0,0,0,0,0
2.804|kb,95470303217110000,6,25,1,72057594037963902,2,-0.108,-0.130,2.628,2,-0.091,0.139,2.499,2,-0.069,0.399,2.362,2,-0.090,0.501,2.281,2,-0.240,0.320,2.381,2,-0.315,0.236,2.214,2,-0.207,0.391,2.192,1,-0.173,0.448,2.193,2,0.039,0.304,2.393,2,0.164,0.165,2.341,2,0.084,0.252,2.177,2,0.075,0.267,2.152,2,-0.186,-0.122,2.601,2,-0.378,-0.262,2.491,2,-0.518,-0.672,2.516,2,-0.494,-0.690,2.400,2,-0.031,-0.131,2.596,2,0.171,-0.280,2.444,2,0.352,-0.701,2.459,2,0.329,-0.709,2.344,2,-0.076,0.335,2.398,2,-0.126,0.504,2.182,2,-0.136,0.395,2.226,2,0.069,0.313,2.097,2,0.057,0.293,2.161,0,0,0,0,0
2.852|kb,95470306517110000,6,25,1,72057594037963902,2,-0.110,-0.130,2.629,2,-0.107,0.133,2.502,2,-0.119,0.382,2.366,2,-0.117,0.493,2.280,2,-0.243,0.321,2.382,2,-0.334,0.219,2.236,1,-0.195,0.433,2.199,1,-0.176,0.476,2.190,2,0.022,0.317,2.373,2,0.159,0.170,2.342,2,0.084,0.213,2.157,2,0.078,0.220,2.133,2,-0.187,-0.123,2.602,2,-0.378,-0.262,2.500,2,-0.520,-0.675,2.516,2,-0.499,-0.689,2.401,2,-0.033,-0.131,2.595,2,0.169,-0.280,2.434,2,0.350,-0.698,2.456,2,0.324,-0.710,2.341,2,-0.115,0.321,2.402,2,-0.136,0.546,2.165,2,-0.141,0.443,2.171,2,0.070,0.257,2.070,2,0.051,0.226,2.150,0,0,0,0,0
2.878|kb,95470309847420000,6,25,1,72057594037963902,2,-0.112,-0.130,2.630,2,-0.117,0.133,2.500,2,-0.131,0.387,2.356,2,-0.138,0.492,2.278,2,-0.251,0.325,2.385,2,-0.349,0.216,2.249,2,-0.223,0.408,2.214,1,-0.206,0.448,2.201,2,0.018,0.316,2.371,2,0.173,0.169,2.344,2,0.071,0.161,2.155,2,0.084,0.172,2.115,2,-0.189,-0.123,2.606,2,-0.377,-0.261,2.509,2,-0.522,-0.677,2.519,2,-0.502,-0.688,2.405,2,-0.034,-0.131,2.595,2,0.165,-0.277,2.429,2,0.348,-0.696,2.454,2,0.321,-0.711,2.340,2,-0.127,0.324,2.394,2,-0.182,0.515,2.178,2,-0.204,0.440,2.218,2,0.077,0.198,2.056,2,0.058,0.168,2.139,0,0,0,0,0
2.901|kb,95470313217090000,6,25,1,72057594037963902,2,-0.114,-0.130,2.632,2,-0.125,0.131,2.503,2,-0.140,0.383,2.361,2,-0.167,0.488,2.281,2,-0.297,0.339,2.409,2,-0.367,0.214,2.270,2,-0.274,0.376,2.218,1,-0.237,0.435,2.209,2,0.008,0.313,2.367,2,0.176,0.170,2.342,2,0.111,0.134,2.132,2,0.095,0.132,2.087,2,-0.191,-0.123,2.609,2,-0.377,-0.262,2.517,2,-0.523,-0.679,2.521,2,-0.511,-0.687,2.409,2,-0.037,-0.132,2.595,2,0.163,-0.276,2.423,2,0.346,-0.693,2.453,2,0.311,-0.712,2.338,2,-0.136,0.321,2.399,2,-0.199,0.485,2.175,2,-0.192,0.380,2.211,2,0.084,0.133,2.050,2,0.067,0.160,2.113,0,0,0,0,0
