0.034|kb,95400935874650000,6,25,0,0,1,72057594037958756,2,0.034,-0.128,2.269,2,-0.025,0.174,2.076,2,-0.087,0.462,1.872,2,-0.017,0.602,1.891,2,-0.137,0.272,2.047,2,-0.152,0.331,1.752,2,0.062,0.424,1.777,1,0.080,0.463,1.814,2,0.132,0.353,2.074,2,0.259,0.235,2.284,2,0.375,0.146,2.424,2,0.435,0.102,2.497,2,-0.043,-0.149,2.227,2,-0.028,-0.399,2.411,2,-0.010,-0.622,2.616,1,0.013,-0.697,2.509,2,0.109,-0.103,2.238,2,0.144,-0.354,1.940,2,0.141,-0.742,1.909,2,0.094,-0.740,1.902,2,-0.072,0.392,1.925,2,0.121,0.490,1.829,2,0.047,0.479,1.827,2,0.499,0.093,2.529,2,0.455,0.064,2.493,0,0,0
0.066|kb,95400939174050000,6,25,0,0,1,72057594037958756,2,0.036,-0.130,2.275,2,-0.024,0.172,2.082,2,-0.086,0.463,1.877,2,-0.008,0.599,1.904,2,-0.137,0.270,2.055,2,-0.146,0.329,1.768,2,0.057,0.421,1.789,1,0.077,0.454,1.832,2,0.132,0.353,2.073,2,0.254,0.230,2.284,2,0.363,0.122,2.450,2,0.433,0.086,2.507,2,-0.040,-0.151,2.235,2,-0.028,-0.410,2.409,2,-0.009,-0.630,2.621,2,0.046,-0.676,2.532,2,0.111,-0.104,2.244,2,0.144,-0.354,1.943,2,0.140,-0.742,1.910,2,0.094,-0.741,1.901,2,-0.071,0.392,1.931,2,0.122,0.487,1.846,2,0.046,0.477,1.856,2,0.493,0.074,2.530,2,0.393,0.077,2.506,0,0,0
0.087|kb,95400942582280000,6,25,0,0,1,72057594037958756,2,0.035,-0.137,2.284,2,-0.023,0.169,2.091,2,-0.080,0.463,1.886,2,0.004,0.596,1.921,2,-0.134,0.265,2.065,2,-0.161,0.314,1.771,2,0.036,0.392,1.778,1,0.067,0.430,1.832,2,0.133,0.343,2.091,2,0.260,0.219,2.298,2,0.379,0.096,2.477,2,0.443,0.070,2.521,2,-0.041,-0.157,2.244,2,-0.030,-0.428,2.403,1,0.008,-0.655,2.631,1,-0.056,-0.702,2.604,2,0.110,-0.111,2.252,2,0.143,-0.354,1.947,2,0.139,-0.742,1.912,2,0.094,-0.742,1.901,2,-0.066,0.391,1.939,2,0.091,0.462,1.837,2,0.083,0.482,1.833,2,0.515,0.082,2.561,2,0.462,0.040,2.495,0,0,0
0.131|kb,95400945873940000,6,25,0,0,1,72057594037958756,2,0.034,-0.139,2.290,2,-0.022,0.167,2.094,2,-0.078,0.463,1.887,2,0.012,0.592,1.926,2,-0.134,0.262,2.071,2,-0.160,0.312,1.775,2,0.037,0.392,1.776,1,0.070,0.425,1.835,2,0.134,0.340,2.093,2,0.260,0.213,2.299,2,0.379,0.094,2.476,2,0.443,0.060,2.515,2,-0.043,-0.160,2.251,2,-0.026,-0.436,2.401,1,0.016,-0.692,2.666,2,-0.035,-0.642,2.652,2,0.109,-0.115,2.257,2,0.143,-0.354,1.948,2,0.139,-0.743,1.912,2,0.096,-0.745,1.898,2,-0.064,0.391,1.941,2,0.096,0.455,1.840,2,0.089,0.470,1.833,2,0.509,0.071,2.557,2,0.476,0.023,2.497,0,0,0
0.153|kb,95400949173850000,6,25,0,0,1,72057594037958756,2,0.034,-0.139,2.292,2,-0.022,0.167,2.095,2,-0.078,0.462,1.888,2,0.019,0.586,1.926,2,-0.134,0.262,2.071,2,-0.160,0.311,1.775,2,0.037,0.391,1.772,1,0.073,0.422,1.828,2,0.134,0.339,2.092,2,0.262,0.209,2.296,2,0.378,0.090,2.456,2,0.445,0.054,2.500,2,-0.043,-0.159,2.253,2,-0.026,-0.437,2.401,1,0.015,-0.664,2.637,1,-0.018,-0.639,2.632,2,0.109,-0.115,2.258,2,0.143,-0.355,1.948,2,0.139,-0.744,1.912,1,0.097,-0.745,1.897,2,-0.064,0.390,1.942,2,0.101,0.448,1.831,2,0.099,0.453,1.819,2,0.503,0.041,2.531,2,0.463,0.021,2.481,0,0,0
0.198|kb,95400952583370000,6,25,0,0,1,72057594037958756,2,0.035,-0.135,2.292,2,-0.022,0.167,2.095,2,-0.078,0.462,1.887,2,0.025,0.578,1.914,2,-0.133,0.267,2.064,2,-0.129,0.320,1.768,2,0.067,0.401,1.771,1,0.094,0.440,1.824,2,0.136,0.341,2.083,2,0.266,0.207,2.284,2,0.380,0.090,2.437,2,0.450,0.052,2.477,2,-0.041,-0.154,2.254,2,-0.030,-0.432,2.403,2,-0.018,-0.588,2.569,2,0.005,-0.688,2.491,2,0.110,-0.112,2.258,2,0.143,-0.355,1.948,2,0.140,-0.745,1.911,1,0.097,-0.745,1.891,2,-0.064,0.390,1.941,2,0.123,0.468,1.833,2,0.118,0.474,1.813,2,0.500,0.028,2.497,2,0.461,0.019,2.457,0,0,0
0.220|kb,95400955873830000,6,25,0,0,1,72057594037958756,2,0.039,-0.117,2.288,2,-0.017,0.179,2.087,2,-0.071,0.469,1.871,2,0.038,0.576,1.888,2,-0.115,0.289,2.022,2,-0.130,0.325,1.747,2,0.061,0.412,1.765,1,0.101,0.450,1.801,2,0.147,0.341,2.059,2,0.282,0.207,2.257,2,0.425,0.076,2.422,2,0.475,0.052,2.450,2,-0.036,-0.137,2.249,2,-0.035,-0.417,2.395,2,-0.019,-0.622,2.629,2,0.031,-0.695,2.633,2,0.114,-0.093,2.255,2,0.144,-0.354,1.946,2,0.141,-0.747,1.910,1,0.161,-0.737,1.805,2,-0.058,0.398,1.928,2,0.154,0.495,1.828,2,0.116,0.426,1.767,2,0.551,0.057,2.492,2,0.493,0.016,2.433,0,0,0
0.265|kb,95400959174510000,6,25,0,0,1,72057594037958756,2,0.047,-0.093,2.279,2,-0.008,0.204,2.069,2,-0.061,0.492,1.846,2,0.056,0.590,1.862,2,-0.112,0.299,2.008,2,-0.118,0.351,1.711,2,0.077,0.427,1.736,1,0.094,0.460,1.772,2,0.161,0.350,2.032,2,0.294,0.214,2.215,2,0.413,0.103,2.354,2,0.483,0.061,2.402,2,-0.029,-0.114,2.241,2,-0.035,-0.397,2.385,2,-0.015,-0.638,2.647,1,0.037,-0.693,2.625,2,0.122,-0.069,2.243,2,0.145,-0.352,1.941,2,0.142,-0.746,1.909,2,0.158,-0.737,1.805,2,-0.048,0.421,1.904,2,0.163,0.505,1.789,2,0.027,0.493,1.780,2,0.538,0.045,2.414,2,0.447,0.046,2.384,0,0,0
0.287|kb,95400962581550000,6,25,0,0,1,72057594037958756,2,0.045,-0.051,2.240,2,0.045,0.215,2.064,2,0.044,0.473,1.874,2,0.008,0.586,1.824,2,-0.100,0.324,1.960,2,-0.118,0.357,1.690,2,0.084,0.423,1.673,1,0.121,0.462,1.727,2,0.179,0.371,1.994,2,0.299,0.223,2.191,2,0.429,0.110,2.300,2,0.502,0.066,2.341,2,-0.030,-0.061,2.192,2,-0.039,-0.343,2.349,2,-0.012,-0.652,2.661,1,0.039,-0.695,2.625,2,0.119,-0.046,2.222,2,0.146,-0.352,1.935,2,0.144,-0.746,1.906,1,0.161,-0.736,1.802,2,0.044,0.410,1.924,2,0.152,0.484,1.729,2,0.114,0.433,1.728,2,0.557,0.041,2.353,2,0.479,0.045,2.325,0,0,0
0.331|kb,95400965875810000,6,25,0,0,1,72057594037958756,2,0.043,-0.037,2.229,2,0.046,0.216,2.063,2,0.053,0.468,1.882,2,0.035,0.586,1.817,2,-0.095,0.348,1.933,2,-0.098,0.380,1.645,2,0.126,0.464,1.692,1,0.160,0.498,1.717,2,0.190,0.386,1.972,2,0.325,0.235,2.159,2,0.464,0.108,2.251,2,0.535,0.065,2.276,2,-0.032,-0.045,2.181,2,-0.041,-0.362,2.356,2,-0.011,-0.661,2.671,1,0.040,-0.696,2.627,2,0.115,-0.025,2.201,2,0.145,-0.349,1.933,2,0.145,-0.744,1.904,1,0.162,-0.733,1.799,2,0.050,0.408,1.928,2,0.205,0.514,1.738,2,0.131,0.454,1.754,2,0.596,0.045,2.276,2,0.499,0.051,2.266,0,0,0
0.353|kb,95400969174010000,6,25,0,0,1,72057594037958756,2,0.041,-0.010,2.198,2,0.052,0.244,2.026,2,0.062,0.486,1.845,2,0.062,0.600,1.786,2,-0.077,0.370,1.887,2,-0.096,0.381,1.633,2,0.133,0.462,1.673,1,0.168,0.503,1.687,2,0.212,0.408,1.935,2,0.341,0.241,2.115,2,0.491,0.106,2.177,2,0.563,0.063,2.185,2,-0.033,-0.014,2.150,2,-0.048,-0.302,2.290,2,-0.022,-0.598,2.598,1,-0.001,-0.662,2.480,2,0.113,-0.006,2.174,2,0.144,-0.348,1.932,2,0.146,-0.745,1.901,1,0.165,-0.735,1.797,2,0.059,0.426,1.894,2,0.213,0.515,1.695,2,0.133,0.495,1.748,2,0.621,0.050,2.176,2,0.583,0.028,2.144,0,0,0
0.398|kb,95400972585500000,6,25,0,0,1,72057594037958756,2,0.037,0.008,2.175,2,0.055,0.263,1.998,2,0.075,0.512,1.804,2,0.088,0.626,1.746,2,-0.057,0.407,1.850,2,-0.102,0.373,1.617,2,0.119,0.457,1.638,1,0.151,0.510,1.670,2,0.225,0.416,1.917,2,0.354,0.242,2.087,2,0.512,0.104,2.102,2,0.581,0.062,2.091,2,-0.036,0.006,2.132,2,-0.055,-0.287,2.265,2,-0.025,-0.559,2.558,2,-0.001,-0.643,2.461,2,0.109,0.011,2.142,2,0.142,-0.347,1.932,2,0.147,-0.747,1.900,2,0.166,-0.738,1.798,2,0.070,0.452,1.853,2,0.216,0.507,1.666,2,0.114,0.555,1.673,2,0.633,0.044,2.066,2,0.562,0.040,2.064,0,0,0
0.420|kb,95400975873520000,6,25,0,0,1,72057594037958756,2,0.038,0.024,2.149,2,0.059,0.276,1.974,2,0.079,0.520,1.789,2,0.115,0.623,1.726,2,-0.042,0.453,1.809,2,-0.105,0.370,1.607,1,0.118,0.456,1.634,1,0.148,0.506,1.647,2,0.244,0.426,1.889,2,0.357,0.255,2.032,2,0.512,0.112,2.019,2,0.581,0.065,1.993,2,-0.035,0.027,2.111,2,-0.081,-0.272,2.228,2,-0.077,-0.526,2.513,2,-0.056,-0.623,2.429,2,0.109,0.020,2.114,2,0.140,-0.346,1.933,2,0.146,-0.746,1.900,2,0.162,-0.737,1.797,2,0.074,0.460,1.838,2,0.216,0.490,1.638,2,0.121,0.557,1.632,2,0.633,0.043,1.954,2,0.558,0.041,1.971,0,0,0
0.466|kb,95400979174070000,6,25,0,0,1,72057594037958756,2,0.034,0.035,2.129,2,0.061,0.282,1.960,2,0.085,0.522,1.776,2,0.131,0.623,1.715,2,-0.033,0.484,1.762,2,-0.119,0.357,1.595,2,0.154,0.442,1.582,1,0.171,0.489,1.618,2,0.255,0.423,1.868,2,0.361,0.254,1.986,2,0.512,0.111,1.936,2,0.572,0.068,1.893,2,-0.037,0.043,2.092,2,-0.094,-0.278,2.242,2,-0.083,-0.527,2.521,2,-0.060,-0.628,2.443,2,0.103,0.027,2.093,2,0.133,-0.341,1.937,2,0.143,-0.738,1.900,2,0.090,-0.731,1.844,2,0.079,0.463,1.825,2,0.175,0.545,1.643,2,0.141,0.548,1.609,2,0.617,0.045,1.833,2,0.554,0.046,1.865,0,0,0
0.487|kb,95400982581500000,6,25,0,0,1,72057594037958756,2,0.027,0.037,2.114,2,0.062,0.279,1.950,2,0.096,0.511,1.768,2,0.155,0.626,1.691,2,-0.029,0.484,1.749,2,-0.123,0.343,1.601,2,0.098,0.380,1.570,2,0.151,0.418,1.570,2,0.271,0.414,1.843,2,0.367,0.253,1.935,2,0.505,0.106,1.859,2,0.577,0.062,1.775,2,-0.043,0.046,2.076,2,-0.101,-0.286,2.226,2,-0.103,-0.540,2.495,2,-0.087,-0.645,2.420,2,0.096,0.027,2.079,2,0.130,-0.338,1.938,2,0.141,-0.734,1.900,2,0.091,-0.732,1.843,2,0.087,0.455,1.816,2,0.206,0.433,1.568,2,0.155,0.470,1.598,2,0.628,0.052,1.724,2,0.563,0.041,1.737,0,0,0
0.532|kb,95400985874860000,6,25,0,0,1,72057594037958756,2,0.008,0.089,2.157,2,0.062,0.286,1.952,2,0.109,0.502,1.748,2,0.176,0.615,1.670,2,-0.019,0.465,1.732,2,-0.135,0.315,1.613,2,0.074,0.336,1.563,2,0.136,0.376,1.549,2,0.284,0.403,1.827,2,0.381,0.230,1.895,2,0.504,0.090,1.782,2,0.568,0.059,1.677,2,-0.060,0.104,2.116,2,-0.121,-0.282,2.156,2,-0.121,-0.532,2.444,2,-0.109,-0.637,2.370,2,0.076,0.071,2.126,2,0.129,-0.334,1.934,2,0.142,-0.732,1.900,2,0.090,-0.731,1.844,2,0.094,0.452,1.806,2,0.189,0.393,1.545,2,0.175,0.383,1.611,2,0.619,0.061,1.618,2,0.553,0.055,1.620,0,0,0
0.556|kb,95400989176320000,6,25,0,0,1,72057594037958756,2,0.010,0.082,2.149,2,0.065,0.285,1.948,2,0.122,0.490,1.734,2,0.200,0.586,1.646,2,-0.003,0.437,1.721,2,-0.138,0.282,1.638,2,0.117,0.329,1.518,1,0.149,0.340,1.521,2,0.301,0.381,1.798,2,0.401,0.199,1.843,2,0.497,0.081,1.685,2,0.550,0.060,1.567,2,-0.058,0.097,2.108,2,-0.132,-0.280,2.107,2,-0.147,-0.538,2.404,2,-0.138,-0.635,2.321,2,0.078,0.064,2.118,2,0.128,-0.329,1.916,2,0.142,-0.730,1.901,2,0.095,-0.735,1.847,2,0.108,0.441,1.790,2,0.170,0.343,1.510,2,0.164,0.328,1.540,2,0.591,0.063,1.483,2,0.509,0.068,1.519,0,0,0
0.598|kb,95400992585360000,6,25,0,0,1,72057594037958756,2,0.011,0.072,2.140,2,0.078,0.265,1.934,2,0.151,0.445,1.714,2,0.219,0.549,1.629,2,0.014,0.401,1.711,2,-0.148,0.265,1.650,2,0.107,0.275,1.506,2,0.134,0.273,1.490,2,0.311,0.350,1.778,2,0.415,0.166,1.799,2,0.499,0.055,1.629,2,0.508,0.068,1.487,2,-0.058,0.086,2.096,2,-0.152,-0.288,2.074,2,-0.177,-0.566,2.368,1,-0.170,-0.658,2.280,2,0.079,0.055,2.111,2,0.132,-0.325,1.891,2,0.142,-0.733,1.901,2,0.097,-0.744,1.863,2,0.134,0.399,1.770,2,0.142,0.271,1.476,2,0.144,0.259,1.500,2,0.545,0.076,1.394,2,0.457,0.088,1.441,0,0,0
0.624|kb,95400995873900000,6,25,0,0,1,72057594037958756,2,0.020,-0.023,2.041,2,0.095,0.190,1.873,2,0.166,0.396,1.693,2,0.234,0.508,1.608,2,0.025,0.354,1.694,2,-0.158,0.238,1.666,2,0.056,0.179,1.473,2,0.089,0.192,1.452,2,0.320,0.312,1.756,2,0.423,0.121,1.756,2,0.455,0.032,1.556,2,0.458,0.080,1.423,2,-0.049,-0.012,1.986,2,-0.193,-0.313,2.035,2,-0.234,-0.625,2.370,2,-0.275,-0.680,2.348,2,0.088,-0.034,2.024,2,0.147,-0.343,1.850,2,0.144,-0.737,1.900,2,0.089,-0.743,1.883,2,0.149,0.346,1.740,2,0.103,0.188,1.437,2,0.105,0.197,1.450,2,0.477,0.101,1.329,2,0.399,0.099,1.393,0,0,0
0.670|kb,95400999176630000,6,25,0,0,1,72057594037958756,2,0.034,0.013,2.111,2,0.102,0.188,1.891,2,0.176,0.359,1.682,2,0.248,0.462,1.592,2,0.041,0.302,1.685,2,-0.148,0.197,1.668,2,-0.064,0.076,1.504,2,-0.010,0.090,1.444,2,0.326,0.263,1.739,2,0.426,0.073,1.726,2,0.406,0.081,1.431,2,0.404,0.098,1.377,2,-0.038,0.023,2.060,2,-0.209,-0.302,1.997,2,-0.277,-0.666,2.330,2,-0.321,-0.685,2.289,2,0.105,0.004,2.091,2,0.157,-0.335,1.829,2,0.156,-0.729,1.867,2,0.100,-0.712,1.883,2,0.157,0.324,1.739,2,0.020,0.101,1.405,2,0.006,0.078,1.464,2,0.420,0.125,1.282,2,0.343,0.116,1.361,0,0,0
0.700|kb,95401002582130000,6,25,0,0,1,72057594037958756,2,0.060,-0.030,2.108,2,0.126,0.140,1.893,2,0.189,0.306,1.665,2,0.257,0.415,1.577,2,0.053,0.257,1.669,2,-0.135,0.150,1.656,2,-0.114,0.004,1.492,2,-0.067,0.011,1.423,2,0.329,0.233,1.726,2,0.429,0.021,1.643,2,0.381,0.074,1.407,2,0.350,0.112,1.349,2,-0.012,-0.021,2.062,2,-0.224,-0.311,1.977,2,-0.343,-0.714,2.282,2,-0.397,-0.709,2.230,2,0.130,-0.038,2.082,2,0.178,-0.362,1.784,2,0.154,-0.730,1.858,2,0.107,-0.710,1.875,2,0.174,0.266,1.724,2,-0.054,0.009,1.392,2,-0.048,-0.002,1.414,2,0.344,0.154,1.266,2,0.292,0.130,1.358,0,0,0
0.727|kb,95401005874300000,6,25,0,0,1,72057594037958756,2,0.061,-0.048,2.107,2,0.129,0.113,1.886,2,0.194,0.266,1.651,2,0.263,0.379,1.565,2,0.061,0.222,1.654,2,-0.134,0.130,1.643,2,-0.150,-0.035,1.498,1,-0.134,-0.050,1.438,1,0.334,0.182,1.707,2,0.455,-0.050,1.583,2,0.361,0.058,1.415,2,0.296,0.129,1.339,2,-0.011,-0.033,2.062,2,-0.259,-0.368,1.956,2,-0.407,-0.713,2.198,1,-0.377,-0.747,2.075,2,0.131,-0.061,2.079,2,0.185,-0.365,1.771,2,0.155,-0.737,1.838,1,0.159,-0.760,1.736,2,0.178,0.229,1.712,2,-0.123,-0.064,1.387,2,-0.119,-0.081,1.403,2,0.274,0.185,1.272,2,0.239,0.144,1.360,0,0,0
0.770|kb,95401009176350000,6,25,0,0,1,72057594037958756,2,0.056,-0.049,2.106,2,0.120,0.098,1.880,2,0.183,0.225,1.635,2,0.269,0.352,1.550,2,0.064,0.180,1.639,2,-0.129,0.083,1.621,2,-0.193,-0.082,1.492,1,-0.185,-0.096,1.442,1,0.324,0.147,1.694,2,0.417,-0.014,1.520,2,0.253,0.142,1.352,2,0.250,0.143,1.351,2,-0.020,-0.035,2.058,2,-0.277,-0.380,1.939,2,-0.459,-0.696,2.116,1,-0.428,-0.749,2.015,2,0.128,-0.062,2.080,2,0.192,-0.367,1.762,2,0.153,-0.758,1.807,1,0.160,-0.775,1.714,2,0.168,0.195,1.699,2,-0.180,-0.116,1.371,2,-0.194,-0.120,1.401,2,0.216,0.205,1.302,2,0.213,0.183,1.390,0,0,0
0.803|kb,95401012582150000,6,25,0,0,1,72057594037958756,2,0.061,-0.066,2.094,2,0.124,0.072,1.856,2,0.183,0.210,1.611,2,0.272,0.316,1.539,2,0.069,0.152,1.627,2,-0.126,0.061,1.609,2,-0.219,-0.101,1.496,1,-0.217,-0.124,1.459,2,0.365,0.119,1.652,2,0.423,-0.046,1.513,2,0.241,0.127,1.367,2,0.213,0.159,1.370,2,-0.016,-0.057,2.044,2,-0.313,-0.407,1.948,2,-0.494,-0.692,2.071,2,-0.464,-0.745,1.974,2,0.135,-0.074,2.071,2,0.201,-0.381,1.744,2,0.154,-0.763,1.772,2,0.121,-0.742,1.795,2,0.169,0.176,1.674,2,-0.244,-0.174,1.393,2,-0.240,-0.136,1.448,2,0.174,0.217,1.335,2,0.243,0.214,1.397,0,0,0
0.831|kb,95401015873890000,6,25,0,0,1,72057594037958756,2,0.034,-0.204,1.981,2,0.094,-0.021,1.802,2,0.151,0.157,1.610,2,0.263,0.267,1.528,2,0.068,0.126,1.615,2,-0.128,0.018,1.586,2,-0.237,-0.142,1.487,1,-0.246,-0.158,1.450,2,0.361,0.100,1.643,2,0.392,-0.070,1.500,2,0.252,0.061,1.394,2,0.220,0.097,1.397,2,-0.042,-0.184,1.923,2,-0.374,-0.474,1.941,2,-0.552,-0.722,2.010,2,-0.506,-0.756,1.903,2,0.109,-0.217,1.968,2,0.226,-0.428,1.692,2,0.177,-0.807,1.728,1,0.185,-0.815,1.623,2,0.137,0.113,1.660,2,-0.261,-0.178,1.368,2,-0.267,-0.154,1.447,2,0.200,0.153,1.367,2,0.180,0.094,1.427,0,0,0
0.853|kb,95401019176240000,6,25,0,0,1,72057594037958756,2,0.028,-0.209,1.981,2,0.088,-0.035,1.799,2,0.148,0.128,1.601,2,0.255,0.243,1.521,2,0.056,0.101,1.602,2,-0.149,-0.023,1.570,2,-0.262,-0.177,1.466,1,-0.271,-0.198,1.422,2,0.332,0.058,1.632,2,0.376,-0.082,1.462,2,0.228,0.066,1.401,1,0.212,0.101,1.419,2,-0.048,-0.187,1.922,2,-0.336,-0.365,1.908,2,-0.593,-0.690,1.945,2,-0.541,-0.766,1.893,2,0.101,-0.223,1.968,2,0.224,-0.431,1.693,2,0.157,-0.766,1.812,1,0.118,-0.779,1.770,2,0.133,0.089,1.653,2,-0.256,-0.227,1.345,2,-0.298,-0.198,1.407,2,0.183,0.157,1.375,2,0.169,0.078,1.439,0,0,0
0.898|kb,95401022583280000,6,25,0,0,1,72057594037958756,2,0.016,-0.216,1.978,2,0.078,-0.050,1.794,2,0.140,0.109,1.596,2,0.241,0.219,1.517,2,0.043,0.085,1.593,2,-0.152,-0.030,1.564,2,-0.269,-0.181,1.461,1,-0.296,-0.206,1.442,2,0.329,0.053,1.629,2,0.364,-0.100,1.468,2,0.223,0.053,1.401,1,0.203,0.092,1.422,2,-0.060,-0.192,1.919,1,-0.348,-0.370,1.902,2,-0.629,-0.687,1.910,2,-0.588,-0.759,1.839,2,0.091,-0.231,1.965,2,0.224,-0.439,1.695,2,0.171,-0.784,1.795,1,0.178,-0.816,1.687,2,0.124,0.070,1.648,2,-0.305,-0.230,1.383,2,-0.321,-0.205,1.423,2,0.170,0.148,1.379,2,0.245,0.112,1.439,0,0,0
0.920|kb,95401025873950000,6,25,0,0,1,72057594037958756,2,0.015,-0.105,2.059,2,0.074,-0.004,1.820,2,0.135,0.100,1.579,2,0.231,0.213,1.515,2,0.031,0.067,1.587,2,-0.156,-0.038,1.558,2,-0.305,-0.211,1.449,1,-0.327,-0.241,1.394,2,0.327,0.043,1.621,2,0.344,-0.120,1.467,2,0.203,0.036,1.404,1,0.178,0.094,1.420,2,-0.056,-0.086,2.009,1,-0.279,-0.328,1.878,2,-0.617,-0.702,1.880,2,-0.557,-0.741,1.813,2,0.085,-0.120,2.037,1,0.210,-0.471,1.727,2,0.170,-0.716,1.807,2,0.209,-0.693,1.736,2,0.122,0.070,1.644,2,-0.328,-0.264,1.329,2,-0.350,-0.231,1.310,2,0.151,0.152,1.368,2,0.213,0.138,1.385,0,0,0
0.965|kb,95401029174370000,6,25,0,0,1,72057594037958756,2,0.010,-0.111,2.057,2,0.068,-0.011,1.818,2,0.123,0.087,1.569,2,0.207,0.201,1.510,2,0.015,0.056,1.580,2,-0.173,-0.049,1.555,2,-0.315,-0.216,1.440,2,-0.365,-0.269,1.308,2,0.306,0.022,1.610,2,0.339,-0.136,1.455,2,0.181,0.004,1.398,1,0.167,0.043,1.407,2,-0.061,-0.091,2.006,1,-0.297,-0.329,1.863,2,-0.645,-0.690,1.863,2,-0.588,-0.734,1.799,2,0.081,-0.128,2.034,1,0.209,-0.476,1.721,2,0.184,-0.676,1.792,2,0.209,-0.708,1.727,2,0.111,0.061,1.635,2,-0.388,-0.284,1.268,2,-0.411,-0.259,1.294,2,0.142,0.092,1.368,2,0.150,0.078,1.344,0,0,0
0.989|kb,95401032581930000,6,25,0,0,1,72057594037958756,2,-0.009,-0.119,2.055,2,0.047,-0.020,1.817,2,0.102,0.077,1.568,2,0.179,0.191,1.509,2,-0.020,0.038,1.579,2,-0.207,-0.066,1.550,2,-0.326,-0.211,1.438,2,-0.379,-0.260,1.276,2,0.287,0.012,1.608,2,0.313,-0.152,1.458,2,0.168,-0.002,1.394,1,0.140,0.035,1.396,2,-0.084,-0.099,2.006,1,-0.325,-0.336,1.860,2,-0.667,-0.708,1.857,2,-0.605,-0.749,1.795,2,0.065,-0.135,2.032,1,0.201,-0.478,1.718,2,0.202,-0.662,1.773,2,0.205,-0.695,1.724,2,0.089,0.052,1.633,2,-0.401,-0.275,1.239,2,-0.426,-0.245,1.276,2,0.123,0.094,1.357,2,0.127,0.089,1.325,0,0,0
1.031|kb,95401035876320000,6,25,0,0,1,72057594037958756,2,-0.038,-0.303,1.956,2,0.005,-0.129,1.778,2,0.048,0.042,1.587,2,0.136,0.178,1.517,2,-0.061,0.030,1.577,2,-0.260,-0.084,1.541,2,-0.360,-0.223,1.406,2,-0.382,-0.240,1.251,2,0.254,-0.002,1.607,2,0.295,-0.163,1.456,2,0.145,-0.021,1.384,1,0.110,0.016,1.377,2,-0.116,-0.283,1.897,1,-0.417,-0.436,1.869,2,-0.692,-0.726,1.838,2,-0.627,-0.753,1.748,2,0.040,-0.312,1.944,1,0.188,-0.514,1.711,2,0.200,-0.663,1.761,1,0.194,-0.780,1.680,2,0.037,0.000,1.637,2,-0.399,-0.255,1.200,2,-0.418,-0.215,1.259,2,0.101,0.079,1.338,2,0.068,0.010,1.414,0,0,0
1.054|kb,95401039173920000,6,25,0,0,1,72057594037958756,2,0.002,-0.343,1.933,2,0.007,-0.138,1.774,2,0.030,0.042,1.588,2,0.094,0.185,1.514,2,-0.103,0.024,1.576,2,-0.281,-0.092,1.541,2,-0.397,-0.208,1.396,2,-0.379,-0.215,1.238,2,0.223,-0.017,1.605,2,0.268,-0.190,1.471,2,0.128,-0.060,1.361,1,0.089,-0.017,1.355,2,-0.084,-0.332,1.881,1,-0.373,-0.507,1.851,2,-0.696,-0.720,1.839,2,-0.624,-0.719,1.794,2,0.087,-0.340,1.915,1,0.200,-0.504,1.651,2,0.203,-0.700,1.771,1,0.217,-0.773,1.747,2,0.028,-0.002,1.637,2,-0.402,-0.213,1.180,2,-0.407,-0.254,1.260,2,0.071,0.047,1.322,2,0.043,-0.019,1.389,0,0,0
1.098|kb,95401042582840000,6,25,0,0,1,72057594037958756,2,-0.001,-0.351,1.958,2,0.000,-0.145,1.781,2,-0.008,0.046,1.596,2,0.038,0.181,1.519,2,-0.155,0.016,1.583,2,-0.335,-0.095,1.540,2,-0.435,-0.186,1.367,2,-0.378,-0.181,1.225,2,0.180,-0.032,1.609,2,0.256,-0.200,1.485,2,0.116,-0.091,1.356,2,0.077,-0.071,1.333,2,-0.074,-0.343,1.922,2,-0.409,-0.324,1.815,2,-0.663,-0.677,1.822,2,-0.661,-0.755,1.795,2,0.077,-0.348,1.929,1,0.170,-0.554,1.685,2,0.206,-0.712,1.779,1,0.198,-0.762,1.663,2,-0.004,-0.003,1.645,2,-0.371,-0.171,1.179,2,-0.402,-0.216,1.237,2,0.050,-0.013,1.288,2,0.023,-0.065,1.371,0,0,0
1.120|kb,95401045875610000,6,25,0,0,1,72057594037958756,2,-0.062,-0.339,1.995,2,-0.062,-0.140,1.801,2,-0.062,0.056,1.593,2,-0.020,0.187,1.512,2,-0.203,0.018,1.586,2,-0.385,-0.088,1.537,2,-0.378,-0.171,1.253,2,-0.363,-0.144,1.224,2,0.143,-0.042,1.611,2,0.248,-0.239,1.547,2,0.118,-0.174,1.351,2,0.076,-0.142,1.313,2,-0.127,-0.329,1.958,2,-0.452,-0.374,1.780,2,-0.657,-0.712,1.815,2,-0.644,-0.780,1.716,2,0.005,-0.336,1.961,2,0.163,-0.342,1.623,2,0.187,-0.727,1.798,2,0.214,-0.749,1.753,2,-0.062,0.007,1.647,2,-0.351,-0.123,1.176,2,-0.393,-0.173,1.219,2,0.046,-0.099,1.263,2,0.020,-0.136,1.353,0,0,0
1.165|kb,95401049174320000,6,25,0,0,1,72057594037958756,2,-0.081,-0.335,1.996,2,-0.091,-0.137,1.802,2,-0.102,0.057,1.595,2,-0.084,0.196,1.512,2,-0.262,0.016,1.591,1,-0.449,-0.072,1.526,2,-0.351,-0.101,1.248,2,-0.349,-0.095,1.230,2,0.051,-0.023,1.624,2,0.221,-0.181,1.575,2,0.080,-0.207,1.317,2,0.071,-0.194,1.281,2,-0.154,-0.323,1.962,2,-0.469,-0.376,1.775,2,-0.668,-0.709,1.806,1,-0.642,-0.763,1.705,2,-0.008,-0.335,1.959,2,0.139,-0.365,1.618,2,0.187,-0.726,1.796,1,0.175,-0.752,1.672,2,-0.100,0.009,1.649,2,-0.326,-0.067,1.187,2,-0.363,-0.069,1.183,2,0.091,-0.211,1.236,2,0.054,-0.166,1.256,0,0,0
1.191|kb,95401052581920000,6,25,0,0,1,72057594037958756,2,-0.201,-0.311,2.016,2,-0.179,-0.122,1.811,2,-0.156,0.064,1.593,2,-0.149,0.209,1.511,2,-0.301,0.031,1.596,2,-0.497,-0.094,1.440,2,-0.343,-0.049,1.253,2,-0.345,-0.047,1.246,2,-0.004,-0.005,1.619,2,0.143,-0.165,1.627,2,0.144,-0.289,1.444,2,0.124,-0.294,1.340,2,-0.265,-0.294,1.982,2,-0.526,-0.388,1.752,2,-0.673,-0.718,1.807,1,-0.649,-0.764,1.706,2,-0.129,-0.318,1.979,2,0.095,-0.361,1.687,2,0.153,-0.722,1.797,1,0.135,-0.738,1.678,2,-0.162,0.018,1.650,2,-0.310,-0.017,1.208,2,-0.353,-0.024,1.194,2,0.114,-0.305,1.263,2,0.061,-0.292,1.377,0,0,0
1.231|kb,95401055874770000,6,25,0,0,1,72057594037958756,2,-0.245,-0.253,2.060,2,-0.221,-0.088,1.832,2,-0.187,0.072,1.591,2,-0.214,0.220,1.511,2,-0.342,0.058,1.605,2,-0.525,-0.017,1.514,2,-0.384,-0.031,1.291,2,-0.349,-0.007,1.267,2,-0.061,0.010,1.617,2,0.112,-0.162,1.653,2,0.136,-0.318,1.501,2,0.156,-0.365,1.402,2,-0.306,-0.231,2.029,2,-0.522,-0.378,1.763,2,-0.683,-0.726,1.809,1,-0.665,-0.771,1.716,2,-0.176,-0.267,2.019,2,0.055,-0.373,1.705,2,0.183,-0.747,1.743,2,0.145,-0.702,1.797,2,-0.196,0.032,1.653,2,-0.307,0.029,1.228,2,-0.357,0.002,1.218,2,0.157,-0.393,1.339,2,0.114,-0.342,1.346,0,0,0
1.252|kb,95401059173950000,6,25,0,0,1,72057594037958756,2,-0.290,-0.295,2.022,2,-0.271,-0.100,1.812,2,-0.250,0.090,1.588,2,-0.280,0.233,1.513,2,-0.388,0.023,1.626,2,-0.553,-0.038,1.473,2,-0.414,-0.019,1.301,2,-0.361,0.027,1.290,2,-0.119,0.021,1.619,2,0.059,-0.155,1.694,2,0.141,-0.327,1.592,2,0.162,-0.387,1.523,2,-0.357,-0.283,1.987,2,-0.583,-0.383,1.720,2,-0.695,-0.738,1.821,1,-0.674,-0.779,1.717,2,-0.212,-0.297,1.987,2,0.020,-0.334,1.691,2,0.141,-0.674,1.790,2,0.123,-0.715,1.687,2,-0.255,0.043,1.646,2,-0.307,0.067,1.250,2,-0.353,0.044,1.236,2,0.203,-0.431,1.462,2,0.097,-0.406,1.491,0,0,0
1.292|kb,95401062582320000,6,25,0,0,1,72057594037958756,2,-0.401,-0.296,2.009,2,-0.354,-0.094,1.806,2,-0.304,0.104,1.590,2,-0.342,0.253,1.510,2,-0.458,0.035,1.622,2,-0.570,-0.017,1.435,2,-0.374,0.042,1.312,1,-0.346,0.090,1.308,2,-0.181,0.045,1.613,2,0.014,-0.135,1.712,2,0.143,-0.326,1.662,2,0.169,-0.400,1.625,2,-0.465,-0.277,1.972,2,-0.645,-0.443,1.704,2,-0.733,-0.766,1.772,2,-0.684,-0.751,1.821,2,-0.322,-0.304,1.976,2,0.089,-0.300,1.714,2,0.125,-0.713,1.768,2,0.114,-0.740,1.663,2,-0.317,0.055,1.646,2,-0.310,0.113,1.281,2,-0.358,0.080,1.258,2,0.227,-0.450,1.592,2,0.114,-0.429,1.582,0,0,0
1.333|kb,95401065878120000,6,25,0,0,1,72057594037958756,2,-0.413,-0.286,2.011,2,-0.383,-0.083,1.810,2,-0.357,0.114,1.596,2,-0.402,0.265,1.515,2,-0.515,0.077,1.609,2,-0.634,-0.002,1.437,2,-0.447,0.044,1.328,2,-0.400,0.081,1.331,2,-0.237,0.061,1.616,2,-0.061,-0.118,1.744,2,0.095,-0.298,1.756,2,0.146,-0.369,1.738,2,-0.476,-0.269,1.975,2,-0.657,-0.438,1.712,2,-0.728,-0.763,1.781,2,-0.709,-0.748,1.836,2,-0.337,-0.292,1.975,2,-0.022,-0.386,1.723,2,0.127,-0.720,1.757,2,0.093,-0.747,1.683,2,-0.365,0.066,1.652,2,-0.367,0.108,1.293,2,-0.387,0.066,1.287,2,0.214,-0.418,1.718,2,0.100,-0.401,1.706,0,0,0
1.358|kb,95401069173930000,6,25,0,0,1,72057594037958756,2,-0.504,-0.268,1.999,2,-0.457,-0.075,1.807,2,-0.406,0.113,1.603,2,-0.458,0.265,1.523,2,-0.547,0.086,1.608,2,-0.662,-0.006,1.407,2,-0.459,0.056,1.348,1,-0.428,0.105,1.352,2,-0.285,0.071,1.621,2,-0.109,-0.092,1.769,2,0.087,-0.287,1.833,2,0.131,-0.333,1.829,2,-0.564,-0.252,1.963,2,-0.685,-0.400,1.649,2,-0.700,-0.747,1.827,1,-0.739,-0.767,1.808,2,-0.427,-0.274,1.966,2,-0.035,-0.383,1.731,2,0.111,-0.721,1.780,2,0.097,-0.750,1.709,2,-0.420,0.067,1.656,2,-0.394,0.128,1.332,2,-0.432,0.129,1.379,2,0.200,-0.372,1.821,2,0.090,-0.369,1.789,0,0,0
1.398|kb,95401072581820000,6,25,0,0,1,72057594037958756,2,-0.543,-0.224,2.027,2,-0.505,-0.035,1.807,2,-0.463,0.150,1.574,2,-0.506,0.281,1.508,2,-0.617,0.127,1.591,2,-0.689,0.026,1.404,2,-0.501,0.118,1.340,1,-0.451,0.140,1.372,2,-0.337,0.090,1.625,2,-0.165,-0.064,1.785,2,0.041,-0.226,1.890,2,0.084,-0.261,1.906,2,-0.597,-0.206,1.995,2,-0.668,-0.423,1.710,2,-0.710,-0.748,1.819,1,-0.695,-0.788,1.712,2,-0.471,-0.234,1.989,2,-0.111,-0.378,1.773,2,0.114,-0.720,1.782,2,0.079,-0.754,1.740,2,-0.475,0.105,1.635,2,-0.409,0.165,1.343,2,-0.470,0.156,1.389,2,0.159,-0.302,1.910,2,0.059,-0.314,1.863,0,0,0
1.420|kb,95401075873950000,6,25,0,0,1,72057594037958756,2,-0.562,-0.227,2.020,2,-0.523,-0.032,1.806,2,-0.485,0.161,1.581,2,-0.551,0.280,1.506,2,-0.646,0.134,1.592,2,-0.685,0.030,1.392,1,-0.498,0.139,1.368,1,-0.472,0.176,1.390,2,-0.376,0.112,1.629,2,-0.197,0.004,1.794,2,-0.002,-0.148,1.929,2,0.040,-0.188,1.958,2,-0.618,-0.213,1.985,2,-0.710,-0.381,1.672,2,-0.711,-0.753,1.814,1,-0.695,-0.793,1.705,2,-0.487,-0.235,1.985,2,-0.105,-0.362,1.791,2,0.103,-0.720,1.802,2,0.044,-0.747,1.737,2,-0.495,0.113,1.639,2,-0.420,0.213,1.363,2,-0.490,0.193,1.410,2,0.107,-0.236,1.957,2,0.008,-0.225,1.938,0,0,0
1.465|kb,95401079174670000,6,25,0,0,1,72057594037958756,2,-0.557,-0.207,2.026,2,-0.543,-0.014,1.812,2,-0.542,0.178,1.586,2,-0.594,0.293,1.507,2,-0.684,0.143,1.593,2,-0.691,0.037,1.392,1,-0.509,0.155,1.373,1,-0.496,0.203,1.403,2,-0.425,0.131,1.635,2,-0.230,0.041,1.806,2,-0.036,-0.096,1.956,2,0.019,-0.131,1.990,2,-0.614,-0.203,1.990,2,-0.719,-0.375,1.683,2,-0.720,-0.761,1.805,1,-0.701,-0.799,1.697,2,-0.480,-0.200,1.994,2,-0.148,-0.338,1.838,2,0.077,-0.713,1.825,2,0.006,-0.739,1.760,2,-0.545,0.132,1.645,2,-0.455,0.241,1.404,2,-0.497,0.185,1.421,2,0.089,-0.161,2.029,2,0.002,-0.189,1.961,0,0,0
1.491|kb,95401082581750000,6,25,0,0,1,72057594037958756,2,-0.621,-0.161,2.057,2,-0.603,0.011,1.839,2,-0.576,0.179,1.606,2,-0.633,0.307,1.509,2,-0.721,0.145,1.602,2,-0.739,0.053,1.397,1,-0.545,0.175,1.386,1,-0.534,0.217,1.413,2,-0.456,0.145,1.640,2,-0.250,0.077,1.807,2,-0.053,-0.041,1.969,2,0.005,-0.066,1.996,2,-0.676,-0.164,2.010,2,-0.718,-0.363,1.704,2,-0.731,-0.770,1.797,1,-0.710,-0.803,1.695,2,-0.545,-0.152,2.035,2,-0.161,-0.349,1.857,2,0.060,-0.723,1.851,1,0.036,-0.756,1.763,2,-0.585,0.138,1.667,2,-0.491,0.253,1.410,2,-0.533,0.196,1.441,2,0.086,-0.083,2.020,2,-0.013,-0.122,1.970,0,0,0
1.534|kb,95401085874480000,6,25,0,0,1,72057594037958756,2,-0.624,-0.163,2.057,2,-0.615,0.012,1.838,2,-0.611,0.189,1.609,2,-0.666,0.313,1.513,2,-0.760,0.144,1.608,2,-0.807,0.040,1.415,1,-0.621,0.152,1.391,1,-0.597,0.192,1.409,2,-0.494,0.162,1.646,2,-0.296,0.116,1.791,2,-0.075,0.018,1.937,2,0.005,-0.010,1.971,2,-0.680,-0.167,2.010,2,-0.728,-0.364,1.703,2,-0.737,-0.775,1.789,1,-0.712,-0.799,1.685,2,-0.548,-0.154,2.034,2,-0.218,-0.337,1.882,2,0.030,-0.713,1.889,2,0.001,-0.730,1.798,2,-0.611,0.145,1.668,2,-0.568,0.235,1.396,2,-0.612,0.198,1.432,2,0.080,-0.021,1.963,2,-0.010,-0.068,1.940,0,0,0
1.560|kb,95401089176190000,6,25,0,0,1,72057594037958756,2,-0.621,-0.170,2.053,2,-0.623,0.013,1.838,2,-0.642,0.201,1.615,2,-0.700,0.322,1.522,2,-0.795,0.145,1.620,2,-0.835,0.039,1.425,2,-0.652,0.155,1.400,1,-0.633,0.194,1.418,2,-0.519,0.170,1.653,2,-0.295,0.130,1.792,2,-0.050,0.054,1.911,2,0.019,0.036,1.922,2,-0.675,-0.178,2.009,2,-0.738,-0.363,1.698,2,-0.744,-0.776,1.783,1,-0.718,-0.791,1.676,2,-0.545,-0.158,2.029,2,-0.243,-0.331,1.885,2,-0.047,-0.674,1.919,2,-0.072,-0.687,1.819,2,-0.637,0.154,1.673,2,-0.596,0.233,1.410,2,-0.667,0.221,1.433,2,0.102,0.029,1.908,2,0.007,-0.028,1.894,0,0,0
1.600|kb,95401092587120000,6,25,0,0,1,72057594037958756,2,-0.608,-0.146,2.061,2,-0.639,0.040,1.848,2,-0.673,0.222,1.624,2,-0.725,0.329,1.529,2,-0.826,0.140,1.634,2,-0.871,0.040,1.438,2,-0.685,0.149,1.401,1,-0.669,0.190,1.424,2,-0.543,0.179,1.658,2,-0.304,0.163,1.782,2,-0.051,0.095,1.851,2,0.025,0.079,1.852,2,-0.665,-0.159,2.021,2,-0.740,-0.350,1.717,2,-0.751,-0.784,1.783,1,-0.723,-0.793,1.676,2,-0.528,-0.125,2.031,2,-0.267,-0.322,1.874,2,-0.110,-0.654,1.977,1,-0.120,-0.680,1.867,2,-0.666,0.177,1.682,2,-0.626,0.221,1.397,2,-0.684,0.208,1.433,2,0.093,0.074,1.812,2,0.018,0.014,1.829,0,0,0
1.625|kb,95401095874110000,6,25,0,0,1,72057594037958756,2,-0.698,-0.094,2.083,2,-0.708,0.067,1.857,2,-0.702,0.223,1.621,2,-0.747,0.346,1.541,2,-0.848,0.126,1.650,2,-0.921,0.012,1.473,2,-0.738,0.124,1.410,2,-0.718,0.173,1.430,2,-0.562,0.186,1.666,2,-0.314,0.179,1.768,2,-0.041,0.129,1.786,2,0.027,0.116,1.764,2,-0.764,-0.111,2.039,2,-0.741,-0.434,1.745,2,-0.760,-0.822,1.783,2,-0.791,-0.807,1.785,2,-0.609,-0.074,2.057,2,-0.366,-0.350,1.913,2,-0.175,-0.644,2.059,1,-0.174,-0.693,1.954,2,-0.707,0.184,1.681,2,-0.679,0.199,1.402,2,-0.719,0.234,1.451,2,0.101,0.115,1.705,2,0.017,0.050,1.738,0,0,0
1.666|kb,95401099174960000,6,25,0,0,1,72057594037958756,2,-0.696,-0.095,2.084,2,-0.710,0.067,1.861,2,-0.728,0.230,1.637,2,-0.765,0.352,1.554,2,-0.865,0.138,1.669,1,-0.970,0.013,1.522,2,-0.753,0.150,1.412,1,-0.750,0.158,1.412,2,-0.580,0.187,1.677,2,-0.343,0.211,1.735,2,-0.058,0.159,1.706,2,0.005,0.151,1.671,2,-0.761,-0.111,2.043,2,-0.741,-0.434,1.746,2,-0.764,-0.816,1.783,2,-0.796,-0.798,1.800,2,-0.607,-0.076,2.058,2,-0.392,-0.382,1.927,2,-0.250,-0.631,2.102,1,-0.242,-0.698,1.998,2,-0.723,0.189,1.693,2,-0.749,0.251,1.464,2,-0.743,0.249,1.452,2,0.074,0.165,1.603,2,-0.004,0.084,1.639,0,0,0
1.691|kb,95401102581920000,6,25,0,0,1,72057594037958756,2,-0.688,-0.098,2.088,2,-0.712,0.070,1.867,2,-0.738,0.238,1.644,2,-0.778,0.357,1.564,2,-0.893,0.160,1.689,1,-0.980,0.028,1.533,2,-0.793,0.094,1.437,2,-0.810,0.124,1.420,2,-0.589,0.196,1.681,2,-0.337,0.221,1.724,2,-0.133,0.190,1.651,2,-0.066,0.183,1.604,2,-0.752,-0.116,2.047,2,-0.742,-0.436,1.746,2,-0.768,-0.813,1.788,2,-0.798,-0.813,1.781,2,-0.602,-0.077,2.061,2,-0.424,-0.388,1.952,2,-0.299,-0.655,2.139,1,-0.335,-0.699,2.123,2,-0.732,0.196,1.702,2,-0.800,0.131,1.396,2,-0.792,0.124,1.435,2,-0.011,0.189,1.522,2,-0.048,0.140,1.570,0,0,0
1.731|kb,95401105874390000,6,25,0,0,1,72057594037958756,2,-0.688,-0.100,2.090,2,-0.718,0.073,1.875,2,-0.751,0.250,1.655,2,-0.790,0.366,1.575,2,-0.921,0.160,1.704,1,-1.007,0.009,1.568,2,-0.959,0.032,1.518,2,-0.902,0.064,1.466,2,-0.597,0.203,1.686,2,-0.362,0.245,1.688,2,-0.154,0.203,1.555,2,-0.101,0.193,1.490,2,-0.750,-0.119,2.050,2,-0.744,-0.433,1.752,2,-0.768,-0.809,1.789,2,-0.796,-0.809,1.789,2,-0.602,-0.078,2.061,2,-0.465,-0.403,1.987,1,-0.344,-0.678,2.145,1,-0.342,-0.741,2.035,2,-0.744,0.206,1.712,2,-0.865,0.092,1.420,2,-0.862,0.074,1.495,2,-0.061,0.210,1.417,2,-0.101,0.141,1.454,0,0,0
1.753|kb,95401109173950000,6,25,0,0,1,72057594037958756,2,-0.688,-0.101,2.091,2,-0.724,0.079,1.881,2,-0.760,0.263,1.663,2,-0.798,0.376,1.584,2,-0.933,0.166,1.715,1,-1.041,0.008,1.611,2,-0.893,0.044,1.450,2,-0.946,0.059,1.440,2,-0.605,0.214,1.691,2,-0.382,0.254,1.671,2,-0.210,0.245,1.534,2,-0.159,0.207,1.391,2,-0.750,-0.120,2.052,2,-0.746,-0.432,1.758,2,-0.769,-0.814,1.790,1,-0.746,-0.825,1.695,2,-0.602,-0.079,2.063,2,-0.497,-0.407,2.012,2,-0.457,-0.699,2.239,2,-0.443,-0.668,2.289,2,-0.752,0.217,1.720,2,-0.949,0.057,1.423,2,-0.924,0.062,1.428,2,-0.133,0.233,1.305,2,-0.186,0.193,1.344,0,0,0
1.793|kb,95401112582530000,6,25,0,0,1,72057594037958756,2,-0.689,-0.100,2.096,2,-0.729,0.089,1.890,2,-0.766,0.276,1.672,2,-0.804,0.390,1.593,2,-0.937,0.175,1.726,2,-1.092,0.062,1.787,2,-1.006,0.012,1.570,2,-1.004,0.016,1.523,2,-0.613,0.227,1.693,2,-0.406,0.288,1.642,1,-0.251,0.244,1.491,2,-0.249,0.218,1.325,2,-0.750,-0.119,2.056,2,-0.748,-0.429,1.764,2,-0.768,-0.814,1.786,1,-0.746,-0.822,1.690,2,-0.604,-0.078,2.067,2,-0.518,-0.410,2.045,2,-0.526,-0.717,2.276,2,-0.492,-0.671,2.318,2,-0.758,0.230,1.729,2,-0.992,0.028,1.445,2,-0.966,0.009,1.521,2,-0.229,0.245,1.276,2,-0.277,0.165,1.290,0,0,0
1.833|kb,95401115873930000,6,25,0,0,1,72057594037958756,2,-0.692,-0.095,2.105,2,-0.734,0.101,1.901,2,-0.770,0.294,1.685,2,-0.807,0.410,1.605,2,-0.940,0.197,1.744,2,-1.089,0.093,1.827,2,-1.069,-0.018,1.637,2,-1.059,-0.004,1.571,2,-0.629,0.236,1.701,1,-0.412,0.265,1.670,2,-0.356,0.229,1.382,2,-0.347,0.238,1.280,2,-0.752,-0.112,2.066,2,-0.751,-0.387,1.794,2,-0.765,-0.793,1.779,1,-0.749,-0.787,1.685,2,-0.608,-0.074,2.076,2,-0.546,-0.407,2.087,2,-0.577,-0.703,2.362,2,-0.530,-0.665,2.392,2,-0.762,0.246,1.741,1,-1.053,-0.021,1.519,2,-1.008,-0.008,1.568,2,-0.365,0.255,1.185,2,-0.395,0.184,1.289,0,0,0
1.857|kb,95401119174440000,6,25,0,0,1,72057594037958756,2,-0.702,-0.149,2.055,2,-0.740,0.093,1.892,2,-0.777,0.304,1.693,2,-0.805,0.429,1.616,2,-0.930,0.223,1.754,2,-1.094,0.110,1.877,2,-1.117,-0.024,1.706,2,-1.108,-0.015,1.637,2,-0.644,0.214,1.738,2,-0.446,0.274,1.654,2,-0.452,0.255,1.359,2,-0.457,0.255,1.252,2,-0.766,-0.158,2.019,2,-0.752,-0.422,1.769,2,-0.764,-0.791,1.781,1,-0.753,-0.775,1.678,2,-0.616,-0.135,2.022,2,-0.560,-0.427,2.148,2,-0.601,-0.654,2.354,1,-0.598,-0.726,2.245,2,-0.767,0.250,1.743,1,-1.108,-0.038,1.582,2,-1.080,-0.040,1.655,2,-0.457,0.272,1.150,2,-0.520,0.256,1.225,0,0,0
1.898|kb,95401122582080000,6,25,0,0,1,72057594037958756,2,-0.704,-0.145,2.058,2,-0.744,0.094,1.889,2,-0.783,0.311,1.691,2,-0.794,0.487,1.627,2,-0.918,0.245,1.763,2,-1.082,0.148,1.907,2,-1.156,-0.018,1.790,2,-1.156,-0.013,1.715,2,-0.633,0.241,1.738,2,-0.435,0.303,1.520,2,-0.529,0.270,1.268,2,-0.541,0.270,1.258,2,-0.767,-0.155,2.020,2,-0.750,-0.428,1.781,2,-0.764,-0.792,1.788,1,-0.755,-0.776,1.686,2,-0.618,-0.129,2.029,2,-0.561,-0.405,2.181,2,-0.655,-0.651,2.411,2,-0.588,-0.650,2.458,2,-0.774,0.256,1.741,1,-1.159,-0.027,1.663,2,-1.109,-0.033,1.674,2,-0.584,0.291,1.197,2,-0.576,0.231,1.288,0,0,0
1.921|kb,95401125873910000,6,25,0,0,1,72057594037958756,2,-0.703,-0.119,2.070,2,-0.741,0.098,1.902,2,-0.767,0.308,1.742,2,-0.790,0.469,1.659,2,-0.910,0.252,1.771,2,-1.088,0.172,1.955,2,-1.174,0.004,1.852,2,-1.192,-0.004,1.786,2,-0.631,0.269,1.751,2,-0.451,0.320,1.515,2,-0.580,0.288,1.307,2,-0.631,0.289,1.274,2,-0.766,-0.128,2.032,2,-0.751,-0.410,1.805,2,-0.764,-0.794,1.798,1,-0.750,-0.777,1.693,2,-0.616,-0.106,2.040,2,-0.562,-0.369,2.208,2,-0.644,-0.653,2.445,2,-0.585,-0.639,2.482,2,-0.761,0.258,1.783,1,-1.210,-0.020,1.741,2,-1.155,-0.028,1.745,2,-0.681,0.311,1.216,2,-0.658,0.249,1.324,0,0,0
1.965|kb,95401129174330000,6,25,0,0,1,72057594037958756,2,-0.689,-0.077,2.101,2,-0.733,0.134,1.936,2,-0.768,0.331,1.756,2,-0.785,0.491,1.672,2,-0.897,0.270,1.791,2,-1.079,0.191,1.973,2,-1.195,0.020,1.926,2,-1.206,0.018,1.879,2,-0.628,0.284,1.761,2,-0.484,0.346,1.504,2,-0.651,0.299,1.327,2,-0.679,0.305,1.308,2,-0.750,-0.087,2.065,2,-0.754,-0.375,1.838,2,-0.763,-0.801,1.799,1,-0.753,-0.781,1.704,2,-0.604,-0.064,2.067,2,-0.571,-0.342,2.221,2,-0.655,-0.608,2.490,2,-0.590,-0.610,2.510,2,-0.761,0.282,1.801,2,-1.230,-0.010,1.816,2,-1.173,0.000,1.892,2,-0.733,0.326,1.253,2,-0.714,0.270,1.360,0,0,0
1.990|kb,95401132581800000,6,25,0,0,1,72057594037958756,2,-0.691,-0.073,2.102,2,-0.727,0.166,1.934,2,-0.748,0.407,1.749,2,-0.777,0.532,1.675,2,-0.898,0.298,1.812,2,-1.067,0.215,2.005,2,-1.203,0.058,2.003,2,-1.221,0.043,1.960,2,-0.623,0.299,1.773,2,-0.497,0.354,1.506,2,-0.721,0.314,1.359,2,-0.721,0.323,1.345,2,-0.753,-0.081,2.069,2,-0.759,-0.372,1.855,2,-0.760,-0.809,1.808,1,-0.757,-0.786,1.714,2,-0.607,-0.062,2.068,2,-0.574,-0.322,2.248,2,-0.610,-0.597,2.586,1,-0.610,-0.658,2.461,2,-0.744,0.350,1.797,2,-1.256,0.011,1.903,2,-1.187,0.017,1.927,2,-0.782,0.344,1.310,2,-0.762,0.290,1.406,0,0,0
2.031|kb,95401135874010000,6,25,0,0,1,72057594037958756,2,-0.696,-0.062,2.109,2,-0.725,0.179,1.942,2,-0.742,0.416,1.761,2,-0.771,0.546,1.691,2,-0.900,0.318,1.836,2,-1.065,0.232,2.031,2,-1.205,0.080,2.052,2,-1.233,0.060,2.022,2,-0.620,0.313,1.792,2,-0.521,0.372,1.514,2,-0.712,0.345,1.409,2,-0.764,0.343,1.390,2,-0.760,-0.066,2.079,2,-0.764,-0.363,1.875,2,-0.761,-0.809,1.814,1,-0.761,-0.787,1.722,2,-0.610,-0.055,2.072,2,-0.578,-0.314,2.272,2,-0.606,-0.570,2.567,1,-0.613,-0.659,2.477,2,-0.739,0.359,1.807,2,-1.274,0.030,1.978,2,-1.211,0.026,1.989,2,-0.842,0.364,1.377,2,-0.793,0.313,1.453,0,0,0
2.054|kb,95401139173920000,6,25,0,0,1,72057594037958756,2,-0.699,-0.054,2.119,2,-0.727,0.178,1.951,2,-0.749,0.401,1.777,2,-0.762,0.560,1.714,2,-0.900,0.318,1.837,2,-1.052,0.247,2.047,2,-1.196,0.103,2.102,2,-1.233,0.078,2.079,2,-0.619,0.320,1.801,2,-0.531,0.383,1.525,2,-0.734,0.356,1.442,2,-0.798,0.359,1.441,2,-0.762,-0.060,2.086,2,-0.766,-0.361,1.885,2,-0.765,-0.795,1.829,2,-0.784,-0.790,1.841,2,-0.612,-0.046,2.083,2,-0.577,-0.308,2.284,2,-0.585,-0.550,2.564,1,-0.588,-0.653,2.492,2,-0.744,0.348,1.822,2,-1.278,0.051,2.043,2,-1.215,0.044,2.040,2,-0.883,0.386,1.439,2,-0.812,0.393,1.447,0,0,0
2.098|kb,95401142583700000,6,25,0,0,1,72057594037958756,2,-0.697,-0.050,2.130,2,-0.720,0.173,1.993,2,-0.737,0.385,1.840,2,-0.755,0.548,1.758,2,-0.901,0.347,1.893,2,-1.051,0.260,2.099,2,-1.198,0.114,2.159,2,-1.234,0.093,2.137,2,-0.614,0.342,1.850,2,-0.548,0.385,1.560,2,-0.757,0.369,1.494,2,-0.821,0.375,1.494,2,-0.761,-0.057,2.096,2,-0.768,-0.360,1.900,2,-0.766,-0.789,1.835,2,-0.785,-0.791,1.837,2,-0.611,-0.042,2.094,2,-0.577,-0.307,2.303,2,-0.583,-0.550,2.569,1,-0.588,-0.657,2.501,2,-0.734,0.333,1.881,2,-1.281,0.067,2.106,2,-1.216,0.060,2.101,2,-0.912,0.409,1.505,2,-0.814,0.402,1.484,0,0,0
2.120|kb,95401145873980000,6,25,0,0,1,72057594037958756,2,-0.704,-0.055,2.144,2,-0.719,0.181,1.996,2,-0.721,0.433,1.838,2,-0.747,0.573,1.765,2,-0.898,0.349,1.909,2,-1.041,0.273,2.124,2,-1.185,0.135,2.220,2,-1.224,0.113,2.202,2,-0.613,0.341,1.869,2,-0.558,0.388,1.591,2,-0.779,0.383,1.545,2,-0.840,0.390,1.552,2,-0.768,-0.060,2.110,2,-0.771,-0.361,1.913,2,-0.766,-0.789,1.848,1,-0.767,-0.782,1.749,2,-0.618,-0.049,2.110,2,-0.575,-0.312,2.323,2,-0.573,-0.553,2.577,1,-0.577,-0.666,2.515,2,-0.723,0.368,1.881,2,-1.277,0.078,2.183,2,-1.211,0.077,2.165,2,-0.928,0.424,1.565,2,-0.822,0.419,1.548,0,0,0
2.165|kb,95401149174750000,6,25,0,0,1,72057594037958756,2,-0.706,-0.061,2.158,2,-0.727,0.164,2.035,2,-0.742,0.384,1.896,2,-0.743,0.547,1.817,2,-0.893,0.350,1.939,2,-1.031,0.279,2.159,2,-1.182,0.143,2.265,2,-1.224,0.123,2.253,2,-0.610,0.339,1.900,2,-0.563,0.387,1.627,2,-0.783,0.387,1.586,2,-0.854,0.403,1.608,2,-0.770,-0.066,2.124,2,-0.772,-0.364,1.922,2,-0.769,-0.795,1.862,1,-0.770,-0.785,1.760,2,-0.619,-0.055,2.124,2,-0.573,-0.313,2.326,2,-0.554,-0.556,2.581,2,-0.556,-0.667,2.514,2,-0.740,0.330,1.933,2,-1.271,0.097,2.257,2,-1.222,0.075,2.209,2,-0.934,0.445,1.626,2,-0.849,0.440,1.639,0,0,0
2.189|kb,95401152582000000,6,25,0,0,1,72057594037958756,2,-0.704,-0.071,2.177,2,-0.721,0.168,2.040,2,-0.723,0.406,1.896,2,-0.735,0.570,1.817,2,-0.890,0.352,1.965,2,-1.024,0.282,2.187,2,-1.179,0.155,2.318,2,-1.214,0.134,2.307,2,-0.605,0.338,1.927,2,-0.570,0.386,1.652,2,-0.791,0.394,1.639,2,-0.859,0.413,1.662,2,-0.768,-0.074,2.138,2,-0.774,-0.367,1.928,2,-0.769,-0.797,1.868,1,-0.770,-0.787,1.766,2,-0.617,-0.065,2.148,2,-0.568,-0.320,2.335,2,-0.548,-0.569,2.591,2,-0.549,-0.677,2.519,2,-0.725,0.346,1.935,2,-1.264,0.107,2.317,2,-1.209,0.083,2.250,2,-0.933,0.456,1.676,2,-0.853,0.459,1.703,0,0,0
2.233|kb,95401155873960000,6,25,0,0,1,72057594037958756,2,-0.701,-0.083,2.196,2,-0.728,0.144,2.085,2,-0.750,0.371,1.953,2,-0.736,0.528,1.873,2,-0.887,0.348,1.990,2,-1.015,0.284,2.216,2,-1.164,0.163,2.367,2,-1.204,0.144,2.358,2,-0.603,0.330,1.954,2,-0.559,0.376,1.701,2,-0.806,0.397,1.683,2,-0.852,0.417,1.709,2,-0.766,-0.087,2.154,2,-0.773,-0.372,1.932,2,-0.771,-0.799,1.872,1,-0.771,-0.786,1.767,2,-0.614,-0.077,2.168,2,-0.565,-0.333,2.346,2,-0.542,-0.590,2.599,2,-0.542,-0.694,2.522,2,-0.745,0.315,1.988,2,-1.247,0.113,2.364,2,-1.174,0.123,2.353,2,-0.916,0.460,1.718,2,-0.845,0.458,1.741,0,0,0
2.261|kb,95401159174170000,6,25,0,0,1,72057594037958756,2,-0.698,-0.092,2.208,2,-0.728,0.143,2.088,2,-0.750,0.370,1.956,2,-0.731,0.531,1.880,2,-0.886,0.346,1.999,2,-1.001,0.284,2.233,2,-1.158,0.167,2.395,2,-1.194,0.149,2.404,2,-0.602,0.328,1.961,2,-0.560,0.368,1.713,2,-0.804,0.395,1.709,2,-0.854,0.428,1.756,2,-0.763,-0.096,2.167,2,-0.772,-0.376,1.937,2,-0.771,-0.800,1.873,1,-0.772,-0.787,1.770,2,-0.611,-0.084,2.181,2,-0.561,-0.346,2.351,2,-0.535,-0.613,2.604,2,-0.536,-0.714,2.522,2,-0.746,0.315,1.991,2,-1.236,0.127,2.422,2,-1.194,0.105,2.374,2,-0.914,0.470,1.775,2,-0.833,0.466,1.789,0,0,0
2.307|kb,95401162586640000,6,25,0,0,1,72057594037958756,2,-0.694,-0.102,2.223,2,-0.727,0.133,2.107,2,-0.755,0.361,1.982,2,-0.728,0.517,1.906,2,-0.885,0.336,2.031,2,-0.998,0.276,2.266,2,-1.144,0.171,2.436,2,-1.180,0.155,2.440,2,-0.594,0.317,1.992,2,-0.559,0.354,1.743,2,-0.808,0.402,1.762,2,-0.849,0.434,1.796,2,-0.759,-0.107,2.182,2,-0.770,-0.379,1.942,2,-0.771,-0.800,1.874,1,-0.772,-0.785,1.770,2,-0.608,-0.093,2.195,2,-0.557,-0.360,2.359,2,-0.528,-0.608,2.571,2,-0.532,-0.693,2.470,2,-0.749,0.305,2.015,2,-1.214,0.132,2.442,2,-1.214,0.149,2.410,2,-0.903,0.478,1.812,2,-0.825,0.470,1.824,0,0,0
2.334|kb,95401165874960000,6,25,0,0,1,72057594037958756,2,-0.693,-0.108,2.233,2,-0.725,0.125,2.119,2,-0.751,0.351,1.993,2,-0.729,0.510,1.919,2,-0.882,0.333,2.037,2,-0.993,0.274,2.273,2,-1.133,0.170,2.457,2,-1.167,0.158,2.467,2,-0.594,0.310,2.005,2,-0.561,0.351,1.753,2,-0.798,0.391,1.767,2,-0.837,0.423,1.811,2,-0.758,-0.112,2.189,2,-0.767,-0.381,1.945,2,-0.771,-0.799,1.873,1,-0.770,-0.784,1.770,2,-0.606,-0.100,2.207,2,-0.553,-0.373,2.363,2,-0.526,-0.615,2.575,2,-0.530,-0.692,2.467,2,-0.745,0.295,2.027,2,-1.207,0.124,2.487,2,-1.188,0.172,2.433,2,-0.886,0.471,1.832,2,-0.804,0.442,1.837,0,0,0
2.366|kb,95401169174360000,6,25,0,0,1,72057594037958756,2,-0.693,-0.112,2.240,2,-0.723,0.121,2.124,2,-0.749,0.346,1.997,2,-0.730,0.507,1.924,2,-0.882,0.333,2.034,2,-0.980,0.267,2.275,2,-1.130,0.166,2.477,2,-1.155,0.156,2.489,2,-0.594,0.307,2.009,2,-0.556,0.342,1.776,2,-0.809,0.388,1.793,1,-0.835,0.431,1.835,2,-0.758,-0.117,2.199,2,-0.764,-0.382,1.950,2,-0.770,-0.801,1.873,1,-0.767,-0.786,1.770,2,-0.605,-0.103,2.212,2,-0.550,-0.380,2.362,2,-0.526,-0.618,2.576,2,-0.528,-0.692,2.466,2,-0.743,0.291,2.031,2,-1.195,0.119,2.513,2,-1.172,0.174,2.459,2,-0.884,0.477,1.856,2,-0.812,0.465,1.853,0,0,0
2.392|kb,95401172582120000,6,25,0,0,1,72057594037958756,2,-0.691,-0.119,2.248,2,-0.723,0.122,2.124,2,-0.751,0.371,1.982,2,-0.726,0.526,1.911,2,-0.878,0.326,2.046,1,-0.972,0.258,2.288,2,-1.119,0.167,2.489,2,-1.144,0.153,2.504,2,-0.593,0.300,2.017,2,-0.560,0.340,1.779,2,-0.814,0.389,1.802,1,-0.835,0.430,1.846,2,-0.758,-0.124,2.207,2,-0.762,-0.383,1.951,2,-0.766,-0.800,1.872,1,-0.765,-0.785,1.771,2,-0.604,-0.110,2.220,2,-0.549,-0.390,2.364,2,-0.527,-0.621,2.578,2,-0.531,-0.696,2.468,2,-0.745,0.307,2.022,2,-1.193,0.117,2.538,2,-1.165,0.169,2.473,2,-0.878,0.475,1.861,2,-0.814,0.468,1.860,0,0,0
2.434|kb,95401175875490000,6,25,0,0,1,72057594037958756,2,-0.693,-0.121,2.250,2,-0.723,0.122,2.124,2,-0.750,0.370,1.982,2,-0.730,0.518,1.914,2,-0.881,0.327,2.051,1,-0.975,0.260,2.292,2,-1.114,0.165,2.494,2,-1.139,0.149,2.512,2,-0.593,0.297,2.020,2,-0.559,0.335,1.781,2,-0.818,0.390,1.812,1,-0.835,0.432,1.854,2,-0.759,-0.125,2.210,2,-0.760,-0.383,1.953,2,-0.761,-0.801,1.869,1,-0.760,-0.785,1.769,2,-0.605,-0.113,2.222,2,-0.548,-0.394,2.365,2,-0.541,-0.602,2.557,2,-0.545,-0.671,2.444,2,-0.744,0.307,2.021,2,-1.170,0.110,2.527,2,-1.124,0.188,2.497,2,-0.871,0.470,1.866,2,-0.820,0.481,1.875,0,0,0
2.461|kb,95401179174200000,6,25,0,0,1,72057594037958756,2,-0.693,-0.124,2.252,2,-0.722,0.121,2.123,2,-0.744,0.365,1.976,2,-0.732,0.513,1.913,2,-0.874,0.314,2.046,1,-0.969,0.248,2.288,2,-1.114,0.156,2.500,2,-1.132,0.143,2.507,2,-0.594,0.294,2.021,2,-0.563,0.331,1.777,2,-0.820,0.390,1.814,1,-0.835,0.434,1.851,2,-0.760,-0.128,2.211,2,-0.757,-0.382,1.949,2,-0.754,-0.800,1.862,1,-0.751,-0.782,1.763,2,-0.605,-0.116,2.223,2,-0.551,-0.400,2.362,2,-0.541,-0.600,2.556,2,-0.543,-0.672,2.444,2,-0.740,0.304,2.016,2,-1.159,0.115,2.525,2,-1.110,0.192,2.505,2,-0.871,0.469,1.862,2,-0.822,0.483,1.879,0,0,0
2.503|kb,95401182583460000,6,25,0,0,1,72057594037958756,2,-0.694,-0.126,2.251,2,-0.722,0.120,2.120,2,-0.741,0.363,1.972,2,-0.736,0.507,1.907,2,-0.876,0.311,2.045,1,-0.971,0.245,2.286,2,-1.116,0.150,2.498,2,-1.138,0.138,2.501,2,-0.595,0.292,2.018,2,-0.569,0.327,1.768,2,-0.772,0.373,1.756,1,-0.792,0.410,1.808,2,-0.761,-0.130,2.210,2,-0.754,-0.378,1.942,2,-0.752,-0.795,1.854,1,-0.751,-0.774,1.758,2,-0.606,-0.117,2.222,2,-0.552,-0.401,2.361,2,-0.544,-0.599,2.552,2,-0.547,-0.673,2.443,2,-0.737,0.302,2.012,2,-1.170,0.110,2.530,2,-1.088,0.144,2.488,2,-0.851,0.439,1.831,2,-0.734,0.465,1.795,0,0,0
2.531|kb,95401185873970000,6,25,0,0,1,72057594037958756,2,-0.697,-0.127,2.244,2,-0.726,0.119,2.106,2,-0.748,0.361,1.953,2,-0.746,0.504,1.892,2,-0.877,0.305,2.029,2,-0.989,0.234,2.262,2,-1.123,0.146,2.479,2,-1.150,0.134,2.475,2,-0.600,0.288,2.010,2,-0.572,0.327,1.765,2,-0.840,0.401,1.799,1,-0.854,0.447,1.830,2,-0.764,-0.132,2.204,2,-0.751,-0.373,1.929,2,-0.747,-0.792,1.846,1,-0.743,-0.771,1.750,2,-0.609,-0.119,2.215,2,-0.554,-0.400,2.357,2,-0.572,-0.609,2.522,1,-0.573,-0.683,2.412,2,-0.743,0.301,1.993,2,-1.196,0.105,2.482,2,-1.128,0.095,2.460,2,-0.875,0.488,1.848,2,-0.838,0.482,1.843,0,0,0
2.558|kb,95401189174180000,6,25,0,0,1,72057594037958756,2,-0.706,-0.126,2.228,2,-0.734,0.123,2.085,2,-0.756,0.365,1.932,2,-0.756,0.507,1.870,2,-0.883,0.306,2.006,2,-0.998,0.249,2.240,2,-1.152,0.137,2.438,2,-1.170,0.127,2.438,2,-0.614,0.287,1.988,2,-0.589,0.330,1.719,2,-0.848,0.410,1.773,1,-0.862,0.455,1.802,2,-0.770,-0.131,2.192,2,-0.750,-0.374,1.918,2,-0.738,-0.790,1.834,1,-0.735,-0.767,1.739,2,-0.619,-0.117,2.194,2,-0.558,-0.390,2.347,2,-0.537,-0.684,2.666,2,-0.557,-0.751,2.650,2,-0.752,0.305,1.972,2,-1.225,0.120,2.450,2,-1.148,0.091,2.426,2,-0.903,0.496,1.815,2,-0.836,0.477,1.822,0,0,0
2.599|kb,95401192582630000,6,25,0,0,1,72057594037958756,2,-0.722,-0.115,2.199,2,-0.746,0.135,2.055,2,-0.764,0.379,1.899,2,-0.771,0.523,1.838,2,-0.893,0.312,1.986,2,-1.019,0.239,2.212,2,-1.168,0.139,2.388,2,-1.191,0.120,2.389,2,-0.625,0.295,1.961,2,-0.601,0.340,1.709,2,-0.852,0.404,1.735,1,-0.873,0.455,1.758,2,-0.788,-0.121,2.159,2,-0.749,-0.374,1.899,2,-0.731,-0.789,1.828,1,-0.731,-0.768,1.731,2,-0.633,-0.106,2.170,2,-0.574,-0.386,2.315,2,-0.540,-0.657,2.632,2,-0.543,-0.724,2.516,2,-0.760,0.319,1.940,2,-1.232,0.091,2.396,2,-1.178,0.084,2.382,2,-0.920,0.499,1.761,2,-0.847,0.474,1.776,0,0,0
2.632|kb,95401195873860000,6,25,0,0,1,72057594037958756,2,-0.727,-0.103,2.177,2,-0.750,0.132,2.050,2,-0.774,0.352,1.902,2,-0.784,0.519,1.828,2,-0.911,0.322,1.958,2,-1.033,0.258,2.187,2,-1.165,0.143,2.322,2,-1.204,0.116,2.320,2,-0.641,0.303,1.933,2,-0.612,0.350,1.672,2,-0.841,0.414,1.675,1,-0.885,0.459,1.703,2,-0.792,-0.110,2.140,2,-0.750,-0.370,1.887,2,-0.729,-0.785,1.818,1,-0.730,-0.765,1.719,2,-0.639,-0.092,2.146,2,-0.570,-0.360,2.306,2,-0.553,-0.618,2.588,2,-0.554,-0.697,2.486,2,-0.768,0.301,1.940,2,-1.260,0.079,2.323,2,-1.178,0.076,2.294,2,-0.940,0.513,1.717,2,-0.858,0.475,1.725,0,0,0
2.655|kb,95401199174070000,6,25,0,0,1,72057594037958756,2,-0.735,-0.089,2.152,2,-0.779,0.145,2.022,2,-0.821,0.369,1.884,2,-0.808,0.528,1.805,2,-0.919,0.328,1.934,2,-1.048,0.255,2.157,2,-1.185,0.133,2.257,2,-1.224,0.102,2.250,2,-0.659,0.320,1.902,2,-0.632,0.361,1.630,2,-0.831,0.417,1.621,2,-0.896,0.464,1.645,2,-0.800,-0.097,2.113,2,-0.755,-0.364,1.869,2,-0.733,-0.775,1.810,1,-0.735,-0.757,1.709,2,-0.646,-0.078,2.121,2,-0.560,-0.337,2.287,2,-0.549,-0.603,2.569,2,-0.551,-0.690,2.476,2,-0.812,0.314,1.920,2,-1.276,0.076,2.236,2,-1.194,0.066,2.221,2,-0.960,0.521,1.646,2,-0.881,0.489,1.680,0,0,0
2.697|kb,95401202582040000,6,25,0,0,1,72057594037958756,2,-0.733,-0.080,2.136,2,-0.778,0.147,2.007,2,-0.817,0.367,1.864,2,-0.821,0.535,1.791,2,-0.932,0.333,1.916,2,-1.075,0.257,2.130,2,-1.209,0.111,2.186,2,-1.238,0.088,2.166,2,-0.668,0.326,1.889,2,-0.641,0.364,1.607,2,-0.840,0.407,1.557,2,-0.896,0.458,1.589,2,-0.798,-0.091,2.100,2,-0.757,-0.365,1.864,2,-0.737,-0.775,1.808,2,-0.738,-0.759,1.706,2,-0.645,-0.067,2.103,2,-0.555,-0.330,2.264,2,-0.545,-0.588,2.552,2,-0.545,-0.676,2.461,2,-0.809,0.313,1.902,2,-1.283,0.054,2.142,2,-1.200,0.060,2.138,2,-0.949,0.501,1.576,2,-0.887,0.489,1.614,0,0,0
2.719|kb,95401205874040000,6,25,0,0,1,72057594037958756,2,-0.725,-0.068,2.115,2,-0.764,0.216,1.945,2,-0.799,0.486,1.772,2,-0.840,0.613,1.725,2,-0.948,0.338,1.903,2,-1.103,0.249,2.104,2,-1.234,0.088,2.122,2,-1.248,0.079,2.084,2,-0.686,0.350,1.855,2,-0.640,0.359,1.588,2,-0.838,0.408,1.540,2,-0.902,0.457,1.540,2,-0.787,-0.081,2.075,2,-0.760,-0.371,1.860,2,-0.741,-0.772,1.807,2,-0.745,-0.757,1.707,2,-0.638,-0.052,2.085,2,-0.544,-0.320,2.238,2,-0.529,-0.575,2.532,2,-0.533,-0.663,2.440,2,-0.792,0.420,1.817,2,-1.287,0.047,2.048,2,-1.217,0.044,2.049,2,-0.977,0.511,1.532,2,-0.889,0.486,1.560,0,0,0
2.765|kb,95401209174170000,6,25,0,0,1,72057594037958756,2,-0.724,-0.030,2.076,2,-0.770,0.232,1.931,2,-0.808,0.493,1.766,2,-0.863,0.611,1.713,2,-0.979,0.346,1.892,2,-1.126,0.240,2.092,2,-1.246,0.073,2.039,2,-1.254,0.070,2.005,2,-0.695,0.477,1.762,2,-0.621,0.348,1.581,2,-0.816,0.393,1.512,2,-0.887,0.434,1.498,2,-0.775,-0.051,2.036,2,-0.763,-0.366,1.867,2,-0.747,-0.770,1.808,2,-0.756,-0.755,1.707,2,-0.649,-0.007,2.047,2,-0.533,-0.311,2.199,2,-0.521,-0.562,2.497,2,-0.530,-0.648,2.405,2,-0.800,0.429,1.810,2,-1.281,0.037,1.951,2,-1.217,0.042,1.969,2,-0.956,0.486,1.478,2,-0.876,0.458,1.512,0,0,0
2.789|kb,95401212582020000,6,25,0,0,1,72057594037958756,2,-0.724,-0.029,2.070,2,-0.779,0.233,1.923,2,-0.832,0.491,1.761,2,-0.884,0.602,1.700,2,-0.992,0.344,1.884,2,-1.136,0.231,2.037,2,-1.244,0.065,1.957,2,-1.259,0.052,1.897,2,-0.698,0.469,1.743,2,-0.611,0.338,1.579,2,-0.803,0.374,1.494,2,-0.873,0.406,1.461,2,-0.775,-0.050,2.033,2,-0.766,-0.367,1.869,2,-0.754,-0.774,1.813,2,-0.764,-0.760,1.713,2,-0.650,-0.007,2.037,2,-0.522,-0.308,2.155,2,-0.517,-0.569,2.446,1,-0.530,-0.655,2.354,2,-0.819,0.428,1.803,2,-1.272,0.030,1.856,2,-1.222,0.029,1.872,2,-0.934,0.453,1.430,2,-0.866,0.434,1.471,0,0,0
2.831|kb,95401215873930000,6,25,0,0,1,72057594037958756,2,-0.727,-0.030,2.054,2,-0.791,0.231,1.911,2,-0.853,0.483,1.756,2,-0.897,0.593,1.693,2,-1.009,0.326,1.875,2,-1.139,0.222,1.987,2,-1.239,0.059,1.890,2,-1.239,0.061,1.855,2,-0.702,0.456,1.723,2,-0.597,0.320,1.575,2,-0.816,0.338,1.448,2,-0.855,0.370,1.422,2,-0.776,-0.052,2.022,2,-0.771,-0.373,1.869,2,-0.759,-0.777,1.818,2,-0.770,-0.765,1.719,2,-0.653,-0.007,2.017,2,-0.512,-0.303,2.116,2,-0.506,-0.614,2.456,2,-0.440,-0.663,2.466,2,-0.838,0.422,1.796,1,-1.242,0.028,1.779,2,-1.203,0.035,1.826,2,-0.917,0.410,1.386,2,-0.858,0.401,1.434,0,0,0
2.854|kb,95401219174230000,6,25,0,0,1,72057594037958756,2,-0.733,-0.032,2.040,2,-0.799,0.228,1.902,2,-0.859,0.480,1.752,2,-0.917,0.581,1.681,2,-1.011,0.327,1.876,2,-1.153,0.200,1.944,2,-1.228,0.042,1.818,2,-1.215,0.051,1.765,2,-0.706,0.448,1.716,2,-0.588,0.307,1.584,2,-0.763,0.294,1.437,2,-0.819,0.317,1.396,2,-0.782,-0.052,2.012,2,-0.775,-0.377,1.870,2,-0.764,-0.777,1.831,2,-0.778,-0.767,1.730,2,-0.661,-0.011,2.000,2,-0.504,-0.317,2.094,2,-0.471,-0.659,2.440,2,-0.411,-0.676,2.414,2,-0.846,0.419,1.792,1,-1.202,0.027,1.715,2,-1.189,0.026,1.749,2,-0.867,0.346,1.347,2,-0.818,0.341,1.408,0,0,0
2.898|kb,95401222582850000,6,25,0,0,1,72057594037958756,2,-0.739,-0.037,2.028,2,-0.816,0.216,1.885,2,-0.889,0.458,1.731,2,-0.933,0.569,1.668,2,-1.067,0.285,1.859,2,-1.199,0.153,1.935,2,-1.153,0.112,1.723,1,-1.181,0.047,1.692,2,-0.726,0.402,1.699,2,-0.577,0.273,1.588,2,-0.726,0.242,1.429,2,-0.779,0.259,1.382,2,-0.787,-0.056,2.006,2,-0.781,-0.383,1.869,2,-0.768,-0.777,1.840,2,-0.778,-0.772,1.738,2,-0.667,-0.018,1.980,2,-0.487,-0.321,2.044,2,-0.455,-0.675,2.380,2,-0.384,-0.674,2.343,2,-0.871,0.399,1.771,1,-1.163,0.042,1.655,1,-1.187,0.035,1.710,2,-0.817,0.281,1.321,2,-0.817,0.250,1.433,0,0,0
2.920|kb,95401225874120000,6,25,0,0,1,72057594037958756,2,-0.775,-0.021,2.000,2,-0.837,0.212,1.868,2,-0.900,0.442,1.719,2,-0.951,0.541,1.648,2,-1.044,0.371,1.776,2,-1.148,0.188,1.852,1,-1.252,0.034,1.728,1,-1.173,0.032,1.664,2,-0.735,0.386,1.696,2,-0.569,0.259,1.613,2,-0.697,0.186,1.426,2,-0.730,0.199,1.383,2,-0.828,-0.032,1.968,2,-0.794,-0.380,1.857,2,-0.772,-0.779,1.855,1,-0.779,-0.780,1.749,2,-0.691,-0.010,1.967,2,-0.471,-0.316,2.001,2,-0.428,-0.676,2.308,2,-0.356,-0.671,2.263,2,-0.885,0.386,1.759,1,-1.155,0.026,1.627,1,-1.160,0.032,1.645,2,-0.761,0.217,1.322,2,-0.778,0.196,1.414,0,0,0
2.965|kb,95401229174460000,6,25,0,0,1,72057594037958756,2,-0.770,-0.031,1.994,2,-0.841,0.197,1.855,2,-0.910,0.416,1.702,2,-0.960,0.518,1.631,2,-1.059,0.309,1.779,2,-1.171,0.149,1.840,1,-1.205,0.063,1.641,1,-1.119,0.070,1.597,2,-0.741,0.358,1.686,2,-0.562,0.237,1.627,1,-0.696,0.173,1.432,2,-0.695,0.144,1.369,2,-0.823,-0.043,1.969,2,-0.807,-0.384,1.833,2,-0.774,-0.775,1.863,1,-0.781,-0.786,1.754,2,-0.689,-0.021,1.947,2,-0.450,-0.305,1.954,2,-0.395,-0.682,2.232,2,-0.319,-0.671,2.196,2,-0.894,0.362,1.742,1,-1.109,0.067,1.575,1,-1.108,0.061,1.574,2,-0.734,0.153,1.302,2,-0.723,0.131,1.403,0,0,0
2.986|kb,95401232582010000,6,25,0,0,1,72057594037958756,2,-0.765,-0.055,1.982,2,-0.843,0.170,1.840,2,-0.914,0.388,1.688,2,-0.968,0.486,1.612,2,-1.066,0.276,1.773,2,-1.186,0.105,1.779,1,-1.176,-0.024,1.602,1,-1.175,-0.067,1.546,2,-0.743,0.334,1.675,2,-0.553,0.223,1.646,1,-0.697,0.161,1.450,2,-0.658,0.089,1.361,2,-0.816,-0.072,1.962,2,-0.818,-0.393,1.811,2,-0.774,-0.766,1.868,1,-0.781,-0.788,1.755,2,-0.687,-0.037,1.934,2,-0.443,-0.315,1.932,2,-0.334,-0.710,2.173,2,-0.258,-0.690,2.143,2,-0.898,0.335,1.728,1,-1.165,-0.070,1.524,1,-1.163,-0.075,1.523,2,-0.688,0.092,1.296,2,-0.696,0.083,1.338,0,0,0
3.031|kb,95401235876060000,6,25,0,0,1,72057594037958756,2,-0.759,-0.088,1.976,2,-0.846,0.141,1.832,2,-0.923,0.359,1.677,2,-0.977,0.457,1.602,2,-1.070,0.227,1.762,2,-1.208,0.071,1.751,1,-1.131,-0.038,1.574,1,-1.083,-0.012,1.507,2,-0.755,0.306,1.664,2,-0.563,0.198,1.672,1,-0.703,0.133,1.471,1,-0.672,0.090,1.402,2,-0.811,-0.111,1.958,2,-0.829,-0.424,1.789,2,-0.777,-0.757,1.869,1,-0.782,-0.793,1.754,2,-0.682,-0.063,1.928,2,-0.434,-0.324,1.905,2,-0.281,-0.728,2.113,2,-0.203,-0.702,2.085,2,-0.905,0.306,1.718,1,-1.073,-0.015,1.484,1,-1.071,-0.020,1.484,1,-0.702,0.094,1.338,1,-0.710,0.085,1.379,0,0,0
3.056|kb,95401239174220000,6,25,0,0,1,72057594037958756,2,-0.737,-0.133,1.959,2,-0.840,0.100,1.817,2,-0.932,0.323,1.664,2,-0.984,0.421,1.588,2,-1.070,0.205,1.748,1,-1.189,0.034,1.710,2,-1.019,0.113,1.481,2,-0.998,0.132,1.443,2,-0.759,0.267,1.658,2,-0.571,0.160,1.687,1,-0.708,0.095,1.484,1,-0.679,0.046,1.419,2,-0.788,-0.163,1.937,2,-0.846,-0.465,1.762,2,-0.793,-0.749,1.855,1,-0.810,-0.800,1.793,2,-0.663,-0.093,1.915,2,-0.414,-0.340,1.875,2,-0.208,-0.760,2.064,2,-0.129,-0.728,2.031,2,-0.910,0.268,1.704,1,-0.975,0.153,1.391,1,-1.008,0.092,1.437,1,-0.709,0.050,1.354,1,-0.717,0.042,1.396,0,0,0
3.098|kb,95401242583400000,6,25,0,0,1,72057594037958756,2,-0.730,-0.132,1.961,2,-0.837,0.093,1.814,2,-0.934,0.298,1.652,2,-0.986,0.389,1.578,2,-1.066,0.171,1.734,1,-1.165,0.010,1.628,2,-1.010,0.112,1.469,2,-0.975,0.138,1.428,2,-0.758,0.245,1.650,2,-0.575,0.133,1.688,1,-0.705,0.063,1.486,1,-0.675,0.018,1.418,2,-0.784,-0.162,1.939,2,-0.854,-0.441,1.727,2,-0.809,-0.757,1.837,1,-0.810,-0.802,1.720,2,-0.650,-0.095,1.916,2,-0.385,-0.360,1.850,2,-0.155,-0.757,1.996,2,-0.098,-0.734,1.971,2,-0.911,0.250,1.695,2,-0.944,0.162,1.363,1,-0.961,0.129,1.377,1,-0.705,0.022,1.354,1,-0.714,0.014,1.395,0,0,0
3.121|kb,95401245874030000,6,25,0,0,1,72057594037958756,2,-0.763,-0.185,1.960,2,-0.854,0.039,1.802,2,-0.935,0.260,1.636,2,-0.985,0.359,1.568,2,-1.048,0.113,1.719,1,-1.179,-0.001,1.589,2,-0.966,0.131,1.433,2,-0.949,0.146,1.410,2,-0.761,0.219,1.634,2,-0.584,0.105,1.685,1,-0.710,0.034,1.485,1,-0.680,-0.013,1.417,2,-0.817,-0.204,1.938,2,-0.870,-0.457,1.686,2,-0.810,-0.772,1.838,2,-0.756,-0.763,1.857,2,-0.682,-0.159,1.915,2,-0.375,-0.367,1.836,2,-0.138,-0.721,1.922,2,-0.170,-0.746,1.802,2,-0.916,0.204,1.679,2,-0.912,0.172,1.359,1,-0.966,0.081,1.373,1,-0.710,-0.009,1.353,1,-0.719,-0.017,1.394,0,0,0
3.165|kb,95401249174150000,6,25,0,0,1,72057594037958756,2,-0.767,-0.203,1.956,2,-0.852,0.020,1.797,2,-0.927,0.233,1.628,2,-0.980,0.334,1.560,2,-1.046,0.101,1.704,1,-1.117,-0.009,1.525,2,-0.938,0.212,1.454,2,-0.925,0.198,1.436,2,-0.754,0.183,1.626,2,-0.575,0.076,1.683,1,-0.711,0.010,1.478,1,-0.680,-0.036,1.411,2,-0.825,-0.225,1.932,2,-0.863,-0.494,1.696,2,-0.817,-0.821,1.808,1,-0.815,-0.858,1.688,2,-0.683,-0.175,1.912,2,-0.326,-0.394,1.798,2,-0.116,-0.722,1.863,2,-0.153,-0.756,1.831,2,-0.911,0.181,1.672,2,-0.882,0.183,1.366,2,-0.920,0.128,1.357,1,-0.711,-0.031,1.346,1,-0.719,-0.039,1.388,0,0,0
3.189|kb,95401252582730000,6,25,0,0,1,72057594037958756,2,-0.762,-0.246,1.941,2,-0.844,-0.014,1.786,2,-0.918,0.211,1.620,2,-0.972,0.315,1.546,2,-1.015,0.061,1.683,1,-1.064,0.028,1.467,2,-0.936,0.220,1.420,2,-0.934,0.277,1.447,2,-0.748,0.164,1.617,2,-0.572,0.042,1.657,1,-0.699,-0.029,1.457,1,-0.669,-0.075,1.389,2,-0.820,-0.267,1.915,2,-0.874,-0.520,1.665,2,-0.838,-0.768,1.748,2,-0.870,-0.722,1.727,2,-0.677,-0.216,1.900,2,-0.290,-0.437,1.784,2,-0.083,-0.711,1.814,2,-0.151,-0.753,1.756,2,-0.901,0.156,1.663,2,-0.859,0.348,1.408,2,-0.927,0.305,1.409,1,-0.699,-0.071,1.325,1,-0.707,-0.078,1.366,0,0,0
3.231|kb,95401255874000000,6,25,0,0,1,72057594037958756,2,-0.746,-0.266,1.934,2,-0.830,-0.039,1.779,2,-0.905,0.180,1.614,2,-0.958,0.283,1.532,1,-1.007,0.043,1.681,1,-1.050,0.027,1.461,2,-0.878,0.143,1.388,1,-0.871,0.149,1.393,2,-0.735,0.138,1.603,2,-0.550,-0.007,1.635,2,-0.390,-0.224,1.554,2,-0.358,-0.249,1.496,2,-0.802,-0.297,1.901,2,-0.885,-0.534,1.645,2,-0.841,-0.803,1.746,1,-0.829,-0.891,1.647,2,-0.664,-0.228,1.898,2,-0.294,-0.407,1.770,2,-0.080,-0.693,1.767,2,-0.136,-0.741,1.702,2,-0.888,0.126,1.657,2,-0.825,0.188,1.373,2,-0.856,0.135,1.338,2,-0.313,-0.277,1.442,2,-0.409,-0.279,1.495,0,0,0
3.255|kb,95401259173950000,6,25,0,0,1,72057594037958756,2,-0.757,-0.202,2.038,2,-0.825,-0.026,1.825,2,-0.888,0.154,1.606,2,-0.944,0.256,1.520,1,-0.986,0.011,1.672,1,-1.028,0.019,1.451,2,-0.860,0.144,1.386,1,-0.834,0.173,1.398,2,-0.724,0.121,1.596,2,-0.543,-0.021,1.627,2,-0.371,-0.234,1.556,2,-0.321,-0.268,1.505,2,-0.805,-0.232,2.006,2,-0.853,-0.478,1.701,2,-0.801,-0.765,1.824,1,-0.775,-0.823,1.735,2,-0.684,-0.165,2.003,2,-0.291,-0.317,1.756,2,-0.065,-0.692,1.743,2,-0.116,-0.733,1.687,2,-0.878,0.115,1.659,2,-0.793,0.201,1.374,2,-0.826,0.132,1.345,2,-0.273,-0.297,1.450,2,-0.366,-0.324,1.490,0,0,0
3.298|kb,95401262583050000,6,25,0,0,1,72057594037958756,2,-0.671,-0.276,1.917,2,-0.770,-0.073,1.761,2,-0.865,0.130,1.597,2,-0.920,0.233,1.514,2,-0.953,0.015,1.644,1,-0.985,0.023,1.421,2,-0.782,0.102,1.398,2,-0.781,0.189,1.413,2,-0.706,0.106,1.579,2,-0.524,-0.048,1.598,2,-0.328,-0.248,1.546,2,-0.279,-0.282,1.500,2,-0.733,-0.301,1.896,2,-0.894,-0.489,1.637,2,-0.797,-0.756,1.819,1,-0.776,-0.816,1.753,2,-0.584,-0.240,1.869,2,-0.295,-0.411,1.734,2,0.007,-0.677,1.678,2,-0.068,-0.710,1.646,2,-0.839,0.076,1.638,2,-0.758,0.200,1.389,2,-0.764,0.194,1.348,2,-0.231,-0.309,1.454,2,-0.326,-0.319,1.472,0,0,0
3.348|kb,95401269182140000,6,25,0,0,1,72057594037958756,2,-0.660,-0.183,2.007,2,-0.733,-0.039,1.795,2,-0.802,0.103,1.575,2,-0.866,0.208,1.499,2,-0.898,0.000,1.622,1,-0.935,0.007,1.400,1,-0.980,0.016,1.149,1,-0.995,0.018,1.081,2,-0.662,0.081,1.561,2,-0.457,-0.091,1.562,2,-0.297,-0.252,1.534,2,-0.230,-0.286,1.493,2,-0.714,-0.206,1.982,2,-0.843,-0.488,1.681,2,-0.786,-0.759,1.807,2,-0.798,-0.760,1.690,2,-0.584,-0.153,1.962,2,-0.284,-0.412,1.715,2,-0.002,-0.699,1.718,2,-0.008,-0.756,1.632,2,-0.792,0.067,1.631,1,-0.962,0.044,1.081,1,-0.983,-0.013,1.046,2,-0.157,-0.324,1.440,2,-0.261,-0.333,1.455,0,0,0
3.399|kb,95401272583360000,6,25,0,0,1,72057594037958756,2,-0.616,-0.167,1.998,2,-0.701,-0.033,1.788,2,-0.772,0.100,1.567,2,-0.830,0.205,1.489,1,-0.871,0.004,1.611,2,-0.879,-0.014,1.385,1,-0.891,-0.033,1.131,1,-0.896,-0.039,1.061,2,-0.639,0.079,1.548,2,-0.443,-0.090,1.548,2,-0.278,-0.251,1.516,2,-0.229,-0.279,1.489,2,-0.664,-0.192,1.975,2,-0.821,-0.512,1.683,2,-0.790,-0.743,1.800,2,-0.787,-0.738,1.708,2,-0.547,-0.137,1.952,2,-0.372,-0.355,1.712,2,-0.017,-0.695,1.668,2,-0.049,-0.740,1.589,2,-0.752,0.067,1.624,1,-0.863,-0.013,1.061,1,-0.884,-0.069,1.026,2,-0.158,-0.330,1.417,2,-0.236,-0.325,1.441,0,0,0
3.423|kb,95401275876050000,6,25,0,0,1,72057594037958756,2,-0.606,-0.297,1.923,2,-0.672,-0.097,1.745,2,-0.736,0.099,1.559,2,-0.795,0.210,1.479,1,-0.836,0.003,1.601,1,-0.857,-0.015,1.376,2,-0.679,0.109,1.373,1,-0.669,0.164,1.391,2,-0.604,0.074,1.540,2,-0.413,-0.083,1.538,2,-0.232,-0.252,1.476,2,-0.172,-0.290,1.420,2,-0.664,-0.311,1.898,2,-0.825,-0.527,1.665,2,-0.808,-0.723,1.762,2,-0.760,-0.712,1.725,2,-0.525,-0.272,1.879,2,-0.262,-0.415,1.666,2,0.068,-0.706,1.616,2,0.008,-0.728,1.663,2,-0.722,0.053,1.609,2,-0.633,0.194,1.382,2,-0.654,0.164,1.336,2,-0.106,-0.319,1.361,2,-0.209,-0.325,1.390,0,0,0
3.465|kb,95401279176600000,6,25,0,0,1,72057594037958756,2,-0.583,-0.181,1.994,2,-0.640,-0.027,1.766,2,-0.689,0.124,1.528,2,-0.759,0.217,1.466,2,-0.823,0.031,1.587,2,-0.858,-0.030,1.373,1,-0.715,0.095,1.469,2,-0.657,0.132,1.508,2,-0.551,0.073,1.528,2,-0.387,-0.072,1.532,2,-0.230,-0.208,1.469,2,-0.136,-0.284,1.349,2,-0.643,-0.192,1.971,2,-0.784,-0.371,1.651,2,-0.785,-0.672,1.756,2,-0.792,-0.766,1.673,2,-0.502,-0.165,1.948,2,-0.186,-0.411,1.670,2,0.019,-0.722,1.709,1,-0.005,-0.778,1.623,2,-0.678,0.087,1.590,2,-0.613,0.187,1.532,2,-0.648,0.148,1.436,2,-0.093,-0.301,1.291,2,-0.186,-0.316,1.336,0,0,0
3.490|kb,95401282582310000,6,25,0,0,1,72057594037958756,2,-0.584,-0.291,1.917,2,-0.623,-0.082,1.734,2,-0.666,0.122,1.536,2,-0.700,0.239,1.464,2,-0.789,0.048,1.581,1,-0.830,-0.031,1.374,1,-0.692,0.106,1.461,1,-0.625,0.143,1.503,2,-0.536,0.076,1.526,2,-0.329,-0.065,1.523,2,-0.197,-0.209,1.426,2,-0.168,-0.255,1.345,2,-0.647,-0.295,1.894,2,-0.787,-0.498,1.632,2,-0.804,-0.711,1.721,1,-0.751,-0.687,1.713,2,-0.499,-0.277,1.871,2,-0.198,-0.322,1.663,2,0.087,-0.695,1.651,1,0.044,-0.722,1.680,2,-0.659,0.077,1.590,2,-0.592,0.194,1.517,2,-0.618,0.160,1.437,2,-0.123,-0.276,1.253,2,-0.183,-0.289,1.291,0,0,0
3.531|kb,95401285874350000,6,25,0,0,1,72057594037958756,2,-0.573,-0.293,1.912,2,-0.593,-0.074,1.728,2,-0.602,0.147,1.534,2,-0.657,0.251,1.456,2,-0.752,0.049,1.577,2,-0.818,-0.029,1.378,2,-0.624,0.065,1.342,2,-0.597,0.124,1.346,2,-0.470,0.081,1.520,2,-0.298,-0.057,1.512,2,-0.173,-0.192,1.392,2,-0.136,-0.220,1.256,2,-0.630,-0.295,1.887,2,-0.782,-0.399,1.572,2,-0.778,-0.697,1.752,2,-0.788,-0.790,1.707,2,-0.493,-0.280,1.867,2,-0.180,-0.319,1.680,2,0.108,-0.680,1.638,2,0.034,-0.716,1.681,2,-0.599,0.094,1.584,2,-0.538,0.158,1.328,2,-0.586,0.119,1.285,2,-0.092,-0.225,1.194,2,-0.189,-0.246,1.240,0,0,0
3.558|kb,95401289174180000,6,25,0,0,1,72057594037958756,2,-0.515,-0.274,1.905,2,-0.539,-0.054,1.726,2,-0.561,0.160,1.535,2,-0.597,0.280,1.451,2,-0.723,0.096,1.560,2,-0.766,-0.022,1.374,2,-0.586,0.088,1.314,2,-0.559,0.133,1.329,2,-0.437,0.088,1.521,2,-0.262,-0.043,1.507,2,-0.152,-0.164,1.359,2,-0.147,-0.186,1.204,2,-0.569,-0.267,1.886,2,-0.762,-0.391,1.606,2,-0.777,-0.727,1.764,2,-0.785,-0.790,1.715,2,-0.442,-0.270,1.854,2,-0.129,-0.384,1.653,2,0.031,-0.721,1.695,1,-0.004,-0.746,1.587,2,-0.557,0.107,1.585,2,-0.520,0.152,1.306,2,-0.548,0.127,1.267,2,-0.122,-0.171,1.138,2,-0.197,-0.197,1.193,0,0,0
3.599|kb,95401292582200000,6,25,0,0,1,72057594037958756,2,-0.509,-0.274,1.901,2,-0.514,-0.048,1.719,2,-0.503,0.177,1.524,2,-0.537,0.293,1.446,2,-0.680,0.129,1.546,2,-0.758,-0.011,1.391,2,-0.550,0.099,1.319,1,-0.522,0.150,1.330,2,-0.381,0.100,1.524,2,-0.207,-0.031,1.488,2,-0.126,-0.141,1.315,2,-0.159,-0.148,1.193,2,-0.562,-0.266,1.880,2,-0.736,-0.398,1.589,2,-0.772,-0.746,1.770,2,-0.779,-0.788,1.725,2,-0.438,-0.271,1.853,2,-0.121,-0.378,1.654,2,0.043,-0.726,1.704,1,0.012,-0.751,1.592,2,-0.504,0.122,1.574,2,-0.507,0.208,1.340,2,-0.517,0.127,1.257,2,-0.138,-0.122,1.120,2,-0.201,-0.150,1.172,0,0,0
3.621|kb,95401295874200000,6,25,0,0,1,72057594037958756,2,-0.477,-0.190,1.948,2,-0.469,0.001,1.744,2,-0.459,0.186,1.527,2,-0.474,0.304,1.441,2,-0.625,0.153,1.544,2,-0.729,0.014,1.407,2,-0.539,0.053,1.303,2,-0.518,0.102,1.293,2,-0.328,0.116,1.526,2,-0.160,-0.016,1.468,2,-0.131,-0.106,1.260,2,-0.175,-0.097,1.171,2,-0.527,-0.176,1.923,2,-0.680,-0.369,1.634,2,-0.760,-0.752,1.763,2,-0.748,-0.780,1.649,2,-0.410,-0.197,1.903,2,-0.102,-0.362,1.655,2,0.041,-0.729,1.706,1,0.012,-0.760,1.602,2,-0.462,0.140,1.583,2,-0.489,0.112,1.274,2,-0.485,0.102,1.250,2,-0.178,-0.066,1.100,2,-0.225,-0.093,1.151,0,0,0
3.666|kb,95401299174150000,6,25,0,0,1,72057594037958756,2,-0.445,-0.177,1.939,2,-0.431,0.014,1.741,2,-0.409,0.200,1.531,2,-0.410,0.318,1.436,2,-0.575,0.163,1.539,2,-0.713,0.033,1.429,2,-0.530,0.057,1.306,2,-0.506,0.082,1.286,2,-0.267,0.135,1.525,2,-0.107,-0.015,1.430,2,-0.139,-0.084,1.222,2,-0.186,-0.045,1.164,2,-0.497,-0.162,1.916,2,-0.645,-0.357,1.639,2,-0.750,-0.753,1.756,2,-0.727,-0.770,1.642,2,-0.376,-0.185,1.892,2,-0.081,-0.355,1.655,2,0.044,-0.730,1.707,1,0.020,-0.759,1.601,2,-0.415,0.154,1.585,2,-0.482,0.089,1.264,2,-0.530,0.059,1.252,2,-0.202,-0.004,1.092,2,-0.242,-0.034,1.152,0,0,0
3.690|kb,95401302582690000,6,25,0,0,1,72057594037958756,2,-0.383,-0.141,1.941,2,-0.374,0.038,1.743,2,-0.365,0.211,1.533,2,-0.345,0.330,1.431,2,-0.536,0.167,1.537,2,-0.703,0.054,1.458,2,-0.536,0.049,1.313,2,-0.503,0.056,1.292,2,-0.208,0.155,1.526,2,-0.071,0.002,1.437,2,-0.153,-0.023,1.208,2,-0.193,0.007,1.164,2,-0.439,-0.130,1.915,2,-0.627,-0.355,1.642,2,-0.743,-0.758,1.755,2,-0.712,-0.772,1.645,2,-0.314,-0.147,1.895,2,-0.065,-0.347,1.653,2,0.052,-0.731,1.706,1,0.034,-0.761,1.602,2,-0.366,0.169,1.588,2,-0.479,0.061,1.262,2,-0.529,0.043,1.254,2,-0.219,0.057,1.089,2,-0.252,0.021,1.173,0,0,0
3.732|kb,95401305874130000,6,25,0,0,1,72057594037958756,2,-0.323,-0.129,1.950,2,-0.314,0.053,1.744,2,-0.302,0.230,1.526,2,-0.283,0.339,1.426,2,-0.475,0.178,1.537,2,-0.663,0.085,1.504,2,-0.523,0.033,1.315,2,-0.498,0.036,1.295,2,-0.157,0.167,1.529,2,-0.033,0.014,1.424,2,-0.151,0.011,1.205,2,-0.195,0.055,1.176,2,-0.394,-0.127,1.916,2,-0.585,-0.339,1.659,2,-0.740,-0.764,1.755,2,-0.702,-0.775,1.648,2,-0.243,-0.126,1.913,2,-0.045,-0.340,1.648,2,0.068,-0.739,1.706,2,0.030,-0.762,1.666,2,-0.305,0.187,1.583,2,-0.489,0.027,1.263,2,-0.532,0.021,1.265,2,-0.229,0.113,1.113,2,-0.251,0.068,1.195,0,0,0
3.757|kb,95401309174080000,6,25,0,0,1,72057594037958756,2,-0.290,-0.116,1.956,2,-0.260,0.068,1.744,2,-0.234,0.243,1.518,2,-0.225,0.348,1.416,2,-0.416,0.182,1.530,2,-0.615,0.122,1.544,2,-0.511,0.017,1.331,2,-0.504,0.007,1.306,2,-0.108,0.177,1.526,2,0.004,0.010,1.378,2,-0.143,0.060,1.222,2,-0.186,0.097,1.194,2,-0.361,-0.113,1.919,2,-0.556,-0.325,1.674,2,-0.715,-0.745,1.734,2,-0.673,-0.753,1.632,2,-0.207,-0.113,1.922,2,-0.032,-0.334,1.645,2,0.076,-0.738,1.700,2,0.060,-0.761,1.597,2,-0.241,0.200,1.577,2,-0.505,-0.001,1.281,2,-0.502,0.025,1.282,2,-0.212,0.155,1.139,2,-0.236,0.107,1.221,0,0,0
3.799|kb,95401312582790000,6,25,0,0,1,72057594037958756,2,-0.271,-0.166,1.917,2,-0.221,0.040,1.711,2,-0.169,0.241,1.492,2,-0.170,0.358,1.411,2,-0.358,0.188,1.522,2,-0.556,0.145,1.566,2,-0.533,0.003,1.399,2,-0.519,-0.005,1.354,2,-0.071,0.167,1.525,2,0.024,0.012,1.361,2,-0.156,0.114,1.218,2,-0.161,0.121,1.218,2,-0.338,-0.155,1.881,2,-0.551,-0.359,1.679,2,-0.715,-0.741,1.731,2,-0.674,-0.748,1.627,2,-0.194,-0.172,1.881,2,-0.002,-0.358,1.629,2,0.088,-0.732,1.690,2,0.052,-0.749,1.650,2,-0.182,0.192,1.549,2,-0.520,-0.018,1.320,2,-0.544,0.011,1.321,2,-0.186,0.180,1.170,2,-0.200,0.118,1.230,0,0,0
3.823|kb,95401315874100000,6,25,0,0,1,72057594037958756,2,-0.212,-0.088,1.943,2,-0.160,0.082,1.731,2,-0.108,0.246,1.507,2,-0.136,0.359,1.404,2,-0.319,0.207,1.514,2,-0.515,0.166,1.605,2,-0.537,0.014,1.447,2,-0.529,-0.013,1.399,2,-0.012,0.193,1.513,2,0.069,0.036,1.368,2,-0.097,0.116,1.249,2,-0.136,0.149,1.237,2,-0.289,-0.082,1.903,2,-0.498,-0.308,1.720,2,-0.712,-0.749,1.751,2,-0.666,-0.761,1.659,2,-0.128,-0.091,1.910,2,0.015,-0.324,1.636,2,0.089,-0.739,1.688,2,0.074,-0.754,1.587,2,-0.121,0.206,1.565,2,-0.541,-0.034,1.363,2,-0.551,0.006,1.364,2,-0.164,0.210,1.195,2,-0.146,0.217,1.263,0,0,0
3.865|kb,95401319174830000,6,25,0,0,1,72057594037958756,2,-0.171,-0.078,1.939,2,-0.117,0.087,1.701,2,-0.068,0.246,1.451,2,-0.096,0.363,1.397,2,-0.270,0.218,1.505,2,-0.467,0.177,1.625,2,-0.546,0.006,1.516,2,-0.533,-0.016,1.440,2,0.000,0.183,1.516,2,0.084,0.031,1.354,2,-0.085,0.131,1.257,1,-0.105,0.165,1.255,2,-0.247,-0.066,1.903,2,-0.474,-0.372,1.743,2,-0.715,-0.742,1.755,2,-0.668,-0.762,1.673,2,-0.088,-0.086,1.904,2,0.039,-0.392,1.626,2,0.099,-0.762,1.683,2,0.067,-0.778,1.637,2,-0.080,0.207,1.516,2,-0.552,-0.041,1.410,2,-0.560,-0.001,1.415,2,-0.130,0.220,1.218,2,-0.107,0.219,1.285,0,0,0
3.890|kb,95401322582420000,6,25,0,0,1,72057594037958756,2,-0.110,-0.052,1.940,2,-0.102,0.092,1.703,2,-0.068,0.245,1.452,2,-0.072,0.359,1.394,2,-0.250,0.222,1.511,2,-0.450,0.180,1.648,2,-0.537,0.010,1.544,2,-0.529,-0.013,1.483,2,0.044,0.178,1.510,2,0.106,0.033,1.346,2,-0.064,0.144,1.268,1,-0.083,0.184,1.274,2,-0.191,-0.040,1.904,2,-0.433,-0.348,1.766,2,-0.696,-0.726,1.775,2,-0.650,-0.753,1.696,2,-0.025,-0.063,1.904,2,0.052,-0.391,1.622,2,0.106,-0.761,1.675,2,0.075,-0.778,1.624,2,-0.079,0.207,1.517,2,-0.548,-0.033,1.459,2,-0.557,0.007,1.462,2,-0.109,0.218,1.274,2,-0.072,0.221,1.300,0,0,0
3.931|kb,95401325874420000,6,25,0,0,1,72057594037958756,2,-0.097,-0.049,1.940,2,-0.063,0.100,1.705,2,-0.039,0.243,1.458,2,-0.045,0.361,1.392,2,-0.213,0.229,1.516,1,-0.404,0.195,1.667,2,-0.520,0.032,1.584,2,-0.521,0.003,1.521,2,0.083,0.185,1.504,2,0.142,0.038,1.343,2,-0.030,0.154,1.276,1,-0.052,0.197,1.286,2,-0.179,-0.036,1.904,2,-0.408,-0.348,1.774,2,-0.670,-0.720,1.792,2,-0.625,-0.746,1.711,2,-0.011,-0.060,1.903,2,0.085,-0.391,1.612,2,0.114,-0.761,1.668,2,0.072,-0.776,1.623,2,-0.043,0.208,1.522,2,-0.538,-0.023,1.500,2,-0.544,0.024,1.500,2,-0.078,0.248,1.242,2,-0.037,0.240,1.308,0,0,0
3.953|kb,95401329174670000,6,25,0,0,1,72057594037958756,2,-0.069,-0.060,1.935,2,-0.044,0.096,1.707,2,-0.012,0.245,1.467,2,-0.022,0.363,1.392,2,-0.186,0.231,1.519,2,-0.370,0.210,1.693,2,-0.495,0.053,1.611,2,-0.507,0.017,1.550,2,0.106,0.185,1.501,2,0.175,0.038,1.345,2,-0.009,0.157,1.280,1,-0.031,0.211,1.292,2,-0.151,-0.045,1.902,2,-0.367,-0.343,1.777,2,-0.628,-0.717,1.832,1,-0.590,-0.747,1.742,2,0.016,-0.073,1.895,2,0.100,-0.390,1.610,2,0.119,-0.766,1.661,1,0.100,-0.786,1.566,2,-0.021,0.208,1.529,2,-0.534,-0.006,1.524,2,-0.531,0.041,1.526,2,-0.057,0.246,1.286,2,0.000,0.234,1.315,0,0,0
3.998|kb,95401332583810000,6,25,0,0,1,72057594037958756,2,-0.020,-0.087,1.921,2,-0.007,0.088,1.708,2,0.010,0.252,1.477,2,-0.001,0.371,1.393,2,-0.162,0.234,1.524,2,-0.357,0.214,1.696,2,-0.484,0.058,1.617,2,-0.495,0.027,1.551,2,0.140,0.187,1.501,2,0.222,0.035,1.357,2,0.034,0.154,1.284,1,0.003,0.199,1.290,2,-0.102,-0.072,1.892,2,-0.337,-0.346,1.771,2,-0.558,-0.685,1.884,1,-0.533,-0.726,1.782,2,0.062,-0.098,1.878,2,0.113,-0.388,1.607,2,0.123,-0.766,1.655,1,0.105,-0.782,1.555,2,0.005,0.212,1.537,2,-0.521,0.003,1.528,2,-0.524,0.043,1.530,2,-0.019,0.233,1.281,2,0.025,0.242,1.312,0,0,0
4.024|kb,95401335874740000,6,25,0,0,1,72057594037958756,2,-0.004,-0.091,1.922,2,0.014,0.089,1.714,2,0.035,0.265,1.494,2,0.017,0.379,1.398,2,-0.142,0.239,1.530,2,-0.340,0.218,1.698,2,-0.468,0.064,1.615,2,-0.471,0.040,1.544,2,0.165,0.191,1.504,2,0.240,0.033,1.364,2,0.042,0.155,1.283,1,0.024,0.200,1.281,2,-0.082,-0.078,1.895,2,-0.298,-0.356,1.766,2,-0.493,-0.669,1.878,2,-0.500,-0.674,1.914,2,0.076,-0.101,1.877,2,0.123,-0.385,1.607,2,0.125,-0.764,1.652,1,0.108,-0.777,1.549,2,0.030,0.221,1.551,2,-0.498,0.016,1.510,2,-0.497,0.062,1.520,2,0.006,0.249,1.256,2,-0.025,0.191,1.303,0,0,0
4.066|kb,95401339175670000,6,25,0,0,1,72057594037958756,2,0.012,-0.092,1.928,2,0.021,0.090,1.716,2,0.036,0.265,1.494,2,0.032,0.386,1.405,2,-0.140,0.239,1.531,2,-0.329,0.220,1.696,2,-0.452,0.072,1.595,2,-0.449,0.051,1.509,2,0.171,0.190,1.507,2,0.287,0.030,1.404,2,0.129,0.107,1.270,2,0.078,0.154,1.271,2,-0.069,-0.079,1.901,2,-0.249,-0.366,1.770,2,-0.440,-0.688,1.922,2,-0.433,-0.671,1.952,2,0.092,-0.102,1.882,2,0.129,-0.385,1.608,2,0.126,-0.765,1.651,1,0.110,-0.778,1.550,2,0.032,0.222,1.551,2,-0.475,0.031,1.471,2,-0.469,0.077,1.485,2,0.059,0.215,1.195,2,0.019,0.164,1.285,0,0,0
4.090|kb,95401342582280000,6,25,0,0,1,72057594037958756,2,0.023,-0.090,1.934,2,0.037,0.092,1.730,2,0.051,0.267,1.515,2,0.043,0.388,1.417,2,-0.113,0.242,1.555,2,-0.321,0.221,1.687,2,-0.436,0.085,1.560,2,-0.424,0.067,1.459,2,0.220,0.227,1.525,2,0.312,0.041,1.442,2,0.151,0.107,1.268,1,0.126,0.136,1.251,2,-0.058,-0.079,1.907,2,-0.213,-0.373,1.780,2,-0.363,-0.717,1.924,2,-0.353,-0.673,1.969,2,0.104,-0.097,1.889,2,0.132,-0.385,1.608,2,0.127,-0.765,1.652,1,0.119,-0.777,1.549,2,0.048,0.224,1.571,2,-0.444,0.045,1.413,2,-0.451,0.087,1.431,2,0.120,0.170,1.168,2,0.105,0.176,1.226,0,0,0
4.131|kb,95401345874880000,6,25,0,0,1,72057594037958756,2,0.030,-0.086,1.943,2,0.044,0.096,1.741,2,0.058,0.273,1.526,2,0.052,0.394,1.427,2,-0.110,0.245,1.560,2,-0.329,0.228,1.663,2,-0.415,0.085,1.521,2,-0.388,0.088,1.399,2,0.212,0.218,1.536,2,0.345,0.056,1.470,2,0.221,0.057,1.274,2,0.208,0.068,1.261,2,-0.049,-0.073,1.920,2,-0.178,-0.385,1.796,2,-0.258,-0.733,1.955,2,-0.271,-0.685,2.005,2,0.109,-0.095,1.895,2,0.135,-0.387,1.609,2,0.130,-0.767,1.654,1,0.120,-0.778,1.550,2,0.055,0.229,1.582,2,-0.404,0.068,1.337,2,-0.412,0.110,1.378,2,0.207,0.098,1.155,2,0.189,0.104,1.232,0,0,0
4.152|kb,95401349174020000,6,25,0,0,1,72057594037958756,2,0.037,-0.086,1.951,2,0.051,0.100,1.750,2,0.063,0.282,1.537,2,0.061,0.406,1.442,2,-0.105,0.253,1.569,2,-0.327,0.228,1.634,2,-0.380,0.112,1.453,2,-0.353,0.110,1.348,2,0.218,0.211,1.549,2,0.383,0.075,1.552,2,0.290,0.001,1.296,2,0.292,0.012,1.281,2,-0.040,-0.073,1.927,2,-0.147,-0.390,1.819,2,-0.189,-0.702,2.061,2,-0.210,-0.668,2.089,2,0.114,-0.096,1.902,2,0.137,-0.388,1.610,2,0.136,-0.723,1.652,2,0.194,-0.713,1.548,2,0.060,0.237,1.592,2,-0.354,0.097,1.304,2,-0.398,0.087,1.391,2,0.311,0.027,1.190,2,0.241,0.011,1.259,0,0,0
4.193|kb,95401352582520000,6,25,0,0,1,72057594037958756,2,0.041,-0.155,1.878,2,0.055,0.086,1.732,2,0.068,0.296,1.549,2,0.064,0.420,1.457,2,-0.102,0.261,1.576,2,-0.311,0.252,1.595,2,-0.378,0.175,1.399,2,-0.313,0.137,1.310,2,0.226,0.215,1.561,2,0.399,0.072,1.580,2,0.380,-0.020,1.378,2,0.387,-0.025,1.304,2,-0.034,-0.142,1.848,2,-0.130,-0.464,1.859,1,-0.162,-0.728,2.046,1,-0.168,-0.782,1.924,2,0.113,-0.162,1.835,2,0.143,-0.425,1.583,2,0.145,-0.687,1.616,1,0.208,-0.663,1.561,2,0.063,0.241,1.595,2,-0.292,0.135,1.265,2,-0.351,0.112,1.329,2,0.414,-0.025,1.217,2,0.331,-0.035,1.288,0,0,0
4.244|kb,95401359176310000,6,25,0,0,1,72057594037958756,2,0.056,-0.135,1.892,2,0.063,0.102,1.740,2,0.072,0.332,1.574,2,0.064,0.459,1.487,2,-0.092,0.284,1.594,1,-0.303,0.257,1.601,2,-0.284,0.195,1.355,2,-0.204,0.202,1.274,2,0.236,0.258,1.592,2,0.408,0.117,1.684,2,0.502,-0.026,1.548,2,0.524,-0.052,1.469,2,-0.020,-0.129,1.859,2,-0.084,-0.430,1.959,1,-0.092,-0.652,2.133,1,-0.092,-0.739,2.036,2,0.131,-0.134,1.853,2,0.145,-0.406,1.610,2,0.150,-0.692,1.630,1,0.222,-0.747,1.644,2,0.070,0.277,1.618,2,-0.162,0.222,1.220,2,-0.209,0.218,1.220,2,0.562,-0.066,1.385,2,0.502,-0.085,1.429,0,0,0
4.290|kb,95401362582100000,6,25,0,0,1,72057594037958756,2,0.069,-0.120,1.903,2,0.071,0.121,1.753,2,0.073,0.355,1.590,2,0.064,0.479,1.502,2,-0.069,0.297,1.614,2,-0.271,0.319,1.530,2,-0.141,0.242,1.275,1,-0.091,0.263,1.240,2,0.237,0.282,1.607,2,0.418,0.134,1.724,2,0.538,-0.010,1.616,2,0.584,-0.052,1.552,2,-0.008,-0.116,1.872,2,-0.063,-0.412,1.985,2,0.051,-0.665,2.337,2,0.006,-0.685,2.392,2,0.142,-0.120,1.862,2,0.148,-0.398,1.625,2,0.150,-0.716,1.636,1,0.198,-0.770,1.644,2,0.073,0.297,1.632,2,-0.081,0.253,1.227,2,-0.114,0.266,1.204,2,0.632,-0.067,1.488,2,0.568,-0.087,1.516,0,0,0
4.331|kb,95401365874360000,6,25,0,0,1,72057594037958756,2,0.082,-0.116,1.915,2,0.079,0.131,1.762,2,0.076,0.374,1.599,2,0.064,0.500,1.518,2,-0.060,0.266,1.639,2,-0.221,0.269,1.476,2,-0.102,0.272,1.274,2,-0.085,0.282,1.269,2,0.236,0.303,1.622,2,0.422,0.156,1.759,2,0.567,0.012,1.692,2,0.619,-0.030,1.653,2,0.004,-0.117,1.884,2,-0.040,-0.393,2.033,2,0.055,-0.588,2.316,1,0.061,-0.665,2.214,2,0.158,-0.110,1.874,2,0.152,-0.386,1.635,2,0.151,-0.724,1.636,2,0.175,-0.753,1.668,2,0.077,0.314,1.642,2,-0.031,0.305,1.234,2,-0.095,0.283,1.221,2,0.679,-0.044,1.609,2,0.607,-0.064,1.621,0,0,0
4.353|kb,95401369174230000,6,25,0,0,1,72057594037958756,2,0.091,-0.099,1.927,2,0.089,0.155,1.773,2,0.086,0.401,1.605,2,0.067,0.532,1.536,2,-0.065,0.286,1.646,2,-0.267,0.276,1.456,2,-0.108,0.298,1.305,2,-0.030,0.318,1.284,2,0.235,0.330,1.647,2,0.418,0.188,1.791,2,0.577,0.046,1.774,2,0.638,-0.002,1.750,2,0.011,-0.104,1.897,2,-0.021,-0.368,2.064,1,0.055,-0.573,2.346,2,0.081,-0.672,2.279,2,0.167,-0.092,1.885,2,0.155,-0.370,1.649,2,0.158,-0.732,1.642,2,0.156,-0.755,1.659,2,0.087,0.341,1.650,2,0.028,0.340,1.261,2,-0.030,0.329,1.232,2,0.685,-0.031,1.716,2,0.615,-0.034,1.717,0,0,0
4.398|kb,95401372582510000,6,25,0,0,1,72057594037958756,2,0.095,-0.090,1.935,2,0.099,0.163,1.796,2,0.106,0.404,1.654,2,0.069,0.547,1.559,2,-0.059,0.309,1.666,2,-0.262,0.284,1.452,2,-0.052,0.322,1.319,2,0.018,0.348,1.307,2,0.234,0.343,1.663,2,0.415,0.212,1.825,2,0.587,0.071,1.849,2,0.652,0.026,1.837,2,0.016,-0.096,1.904,2,0.000,-0.363,2.091,1,0.067,-0.533,2.380,2,0.093,-0.635,2.322,2,0.171,-0.081,1.894,2,0.155,-0.360,1.659,2,0.172,-0.742,1.670,1,0.172,-0.737,1.553,2,0.105,0.345,1.692,2,0.075,0.373,1.290,2,0.010,0.349,1.257,2,0.700,-0.002,1.807,2,0.634,-0.007,1.800,0,0,0
4.423|kb,95401375873910000,6,25,0,0,1,72057594037958756,2,0.099,-0.082,1.943,2,0.097,0.169,1.804,2,0.095,0.410,1.659,2,0.069,0.563,1.569,2,-0.056,0.319,1.681,2,-0.208,0.313,1.453,2,0.048,0.370,1.328,1,0.093,0.396,1.342,2,0.237,0.357,1.688,2,0.412,0.228,1.857,2,0.592,0.095,1.913,2,0.660,0.052,1.915,2,0.019,-0.089,1.911,2,0.018,-0.336,2.100,1,0.099,-0.490,2.383,1,0.130,-0.595,2.335,2,0.176,-0.073,1.903,2,0.158,-0.358,1.677,2,0.174,-0.747,1.674,1,0.176,-0.735,1.558,2,0.097,0.351,1.698,2,0.122,0.400,1.317,2,0.062,0.384,1.288,2,0.716,0.036,1.896,2,0.668,0.009,1.873,0,0,0
4.465|kb,95401379174070000,6,25,0,0,1,72057594037958756,2,0.104,-0.074,1.958,2,0.097,0.180,1.825,2,0.089,0.424,1.679,2,0.072,0.577,1.594,2,-0.050,0.328,1.713,2,-0.178,0.332,1.459,2,0.081,0.393,1.372,1,0.127,0.418,1.385,2,0.241,0.368,1.717,2,0.408,0.244,1.898,2,0.579,0.120,1.976,2,0.652,0.077,1.990,2,0.023,-0.082,1.922,2,0.027,-0.324,2.116,1,0.146,-0.461,2.390,1,0.181,-0.564,2.345,2,0.181,-0.062,1.924,2,0.157,-0.355,1.709,2,0.176,-0.755,1.687,1,0.177,-0.732,1.574,2,0.091,0.365,1.718,2,0.155,0.428,1.363,2,0.105,0.414,1.329,2,0.708,0.057,1.978,2,0.666,0.033,1.949,0,0,0
4.490|kb,95401382582100000,6,25,0,0,1,72057594037958756,2,0.109,-0.067,1.980,2,0.100,0.186,1.849,2,0.090,0.428,1.705,2,0.074,0.581,1.621,2,-0.046,0.330,1.738,2,-0.165,0.336,1.469,2,0.082,0.390,1.396,2,0.135,0.423,1.421,2,0.248,0.371,1.747,2,0.413,0.248,1.929,2,0.576,0.135,2.032,2,0.649,0.093,2.054,2,0.028,-0.075,1.942,2,0.047,-0.366,2.105,1,0.147,-0.466,2.390,1,0.184,-0.564,2.357,2,0.186,-0.056,1.946,2,0.156,-0.352,1.725,2,0.174,-0.759,1.691,1,0.176,-0.729,1.582,2,0.092,0.369,1.743,2,0.179,0.442,1.407,2,0.113,0.412,1.366,2,0.707,0.077,2.047,2,0.661,0.055,2.023,0,0,0
4.531|kb,95401385874140000,6,25,0,0,1,72057594037958756,2,0.107,-0.064,2.006,2,0.101,0.187,1.878,2,0.095,0.428,1.736,2,0.077,0.583,1.651,2,-0.038,0.333,1.772,2,-0.133,0.341,1.511,2,0.099,0.404,1.444,2,0.143,0.430,1.454,2,0.252,0.371,1.776,2,0.412,0.257,1.967,2,0.573,0.143,2.077,2,0.647,0.103,2.108,2,0.026,-0.071,1.967,2,0.040,-0.372,2.117,1,0.138,-0.466,2.400,1,0.176,-0.561,2.371,2,0.184,-0.055,1.974,2,0.156,-0.340,1.746,2,0.170,-0.760,1.702,1,0.170,-0.726,1.595,2,0.097,0.369,1.774,2,0.194,0.457,1.445,2,0.140,0.433,1.408,2,0.706,0.086,2.106,2,0.631,0.076,2.085,0,0,0
4.558|kb,95401389175200000,6,25,0,0,1,72057594037958756,2,0.108,-0.066,2.035,2,0.105,0.185,1.908,2,0.102,0.427,1.768,2,0.080,0.577,1.676,2,-0.035,0.332,1.804,2,-0.126,0.342,1.537,2,0.090,0.402,1.476,2,0.154,0.439,1.491,2,0.257,0.370,1.809,2,0.421,0.252,1.995,2,0.563,0.153,2.108,2,0.637,0.110,2.155,2,0.027,-0.073,1.997,2,0.041,-0.335,2.181,1,0.148,-0.446,2.434,1,0.187,-0.541,2.399,2,0.185,-0.056,2.001,2,0.159,-0.335,1.760,2,0.165,-0.757,1.713,1,0.167,-0.723,1.607,2,0.103,0.368,1.805,2,0.205,0.467,1.490,2,0.163,0.451,1.450,2,0.698,0.096,2.163,2,0.664,0.065,2.131,0,0,0
4.598|kb,95401392583230000,6,25,0,0,1,72057594037958756,2,0.110,-0.069,2.057,2,0.109,0.182,1.934,2,0.107,0.425,1.799,2,0.085,0.572,1.712,2,-0.029,0.331,1.835,2,-0.115,0.339,1.578,2,0.081,0.400,1.510,2,0.152,0.441,1.525,2,0.259,0.368,1.836,2,0.422,0.251,2.023,2,0.558,0.153,2.138,2,0.635,0.108,2.194,2,0.029,-0.075,2.018,2,0.037,-0.376,2.222,1,0.143,-0.491,2.483,1,0.182,-0.580,2.439,2,0.187,-0.060,2.023,2,0.163,-0.339,1.771,2,0.163,-0.750,1.731,1,0.165,-0.722,1.622,2,0.107,0.366,1.835,2,0.215,0.479,1.530,2,0.161,0.447,1.488,2,0.696,0.080,2.201,2,0.672,0.060,2.172,0,0,0
4.623|kb,95401395874030000,6,25,0,0,1,72057594037958756,2,0.108,-0.075,2.085,2,0.109,0.180,1.957,2,0.108,0.425,1.818,2,0.087,0.570,1.731,2,-0.024,0.325,1.867,2,-0.109,0.338,1.590,2,0.113,0.410,1.554,2,0.162,0.447,1.566,2,0.264,0.363,1.868,2,0.427,0.244,2.054,2,0.569,0.136,2.187,2,0.641,0.099,2.230,2,0.027,-0.080,2.044,2,0.030,-0.316,2.244,1,0.180,-0.451,2.584,1,0.164,-0.507,2.641,2,0.186,-0.067,2.054,2,0.168,-0.341,1.784,2,0.165,-0.743,1.745,1,0.169,-0.721,1.636,2,0.108,0.365,1.855,2,0.221,0.484,1.575,2,0.169,0.451,1.531,2,0.703,0.081,2.241,2,0.672,0.054,2.207,0,0,0
4.665|kb,95401399173850000,6,25,0,0,1,72057594037958756,2,0.111,-0.080,2.099,2,0.112,0.176,1.976,2,0.113,0.423,1.841,2,0.089,0.564,1.758,2,-0.023,0.325,1.886,2,-0.100,0.337,1.611,2,0.099,0.409,1.581,2,0.168,0.450,1.601,2,0.269,0.356,1.895,2,0.430,0.237,2.082,2,0.569,0.132,2.199,2,0.641,0.090,2.254,2,0.029,-0.085,2.059,2,0.043,-0.371,2.294,1,0.180,-0.509,2.623,1,0.190,-0.576,2.511,2,0.188,-0.072,2.066,2,0.174,-0.340,1.796,2,0.169,-0.740,1.761,1,0.175,-0.723,1.649,2,0.113,0.362,1.877,2,0.227,0.487,1.617,2,0.163,0.420,1.563,2,0.708,0.077,2.271,2,0.671,0.044,2.229,0,0,0
4.688|kb,95401402581830000,6,25,0,0,1,72057594037958756,2,0.111,-0.092,2.138,2,0.113,0.168,2.003,2,0.114,0.419,1.857,2,0.093,0.557,1.775,2,-0.022,0.322,1.910,2,-0.088,0.327,1.645,2,0.104,0.407,1.591,2,0.164,0.442,1.631,2,0.274,0.348,1.920,2,0.440,0.226,2.101,2,0.572,0.121,2.216,2,0.641,0.076,2.272,2,0.031,-0.096,2.104,2,0.047,-0.382,2.317,1,0.177,-0.514,2.630,1,0.194,-0.589,2.535,2,0.187,-0.084,2.100,2,0.177,-0.344,1.805,2,0.174,-0.740,1.769,1,0.179,-0.728,1.658,2,0.114,0.357,1.895,2,0.208,0.484,1.629,2,0.176,0.446,1.598,2,0.702,0.059,2.284,2,0.620,0.051,2.255,0,0,0
4.730|kb,95401405874470000,6,25,0,0,1,72057594037958756,2,0.113,-0.098,2.152,2,0.117,0.165,2.015,2,0.119,0.418,1.867,2,0.098,0.550,1.793,2,-0.019,0.316,1.934,2,-0.086,0.325,1.653,2,0.113,0.399,1.643,2,0.165,0.436,1.662,2,0.279,0.343,1.937,2,0.443,0.216,2.116,2,0.576,0.105,2.240,2,0.645,0.062,2.286,2,0.033,-0.101,2.118,2,0.048,-0.394,2.327,1,0.173,-0.519,2.628,1,0.194,-0.600,2.546,2,0.189,-0.091,2.114,2,0.184,-0.345,1.816,2,0.176,-0.738,1.773,1,0.180,-0.728,1.662,2,0.118,0.357,1.906,2,0.224,0.487,1.671,2,0.171,0.420,1.626,2,0.708,0.047,2.301,2,0.679,0.015,2.260,0,0,0
4.752|kb,95401409174000000,6,25,0,0,1,72057594037958756,2,0.113,-0.107,2.168,2,0.120,0.157,2.030,2,0.125,0.412,1.880,2,0.102,0.539,1.804,2,-0.016,0.311,1.944,2,-0.080,0.320,1.665,1,0.117,0.399,1.645,2,0.179,0.440,1.688,2,0.283,0.336,1.948,2,0.447,0.205,2.126,2,0.578,0.095,2.246,2,0.647,0.048,2.289,2,0.033,-0.109,2.132,2,0.050,-0.398,2.331,1,0.170,-0.519,2.622,1,0.195,-0.604,2.550,2,0.190,-0.101,2.131,2,0.190,-0.347,1.817,2,0.177,-0.738,1.775,1,0.182,-0.729,1.665,2,0.124,0.350,1.919,2,0.236,0.486,1.690,2,0.175,0.411,1.649,2,0.706,0.033,2.301,2,0.616,0.028,2.273,0,0,0
4.793|kb,95401412583000000,6,25,0,0,1,72057594037958756,2,0.112,-0.116,2.183,2,0.121,0.148,2.042,2,0.129,0.404,1.889,2,0.107,0.529,1.814,2,-0.011,0.299,1.957,2,-0.075,0.315,1.673,1,0.122,0.395,1.652,1,0.178,0.428,1.704,2,0.286,0.328,1.957,2,0.449,0.195,2.131,2,0.594,0.063,2.263,2,0.660,0.028,2.294,2,0.033,-0.118,2.147,2,0.052,-0.402,2.335,1,0.170,-0.521,2.618,1,0.196,-0.610,2.554,2,0.188,-0.111,2.147,2,0.195,-0.346,1.819,2,0.178,-0.737,1.776,1,0.183,-0.728,1.667,2,0.127,0.341,1.929,2,0.220,0.465,1.702,2,0.184,0.409,1.667,2,0.730,0.026,2.308,2,0.687,-0.018,2.262,0,0,0
4.833|kb,95401415874100000,6,25,0,0,1,72057594037958756,2,0.113,-0.121,2.188,2,0.123,0.143,2.047,2,0.132,0.399,1.893,2,0.110,0.523,1.817,2,-0.008,0.294,1.960,2,-0.068,0.312,1.676,1,0.128,0.392,1.655,1,0.183,0.424,1.712,2,0.290,0.322,1.960,2,0.453,0.181,2.132,2,0.594,0.057,2.259,2,0.661,0.013,2.285,2,0.034,-0.123,2.152,2,0.054,-0.390,2.319,1,0.169,-0.505,2.591,1,0.198,-0.598,2.538,2,0.188,-0.116,2.152,2,0.204,-0.345,1.818,2,0.181,-0.735,1.776,1,0.186,-0.727,1.667,2,0.130,0.336,1.933,2,0.225,0.456,1.709,2,0.218,0.453,1.692,2,0.725,0.016,2.304,2,0.688,-0.031,2.254,0,0,0
4.857|kb,95401419174480000,6,25,0,0,1,72057594037958756,2,0.116,-0.126,2.192,2,0.127,0.138,2.049,2,0.138,0.392,1.894,2,0.116,0.516,1.818,2,-0.003,0.285,1.961,2,-0.008,0.320,1.671,1,0.189,0.400,1.650,1,0.221,0.446,1.722,2,0.294,0.316,1.961,2,0.457,0.172,2.130,2,0.593,0.047,2.245,2,0.662,0.001,2.272,2,0.037,-0.128,2.156,2,0.057,-0.404,2.329,1,0.171,-0.517,2.595,1,0.202,-0.611,2.548,2,0.191,-0.120,2.155,2,0.210,-0.344,1.814,2,0.185,-0.731,1.776,2,0.192,-0.724,1.666,2,0.135,0.330,1.935,2,0.253,0.470,1.735,2,0.203,0.468,1.709,2,0.727,0.001,2.289,2,0.690,-0.040,2.238,0,0,0
4.898|kb,95401422582510000,6,25,0,0,1,72057594037958756,2,0.119,-0.129,2.191,2,0.132,0.134,2.047,2,0.145,0.388,1.890,2,0.123,0.512,1.814,2,0.003,0.278,1.956,2,-0.041,0.303,1.659,1,0.155,0.383,1.632,1,0.202,0.419,1.703,2,0.298,0.310,1.957,2,0.462,0.159,2.119,2,0.600,0.034,2.224,2,0.670,-0.010,2.249,2,0.040,-0.131,2.156,2,0.058,-0.402,2.326,2,0.175,-0.655,2.548,1,0.143,-0.679,2.591,2,0.193,-0.122,2.155,2,0.214,-0.341,1.810,2,0.189,-0.728,1.774,2,0.197,-0.720,1.665,2,0.142,0.326,1.932,2,0.225,0.449,1.704,2,0.214,0.468,1.705,2,0.731,-0.026,2.253,2,0.697,-0.055,2.215,0,0,0
4.923|kb,95401425874080000,6,25,0,0,1,72057594037958756,2,0.122,-0.127,2.183,2,0.139,0.134,2.036,2,0.155,0.386,1.876,2,0.133,0.511,1.802,2,0.012,0.280,1.933,2,-0.039,0.303,1.640,1,0.157,0.383,1.618,1,0.207,0.415,1.682,2,0.304,0.307,1.941,2,0.468,0.150,2.099,2,0.604,0.027,2.190,2,0.675,-0.017,2.215,2,0.045,-0.126,2.143,2,0.082,-0.401,2.294,1,0.158,-0.672,2.445,2,0.159,-0.724,2.320,2,0.196,-0.122,2.150,2,0.218,-0.339,1.801,2,0.203,-0.728,1.770,2,0.211,-0.720,1.662,2,0.151,0.324,1.919,2,0.230,0.441,1.683,2,0.224,0.454,1.679,2,0.738,-0.019,2.227,2,0.704,-0.058,2.177,0,0,0
4.965|kb,95401429174070000,6,25,0,0,1,72057594037958756,2,0.127,-0.116,2.159,2,0.146,0.133,2.023,2,0.166,0.377,1.868,2,0.146,0.522,1.776,2,0.020,0.280,1.906,2,0.015,0.324,1.608,1,0.210,0.404,1.578,1,0.245,0.439,1.664,2,0.311,0.306,1.916,2,0.474,0.148,2.074,2,0.613,0.020,2.154,2,0.683,-0.022,2.171,2,0.050,-0.113,2.114,2,0.070,-0.377,2.283,2,0.150,-0.584,2.476,2,0.155,-0.645,2.355,2,0.200,-0.115,2.132,2,0.219,-0.338,1.791,2,0.208,-0.727,1.767,2,0.216,-0.719,1.657,2,0.161,0.317,1.910,2,0.273,0.474,1.673,2,0.225,0.390,1.651,2,0.740,-0.039,2.167,2,0.708,-0.062,2.132,0,0,0
4.989|kb,95401432582270000,6,25,0,0,1,72057594037958756,2,0.129,-0.097,2.132,2,0.156,0.147,1.993,2,0.180,0.383,1.842,2,0.165,0.531,1.751,2,0.031,0.294,1.860,2,0.022,0.336,1.574,1,0.218,0.416,1.552,1,0.256,0.447,1.634,2,0.321,0.318,1.884,2,0.479,0.153,2.039,2,0.622,0.018,2.103,2,0.691,-0.023,2.118,2,0.051,-0.095,2.092,2,0.064,-0.355,2.266,2,0.153,-0.604,2.517,1,0.175,-0.709,2.436,2,0.203,-0.096,2.099,2,0.218,-0.336,1.784,2,0.213,-0.734,1.759,1,0.223,-0.726,1.649,2,0.175,0.325,1.882,2,0.282,0.482,1.641,2,0.236,0.399,1.617,2,0.750,-0.039,2.112,2,0.708,-0.059,2.081,0,0,0
5.031|kb,95401435874440000,6,25,0,0,1,72057594037958756,2,0.133,-0.079,2.103,2,0.162,0.179,1.947,2,0.188,0.425,1.784,2,0.179,0.553,1.717,2,0.039,0.308,1.826,2,-0.004,0.349,1.530,2,0.205,0.388,1.521,1,0.250,0.439,1.591,2,0.332,0.333,1.856,2,0.479,0.163,1.996,2,0.625,0.025,2.047,2,0.696,-0.018,2.052,2,0.055,-0.077,2.060,2,0.053,-0.328,2.245,2,0.151,-0.588,2.503,2,0.172,-0.686,2.413,2,0.206,-0.078,2.074,2,0.218,-0.333,1.778,2,0.214,-0.731,1.753,1,0.225,-0.726,1.644,2,0.182,0.365,1.827,2,0.275,0.461,1.591,2,0.236,0.412,1.602,2,0.755,-0.036,2.036,2,0.688,-0.044,2.019,0,0,0
