0.029|kb,155505785504940000,6,25,0,0,0,0,1,72057594037935418,2,-0.166,-0.285,2.540,2,-0.166,0.052,2.475,2,-0.168,0.381,2.397,2,-0.185,0.525,2.403,2,-0.305,0.276,2.428,2,-0.344,0.257,2.171,1,-0.070,0.348,2.153,1,-0.048,0.361,2.202,2,0.001,0.271,2.459,2,0.137,0.057,2.586,2,0.269,-0.118,2.570,2,0.329,-0.175,2.559,2,-0.250,-0.283,2.490,2,-0.213,-0.649,2.643,1,-0.143,-0.946,2.727,2,-0.161,-1.002,2.569,2,-0.077,-0.278,2.511,2,-0.010,-0.620,2.154,2,0.037,-1.084,1.972,2,-0.058,-1.070,1.931,2,-0.167,0.300,2.419,2,-0.009,0.372,2.188,2,-0.047,0.326,2.239,2,0.410,-0.218,2.573,2,0.315,-0.199,2.487,0
0.054|kb,155505788805620000,6,25,0,0,0,0,1,72057594037935418,2,-0.167,-0.285,2.541,2,-0.167,0.052,2.476,2,-0.169,0.380,2.398,2,-0.187,0.524,2.405,2,-0.306,0.275,2.430,2,-0.345,0.257,2.172,2,-0.116,0.323,2.169,1,-0.072,0.348,2.192,2,0.000,0.271,2.460,2,0.135,0.053,2.589,2,0.268,-0.122,2.573,2,0.326,-0.179,2.560,2,-0.252,-0.283,2.490,2,-0.213,-0.649,2.643,2,-0.144,-0.951,2.730,2,-0.162,-1.005,2.567,2,-0.077,-0.278,2.511,2,-0.016,-0.619,2.152,2,0.030,-1.084,1.964,2,-0.053,-1.085,1.922,2,-0.168,0.299,2.420,2,-0.017,0.367,2.199,2,-0.047,0.325,2.246,2,0.405,-0.217,2.572,2,0.313,-0.204,2.487,0
0.096|kb,155505792215270000,6,25,0,0,0,0,1,72057594037935418,2,-0.180,-0.286,2.542,2,-0.172,0.051,2.477,2,-0.169,0.379,2.398,2,-0.189,0.523,2.405,2,-0.307,0.273,2.431,2,-0.347,0.256,2.174,2,-0.110,0.322,2.171,1,-0.066,0.347,2.193,2,-0.002,0.270,2.460,2,0.133,0.052,2.589,2,0.263,-0.125,2.577,2,0.323,-0.183,2.561,2,-0.264,-0.281,2.492,2,-0.238,-0.645,2.623,2,-0.173,-1.046,2.480,2,-0.279,-1.024,2.347,2,-0.090,-0.282,2.513,2,-0.024,-0.614,2.150,2,0.000,-1.109,1.956,1,0.035,-1.087,1.874,2,-0.169,0.299,2.420,2,-0.012,0.368,2.201,2,-0.042,0.328,2.251,2,0.408,-0.225,2.570,2,0.307,-0.208,2.492,0
0.129|kb,155505795505730000,6,25,0,0,0,0,1,72057594037935418,2,-0.180,-0.287,2.542,2,-0.173,0.050,2.476,2,-0.169,0.378,2.397,2,-0.190,0.521,2.404,2,-0.308,0.272,2.430,2,-0.344,0.255,2.174,2,-0.108,0.321,2.170,1,-0.063,0.345,2.191,2,-0.003,0.267,2.456,2,0.131,0.051,2.585,2,0.261,-0.126,2.577,2,0.321,-0.187,2.559,2,-0.264,-0.283,2.491,2,-0.214,-0.651,2.629,1,-0.163,-1.053,2.402,2,-0.215,-1.007,2.241,2,-0.090,-0.282,2.512,2,-0.031,-0.622,2.143,2,0.014,-1.109,1.923,1,0.021,-1.053,1.804,2,-0.170,0.298,2.419,2,-0.012,0.363,2.197,2,-0.041,0.322,2.245,2,0.405,-0.226,2.568,2,0.312,-0.219,2.496,0
0.154|kb,155505798805130000,6,25,0,0,0,0,1,72057594037935418,2,-0.179,-0.292,2.535,2,-0.173,0.048,2.473,2,-0.169,0.378,2.395,2,-0.189,0.518,2.399,2,-0.308,0.268,2.427,2,-0.341,0.255,2.168,2,-0.105,0.320,2.165,1,-0.056,0.343,2.179,2,-0.004,0.262,2.446,2,0.130,0.044,2.572,2,0.259,-0.132,2.577,2,0.322,-0.194,2.554,2,-0.264,-0.288,2.484,2,-0.210,-0.649,2.615,2,-0.142,-1.091,2.324,2,-0.219,-1.001,2.204,2,-0.089,-0.286,2.505,2,-0.039,-0.636,2.127,2,0.009,-1.113,1.917,1,0.012,-1.054,1.800,2,-0.170,0.297,2.417,2,-0.006,0.362,2.187,2,-0.036,0.320,2.229,2,0.404,-0.232,2.579,2,0.316,-0.226,2.485,0
0.199|kb,155505802214990000,6,25,0,0,0,0,1,72057594037935418,2,-0.186,-0.299,2.529,2,-0.177,0.040,2.466,2,-0.168,0.369,2.387,2,-0.186,0.512,2.385,2,-0.308,0.245,2.406,2,-0.339,0.250,2.150,2,-0.101,0.318,2.151,1,-0.054,0.341,2.161,2,-0.003,0.254,2.429,2,0.129,0.037,2.557,2,0.256,-0.141,2.558,2,0.311,-0.192,2.550,2,-0.269,-0.294,2.480,1,-0.209,-0.652,2.614,1,-0.144,-1.088,2.326,2,-0.216,-1.008,2.203,2,-0.096,-0.296,2.498,2,-0.042,-0.632,2.119,2,-0.001,-1.100,1.905,1,0.003,-1.037,1.791,2,-0.170,0.289,2.409,2,0.000,0.359,2.175,2,-0.031,0.320,2.214,2,0.404,-0.234,2.559,2,0.317,-0.231,2.488,0
0.231|kb,155505805504810000,6,25,0,0,0,0,1,72057594037935418,2,-0.185,-0.304,2.515,2,-0.172,0.036,2.450,2,-0.159,0.365,2.370,2,-0.181,0.508,2.371,2,-0.302,0.236,2.385,2,-0.334,0.248,2.133,2,-0.112,0.316,2.124,1,-0.055,0.339,2.138,2,0.000,0.248,2.414,2,0.132,0.030,2.537,2,0.254,-0.151,2.544,2,0.327,-0.209,2.537,2,-0.270,-0.299,2.463,1,-0.209,-0.654,2.605,1,-0.144,-1.088,2.319,2,-0.220,-1.002,2.199,2,-0.094,-0.299,2.485,2,-0.045,-0.630,2.099,2,-0.008,-1.101,1.905,1,-0.002,-1.041,1.791,2,-0.163,0.284,2.393,2,0.007,0.364,2.155,2,-0.031,0.315,2.190,2,0.416,-0.253,2.562,2,0.323,-0.240,2.475,0
0.265|kb,155505808805960000,6,25,0,0,0,0,1,72057594037935418,2,-0.189,-0.310,2.499,2,-0.171,0.030,2.431,2,-0.151,0.361,2.346,2,-0.174,0.505,2.352,2,-0.299,0.234,2.365,2,-0.327,0.244,2.101,2,-0.092,0.319,2.105,1,-0.041,0.342,2.120,2,0.004,0.243,2.394,2,0.137,0.021,2.512,2,0.259,-0.159,2.527,2,0.316,-0.204,2.518,2,-0.273,-0.303,2.452,1,-0.209,-0.658,2.591,1,-0.145,-1.092,2.305,2,-0.220,-1.001,2.186,2,-0.099,-0.308,2.464,2,-0.046,-0.630,2.080,2,-0.016,-1.087,1.911,1,-0.010,-1.032,1.793,2,-0.156,0.279,2.370,2,0.017,0.365,2.136,2,-0.019,0.317,2.171,2,0.406,-0.250,2.542,2,0.328,-0.245,2.456,0
0.296|kb,155505812213420000,6,25,0,0,0,0,1,72057594037935418,2,-0.189,-0.316,2.482,2,-0.168,0.023,2.414,2,-0.146,0.352,2.331,2,-0.166,0.500,2.333,2,-0.291,0.225,2.341,2,-0.321,0.240,2.073,2,-0.086,0.319,2.088,1,-0.033,0.343,2.102,2,0.007,0.240,2.378,2,0.136,0.019,2.493,2,0.259,-0.158,2.519,2,0.318,-0.207,2.503,2,-0.272,-0.309,2.432,1,-0.209,-0.661,2.576,1,-0.150,-1.056,2.325,2,-0.267,-0.987,2.244,2,-0.099,-0.314,2.451,2,-0.048,-0.628,2.067,2,-0.020,-1.081,1.916,1,-0.010,-1.031,1.794,2,-0.151,0.271,2.355,2,0.023,0.368,2.124,2,-0.004,0.320,2.154,2,0.406,-0.248,2.527,2,0.336,-0.253,2.444,0
0.328|kb,155505815504610000,6,25,0,0,0,0,1,72057594037935418,2,-0.189,-0.319,2.462,2,-0.164,0.016,2.396,2,-0.139,0.340,2.314,2,-0.157,0.500,2.312,2,-0.287,0.222,2.322,2,-0.314,0.237,2.049,2,-0.073,0.321,2.066,1,-0.024,0.347,2.084,2,0.014,0.237,2.359,2,0.136,0.018,2.473,2,0.259,-0.158,2.503,2,0.320,-0.207,2.486,2,-0.272,-0.310,2.409,2,-0.208,-0.692,2.586,2,-0.135,-0.974,2.220,2,-0.259,-0.981,2.215,2,-0.099,-0.317,2.433,2,-0.049,-0.621,2.047,2,-0.025,-1.080,1.916,1,-0.014,-1.038,1.788,2,-0.145,0.260,2.337,2,0.035,0.374,2.108,2,0.001,0.322,2.133,2,0.407,-0.247,2.497,2,0.342,-0.251,2.426,0
0.352|kb,155505818805250000,6,25,0,0,0,0,1,72057594037935418,2,-0.186,-0.322,2.443,2,-0.157,0.011,2.379,2,-0.128,0.335,2.299,2,-0.148,0.503,2.294,2,-0.277,0.211,2.292,2,-0.269,0.244,2.017,2,-0.068,0.321,2.052,1,-0.015,0.351,2.066,2,0.018,0.236,2.340,2,0.140,0.017,2.451,2,0.269,-0.160,2.476,2,0.327,-0.206,2.470,2,-0.269,-0.312,2.391,1,-0.207,-0.691,2.578,2,-0.147,-0.965,2.221,2,-0.272,-0.987,2.218,2,-0.097,-0.321,2.415,2,-0.051,-0.622,2.033,2,-0.025,-1.075,1.915,1,-0.009,-1.038,1.784,2,-0.135,0.255,2.322,2,0.043,0.374,2.093,2,0.004,0.325,2.115,2,0.413,-0.247,2.488,2,0.350,-0.248,2.412,0
0.398|kb,155505822213270000,6,25,0,0,0,0,1,72057594037935418,2,-0.185,-0.323,2.420,2,-0.150,0.006,2.355,2,-0.113,0.325,2.273,2,-0.139,0.508,2.269,2,-0.272,0.209,2.268,2,-0.266,0.248,1.996,2,-0.049,0.335,2.013,1,-0.008,0.356,2.045,2,0.025,0.234,2.318,2,0.146,0.016,2.434,2,0.274,-0.158,2.463,2,0.333,-0.200,2.448,2,-0.268,-0.313,2.367,1,-0.206,-0.690,2.559,2,-0.143,-0.929,2.185,2,-0.262,-0.990,2.146,2,-0.096,-0.323,2.393,2,-0.050,-0.625,2.011,2,-0.026,-1.069,1.916,1,-0.007,-1.040,1.782,2,-0.122,0.247,2.297,2,0.052,0.385,2.068,2,0.015,0.333,2.092,2,0.414,-0.233,2.461,2,0.362,-0.245,2.392,0
0.429|kb,155505825505350000,6,25,0,0,0,0,1,72057594037935418,2,-0.178,-0.316,2.387,2,-0.143,0.010,2.331,2,-0.108,0.327,2.259,2,-0.132,0.512,2.250,2,-0.265,0.214,2.242,2,-0.222,0.281,1.966,2,-0.019,0.350,2.007,2,0.007,0.368,2.027,2,0.032,0.237,2.298,2,0.160,0.013,2.411,2,0.294,-0.155,2.439,2,0.350,-0.194,2.427,2,-0.262,-0.307,2.330,2,-0.252,-0.640,2.512,1,-0.173,-0.933,2.055,2,-0.159,-0.901,1.972,2,-0.089,-0.316,2.364,2,-0.052,-0.625,1.994,2,-0.026,-1.049,1.922,1,-0.004,-1.026,1.785,2,-0.117,0.249,2.280,2,0.062,0.394,2.054,2,0.022,0.340,2.069,2,0.440,-0.218,2.446,2,0.376,-0.232,2.372,0
0.453|kb,155505828804880000,6,25,0,0,0,0,1,72057594037935418,2,-0.173,-0.313,2.359,2,-0.140,0.014,2.302,2,-0.106,0.332,2.231,2,-0.124,0.519,2.226,2,-0.254,0.216,2.210,2,-0.215,0.286,1.946,2,-0.013,0.364,1.980,2,0.024,0.382,2.012,2,0.040,0.241,2.281,2,0.171,0.018,2.393,2,0.318,-0.143,2.404,2,0.389,-0.187,2.404,2,-0.256,-0.303,2.302,2,-0.252,-0.630,2.494,1,-0.134,-0.928,2.028,2,-0.222,-0.977,2.029,2,-0.084,-0.312,2.335,2,-0.053,-0.625,1.978,2,-0.027,-1.040,1.926,2,0.000,-1.023,1.789,2,-0.115,0.254,2.251,2,0.066,0.402,2.029,2,0.033,0.352,2.045,2,0.490,-0.209,2.436,2,0.394,-0.212,2.344,0
0.499|kb,155505832213970000,6,25,0,0,0,0,1,72057594037935418,2,-0.164,-0.305,2.328,2,-0.135,0.024,2.277,2,-0.106,0.343,2.209,2,-0.118,0.532,2.210,2,-0.249,0.223,2.191,2,-0.214,0.294,1.911,2,0.015,0.390,1.960,2,0.038,0.400,1.994,2,0.047,0.249,2.258,2,0.183,0.030,2.369,2,0.328,-0.130,2.392,2,0.405,-0.162,2.374,2,-0.247,-0.296,2.272,2,-0.213,-0.665,2.522,1,-0.099,-0.946,2.094,2,-0.231,-0.976,2.141,2,-0.076,-0.304,2.304,2,-0.051,-0.619,1.966,2,-0.029,-1.040,1.923,1,-0.003,-1.027,1.782,2,-0.113,0.265,2.229,2,0.067,0.407,2.018,2,0.037,0.364,2.018,2,0.505,-0.177,2.403,2,0.419,-0.183,2.316,0
0.530|kb,155505835505630000,6,25,0,0,0,0,1,72057594037935418,2,-0.161,-0.295,2.299,2,-0.130,0.036,2.254,2,-0.099,0.356,2.193,2,-0.107,0.546,2.191,2,-0.239,0.244,2.153,2,-0.215,0.302,1.889,2,0.041,0.419,1.972,1,0.065,0.426,1.996,2,0.056,0.254,2.239,2,0.196,0.046,2.340,2,0.356,-0.101,2.354,2,0.438,-0.134,2.342,2,-0.243,-0.283,2.241,2,-0.256,-0.617,2.423,2,-0.018,-0.961,2.219,2,-0.159,-0.974,2.151,2,-0.073,-0.296,2.277,2,-0.050,-0.614,1.956,2,-0.038,-1.054,1.910,1,-0.007,-1.044,1.769,2,-0.107,0.278,2.211,2,0.081,0.448,1.979,2,0.057,0.393,1.990,2,0.536,-0.140,2.363,2,0.442,-0.148,2.287,0
0.562|kb,155505838804810000,6,25,0,0,0,0,1,72057594037935418,2,-0.158,-0.287,2.279,2,-0.126,0.046,2.236,2,-0.094,0.368,2.178,2,-0.102,0.559,2.179,2,-0.229,0.250,2.137,2,-0.208,0.319,1.860,2,-0.007,0.401,1.890,1,0.027,0.420,1.920,2,0.063,0.261,2.227,2,0.205,0.064,2.313,2,0.380,-0.066,2.313,2,0.474,-0.098,2.303,2,-0.238,-0.275,2.220,2,-0.250,-0.615,2.392,2,-0.031,-0.946,2.242,2,-0.152,-0.981,2.155,2,-0.072,-0.289,2.257,2,-0.048,-0.610,1.949,2,-0.036,-1.048,1.910,1,-0.001,-1.041,1.770,2,-0.102,0.289,2.195,2,0.076,0.447,1.939,2,0.046,0.393,1.950,2,0.563,-0.099,2.325,2,0.482,-0.112,2.243,0
0.587|kb,155505842213600000,6,25,0,0,0,0,1,72057594037935418,2,-0.156,-0.277,2.252,2,-0.124,0.062,2.209,2,-0.091,0.391,2.150,2,-0.093,0.575,2.159,2,-0.217,0.264,2.110,2,-0.211,0.329,1.840,2,-0.006,0.425,1.864,1,0.029,0.436,1.896,2,0.073,0.271,2.206,2,0.227,0.085,2.280,2,0.404,-0.043,2.274,2,0.493,-0.059,2.249,2,-0.235,-0.264,2.193,2,-0.230,-0.624,2.334,1,-0.103,-0.953,2.328,2,-0.197,-1.000,2.273,2,-0.072,-0.280,2.229,2,-0.047,-0.606,1.940,2,-0.016,-1.010,1.947,2,0.022,-1.003,1.809,2,-0.099,0.310,2.168,2,0.066,0.461,1.904,2,0.030,0.397,1.911,2,0.588,-0.057,2.276,2,0.514,-0.068,2.176,0
0.633|kb,155505845506760000,6,25,0,0,0,0,1,72057594037935418,2,-0.152,-0.264,2.234,2,-0.122,0.076,2.196,2,-0.092,0.404,2.142,2,-0.088,0.593,2.145,2,-0.212,0.278,2.096,2,-0.246,0.334,1.823,2,-0.005,0.434,1.855,1,0.027,0.456,1.876,2,0.078,0.279,2.194,2,0.246,0.099,2.258,2,0.438,-0.006,2.226,2,0.537,-0.012,2.199,2,-0.230,-0.254,2.173,2,-0.228,-0.626,2.289,2,-0.038,-0.933,2.186,2,-0.126,-0.994,2.071,2,-0.069,-0.265,2.215,2,-0.045,-0.595,1.931,2,-0.019,-1.005,1.948,2,-0.098,-1.016,1.908,2,-0.100,0.324,2.158,2,0.057,0.475,1.871,2,0.027,0.415,1.885,2,0.625,-0.002,2.215,2,0.539,-0.017,2.131,0
0.664|kb,155505848805040000,6,25,0,0,0,0,1,72057594037935418,2,-0.155,-0.244,2.212,2,-0.124,0.096,2.179,2,-0.094,0.424,2.129,2,-0.082,0.611,2.135,2,-0.220,0.314,2.076,2,-0.249,0.344,1.818,2,0.011,0.485,1.847,1,0.030,0.486,1.859,2,0.083,0.290,2.181,2,0.259,0.123,2.229,2,0.457,0.038,2.179,2,0.555,0.038,2.146,2,-0.232,-0.235,2.152,2,-0.235,-0.628,2.212,2,-0.047,-0.929,2.152,2,-0.144,-0.999,2.107,2,-0.073,-0.244,2.191,2,-0.043,-0.589,1.928,2,-0.020,-1.007,1.949,2,-0.097,-1.019,1.907,2,-0.101,0.344,2.144,2,0.046,0.503,1.846,2,0.029,0.460,1.867,2,0.637,0.057,2.148,2,0.554,0.039,2.077,0
0.696|kb,155505852212770000,6,25,0,0,0,0,1,72057594037935418,2,-0.149,-0.229,2.191,2,-0.123,0.110,2.166,2,-0.096,0.437,2.123,2,-0.078,0.620,2.124,2,-0.221,0.322,2.071,2,-0.276,0.360,1.824,2,-0.043,0.452,1.806,2,-0.062,0.459,1.787,2,0.087,0.297,2.171,2,0.263,0.161,2.196,2,0.465,0.091,2.135,2,0.571,0.094,2.090,2,-0.227,-0.220,2.130,2,-0.243,-0.627,2.118,2,-0.063,-0.923,2.109,2,-0.150,-1.003,2.043,2,-0.066,-0.229,2.170,2,-0.043,-0.587,1.928,2,-0.020,-1.010,1.950,2,-0.094,-1.022,1.902,2,-0.103,0.356,2.137,2,0.013,0.504,1.793,2,-0.018,0.436,1.820,2,0.643,0.119,2.075,2,0.565,0.100,2.022,0
0.728|kb,155505855505150000,6,25,0,0,0,0,1,72057594037935418,2,-0.146,-0.213,2.168,2,-0.119,0.123,2.151,2,-0.092,0.446,2.117,2,-0.073,0.622,2.121,2,-0.221,0.335,2.064,2,-0.260,0.391,1.810,2,-0.059,0.482,1.781,2,-0.088,0.477,1.764,2,0.091,0.300,2.162,2,0.270,0.175,2.182,2,0.496,0.134,2.074,2,0.594,0.158,2.025,2,-0.224,-0.199,2.108,2,-0.242,-0.607,2.045,2,-0.208,-1.021,2.183,2,-0.159,-1.094,2.063,2,-0.062,-0.218,2.147,2,-0.043,-0.589,1.928,2,-0.023,-1.012,1.950,2,-0.077,-1.031,1.890,2,-0.099,0.367,2.128,2,-0.019,0.515,1.763,2,-0.043,0.455,1.795,2,0.659,0.198,1.990,2,0.570,0.165,1.959,0
0.753|kb,155505858809080000,6,25,0,0,0,0,1,72057594037935418,2,-0.138,-0.204,2.154,2,-0.113,0.127,2.146,2,-0.088,0.448,2.117,2,-0.051,0.616,2.124,2,-0.220,0.338,2.062,2,-0.354,0.372,1.863,2,-0.161,0.472,1.744,2,-0.117,0.497,1.741,2,0.091,0.309,2.153,2,0.302,0.201,2.150,2,0.502,0.185,2.029,2,0.602,0.227,1.957,2,-0.218,-0.189,2.095,2,-0.244,-0.589,1.961,2,-0.173,-1.031,2.079,2,-0.125,-1.071,1.945,2,-0.053,-0.211,2.133,2,-0.042,-0.588,1.927,2,-0.028,-1.017,1.950,2,-0.076,-1.030,1.877,2,-0.095,0.369,2.127,2,-0.062,0.529,1.727,2,-0.073,0.465,1.758,2,0.658,0.270,1.904,2,0.554,0.228,1.890,0
0.799|kb,155505862215050000,6,25,0,0,0,0,1,72057594037935418,2,-0.127,-0.189,2.136,2,-0.106,0.138,2.139,2,-0.084,0.455,2.119,2,-0.050,0.616,2.124,2,-0.220,0.341,2.061,2,-0.360,0.377,1.865,2,-0.214,0.475,1.719,2,-0.166,0.507,1.721,2,0.098,0.317,2.148,2,0.304,0.201,2.149,2,0.511,0.244,1.977,2,0.579,0.285,1.910,2,-0.210,-0.174,2.080,2,-0.248,-0.536,1.847,2,-0.238,-0.935,2.129,2,-0.234,-0.996,2.076,2,-0.039,-0.197,2.111,2,-0.036,-0.577,1.913,2,-0.030,-1.023,1.950,2,-0.069,-1.031,1.867,2,-0.090,0.377,2.127,2,-0.110,0.547,1.694,2,-0.120,0.475,1.733,2,0.631,0.334,1.845,2,0.530,0.279,1.845,0
0.831|kb,155505865505000000,6,25,0,0,0,0,1,72057594037935418,2,-0.123,-0.173,2.119,2,-0.101,0.151,2.131,2,-0.078,0.465,2.121,2,-0.051,0.619,2.126,2,-0.225,0.358,2.061,2,-0.386,0.386,1.884,2,-0.258,0.483,1.721,2,-0.211,0.516,1.705,2,0.107,0.322,2.147,2,0.337,0.227,2.117,2,0.487,0.285,1.943,2,0.549,0.346,1.857,2,-0.206,-0.151,2.064,2,-0.251,-0.480,1.777,2,-0.228,-0.934,2.029,2,-0.175,-0.989,1.919,2,-0.036,-0.187,2.093,2,-0.032,-0.576,1.918,2,-0.031,-1.024,1.950,2,-0.069,-1.026,1.857,2,-0.084,0.388,2.126,2,-0.157,0.548,1.672,2,-0.164,0.482,1.710,2,0.585,0.374,1.767,2,0.490,0.337,1.791,0
0.862|kb,155505868805290000,6,25,0,0,0,0,1,72057594037935418,2,-0.116,-0.161,2.096,2,-0.096,0.160,2.124,2,-0.074,0.473,2.125,2,-0.052,0.627,2.137,2,-0.225,0.364,2.063,2,-0.411,0.385,1.909,2,-0.307,0.481,1.729,2,-0.265,0.521,1.695,2,0.115,0.327,2.147,2,0.345,0.242,2.102,2,0.470,0.336,1.893,2,0.505,0.400,1.820,2,-0.199,-0.140,2.044,2,-0.235,-0.445,1.729,2,-0.220,-0.867,2.028,2,-0.180,-0.914,1.941,2,-0.028,-0.176,2.066,2,-0.031,-0.575,1.921,2,-0.032,-1.021,1.949,2,-0.062,-1.019,1.843,2,-0.080,0.395,2.128,2,-0.218,0.557,1.656,2,-0.213,0.488,1.687,2,0.530,0.437,1.731,2,0.440,0.387,1.758,0
0.890|kb,155505872212840000,6,25,0,0,0,0,1,72057594037935418,2,-0.102,-0.150,2.066,2,-0.090,0.169,2.115,2,-0.072,0.479,2.131,2,-0.051,0.633,2.144,2,-0.226,0.368,2.068,2,-0.425,0.383,1.933,2,-0.356,0.482,1.727,2,-0.322,0.517,1.689,2,0.119,0.333,2.147,2,0.351,0.254,2.092,2,0.435,0.377,1.853,2,0.446,0.443,1.796,2,-0.185,-0.130,2.013,2,-0.208,-0.412,1.672,2,-0.240,-0.841,1.988,2,-0.215,-0.878,1.918,2,-0.015,-0.165,2.038,2,-0.028,-0.569,1.919,2,-0.034,-1.014,1.948,2,0.041,-1.012,1.910,2,-0.078,0.401,2.130,2,-0.279,0.553,1.646,2,-0.269,0.486,1.672,2,0.448,0.502,1.724,2,0.378,0.424,1.731,0
0.936|kb,155505875506470000,6,25,0,0,0,0,1,72057594037935418,2,-0.091,-0.136,2.045,2,-0.084,0.179,2.107,2,-0.072,0.486,2.139,2,-0.050,0.641,2.160,2,-0.225,0.372,2.075,2,-0.440,0.377,1.981,2,-0.411,0.462,1.747,2,-0.381,0.504,1.695,2,0.124,0.341,2.152,2,0.334,0.313,2.069,2,0.385,0.428,1.841,2,0.384,0.484,1.782,2,-0.177,-0.117,1.997,2,-0.190,-0.496,1.791,2,-0.205,-0.831,2.154,2,-0.195,-0.874,2.158,2,-0.001,-0.150,2.009,2,-0.026,-0.558,1.918,2,-0.040,-0.992,1.954,2,0.039,-0.994,1.906,2,-0.076,0.409,2.133,2,-0.335,0.538,1.638,2,-0.330,0.476,1.689,2,0.373,0.532,1.676,2,0.320,0.460,1.735,0
0.966|kb,155505878805140000,6,25,0,0,0,0,1,72057594037935418,2,-0.071,-0.126,2.016,2,-0.078,0.185,2.101,2,-0.072,0.492,2.152,2,-0.049,0.645,2.176,2,-0.225,0.373,2.082,2,-0.447,0.373,2.003,2,-0.461,0.432,1.776,2,-0.438,0.482,1.708,2,0.127,0.345,2.155,2,0.334,0.314,2.067,2,0.335,0.450,1.831,2,0.318,0.515,1.783,2,-0.155,-0.107,1.967,2,-0.211,-0.330,1.585,2,-0.247,-0.717,1.984,2,-0.235,-0.722,1.942,2,0.016,-0.140,1.984,2,-0.024,-0.549,1.913,2,-0.041,-0.988,1.954,2,0.039,-0.994,1.907,2,-0.074,0.414,2.140,2,-0.413,0.523,1.638,2,-0.393,0.452,1.682,2,0.297,0.568,1.695,2,0.251,0.487,1.760,0
0.997|kb,155505882212860000,6,25,0,0,0,0,1,72057594037935418,2,-0.062,-0.123,1.996,2,-0.072,0.189,2.095,2,-0.071,0.494,2.162,2,-0.050,0.646,2.189,2,-0.225,0.377,2.095,2,-0.457,0.361,2.037,2,-0.498,0.416,1.806,2,-0.491,0.450,1.725,2,0.127,0.348,2.158,2,0.345,0.318,2.058,2,0.289,0.482,1.831,2,0.251,0.541,1.789,2,-0.148,-0.105,1.951,2,-0.197,-0.067,1.507,2,-0.204,-0.545,1.702,2,-0.226,-0.571,1.613,2,0.026,-0.136,1.959,2,-0.023,-0.551,1.913,2,-0.042,-0.985,1.952,2,0.030,-0.997,1.885,2,-0.072,0.417,2.145,2,-0.474,0.489,1.648,2,-0.446,0.420,1.700,2,0.218,0.596,1.701,2,0.182,0.506,1.769,0
1.030|kb,155505885505410000,6,25,0,0,0,0,1,72057594037935418,2,-0.052,-0.125,1.981,2,-0.067,0.190,2.092,2,-0.071,0.494,2.171,2,-0.051,0.644,2.207,2,-0.223,0.376,2.105,2,-0.445,0.339,2.089,2,-0.538,0.370,1.854,2,-0.540,0.406,1.761,2,0.125,0.349,2.160,2,0.337,0.334,2.044,2,0.235,0.504,1.845,2,0.186,0.561,1.808,2,-0.132,-0.112,1.930,2,-0.208,-0.007,1.500,2,-0.201,-0.445,1.609,2,-0.173,-0.484,1.486,2,0.031,-0.134,1.949,2,-0.022,-0.559,1.917,2,-0.042,-0.987,1.950,2,0.025,-1.005,1.884,2,-0.070,0.418,2.151,2,-0.533,0.438,1.707,2,-0.502,0.384,1.729,2,0.134,0.616,1.754,2,0.122,0.517,1.795,0
1.064|kb,155505888807460000,6,25,0,0,0,0,1,72057594037935418,2,-0.051,-0.117,1.968,2,-0.064,0.193,2.089,2,-0.065,0.494,2.184,2,-0.052,0.645,2.217,2,-0.224,0.376,2.114,2,-0.472,0.312,2.114,2,-0.556,0.341,1.870,2,-0.578,0.355,1.789,2,0.121,0.347,2.160,2,0.331,0.343,2.040,2,0.183,0.511,1.859,2,0.128,0.569,1.832,2,-0.131,-0.101,1.911,2,-0.207,0.035,1.490,2,-0.219,-0.388,1.578,2,-0.201,-0.442,1.468,2,0.031,-0.129,1.942,2,-0.027,-0.592,1.930,2,-0.086,-0.970,1.976,2,0.007,-0.980,1.907,2,-0.065,0.420,2.159,2,-0.591,0.384,1.723,2,-0.536,0.346,1.753,2,0.069,0.625,1.792,2,0.069,0.520,1.828,0
1.095|kb,155505892213000000,6,25,0,0,0,0,1,72057594037935418,2,-0.039,-0.095,1.947,2,-0.057,0.200,2.084,2,-0.064,0.493,2.189,2,-0.055,0.645,2.227,2,-0.218,0.372,2.119,2,-0.474,0.275,2.141,2,-0.585,0.283,1.914,2,-0.609,0.300,1.824,2,0.123,0.347,2.166,2,0.317,0.356,2.033,2,0.145,0.514,1.878,2,0.079,0.570,1.857,2,-0.122,-0.092,1.911,2,-0.200,0.110,1.479,2,-0.228,-0.364,1.567,2,-0.241,-0.403,1.457,2,0.043,-0.091,1.889,2,-0.034,-0.587,1.924,2,-0.088,-0.958,1.968,2,0.008,-0.979,1.925,2,-0.064,0.421,2.162,2,-0.624,0.324,1.754,2,-0.572,0.299,1.782,2,0.013,0.624,1.821,2,0.029,0.520,1.859,0
1.128|kb,155505895504960000,6,25,0,0,0,0,1,72057594037935418,2,-0.065,-0.111,1.931,2,-0.060,0.197,2.080,2,-0.064,0.490,2.194,2,-0.065,0.643,2.242,1,-0.214,0.367,2.123,2,-0.467,0.250,2.163,2,-0.608,0.217,1.988,2,-0.633,0.236,1.875,2,0.122,0.343,2.165,2,0.315,0.357,2.034,2,0.119,0.496,1.914,2,0.052,0.561,1.882,2,-0.142,-0.093,1.893,2,-0.198,0.121,1.473,2,-0.229,-0.327,1.546,2,-0.229,-0.356,1.450,2,0.010,-0.133,1.886,2,-0.055,-0.549,1.895,2,-0.103,-0.951,1.965,2,-0.008,-0.975,1.936,2,-0.064,0.418,2.165,2,-0.665,0.254,1.805,2,-0.607,0.255,1.842,2,-0.023,0.623,1.853,2,-0.007,0.517,1.900,0
1.185|kb,155505902212470000,6,25,0,0,0,0,1,72057594037935418,2,-0.082,-0.121,1.916,2,-0.069,0.186,2.069,2,-0.062,0.478,2.198,2,-0.079,0.627,2.228,1,-0.209,0.352,2.125,2,-0.438,0.185,2.202,2,-0.607,0.121,2.051,2,-0.665,0.125,1.950,2,0.116,0.315,2.155,2,0.267,0.402,2.004,2,0.086,0.516,1.909,2,0.013,0.550,1.914,2,-0.162,-0.089,1.849,1,-0.196,0.163,1.457,2,-0.237,-0.305,1.503,1,-0.233,-0.331,1.404,2,-0.001,-0.145,1.886,2,-0.069,-0.566,1.870,2,-0.127,-0.946,1.944,2,-0.067,-0.980,1.838,2,-0.064,0.407,2.167,2,-0.700,0.130,1.896,2,-0.632,0.103,1.908,2,-0.069,0.608,1.907,2,-0.034,0.506,1.923,0
1.232|kb,155505905506220000,6,25,0,0,0,0,1,72057594037935418,2,-0.072,-0.133,1.906,2,-0.067,0.176,2.063,2,-0.062,0.471,2.198,2,-0.083,0.618,2.221,1,-0.209,0.346,2.124,2,-0.434,0.160,2.174,2,-0.615,0.063,2.088,2,-0.661,0.072,2.001,2,0.114,0.308,2.153,2,0.262,0.399,2.000,2,0.084,0.510,1.914,2,0.026,0.532,1.921,2,-0.153,-0.101,1.837,1,-0.167,0.110,1.442,2,-0.265,-0.318,1.438,2,-0.292,-0.336,1.347,2,0.012,-0.160,1.888,2,-0.068,-0.563,1.856,2,-0.132,-0.943,1.942,2,-0.044,-0.958,1.959,2,-0.063,0.400,2.166,2,-0.703,0.069,1.942,2,-0.636,0.054,1.949,2,-0.049,0.598,1.910,2,-0.015,0.502,1.926,0
1.265|kb,155505908804890000,6,25,0,0,0,0,1,72057594037935418,2,-0.060,-0.136,1.903,2,-0.063,0.176,2.057,2,-0.064,0.473,2.191,2,-0.084,0.619,2.207,1,-0.213,0.354,2.118,2,-0.422,0.153,2.177,2,-0.614,0.036,2.088,2,-0.662,0.029,2.023,2,0.113,0.302,2.151,2,0.256,0.394,1.993,2,0.078,0.507,1.917,2,0.023,0.525,1.924,2,-0.138,-0.102,1.825,1,-0.190,0.125,1.443,2,-0.268,-0.323,1.421,2,-0.275,-0.334,1.316,2,0.024,-0.164,1.894,2,-0.064,-0.565,1.848,2,-0.127,-0.942,1.964,2,-0.072,-0.969,1.843,2,-0.064,0.401,2.160,2,-0.705,0.018,1.969,2,-0.634,0.010,1.973,2,-0.056,0.593,1.917,2,-0.012,0.500,1.931,0
1.298|kb,155505912213590000,6,25,0,0,0,0,1,72057594037935418,2,-0.072,-0.136,1.896,2,-0.068,0.174,2.053,2,-0.065,0.471,2.190,2,-0.086,0.616,2.204,1,-0.215,0.356,2.118,2,-0.411,0.146,2.185,2,-0.615,0.011,2.101,2,-0.662,-0.008,2.046,2,0.112,0.299,2.149,2,0.250,0.391,1.988,2,0.069,0.504,1.920,2,-0.046,0.550,1.941,2,-0.155,-0.095,1.811,1,-0.194,0.134,1.430,1,-0.271,-0.329,1.414,2,-0.259,-0.332,1.304,2,0.011,-0.170,1.893,2,-0.065,-0.574,1.847,2,-0.135,-0.931,1.942,2,-0.069,-0.976,1.844,2,-0.065,0.399,2.159,2,-0.705,-0.023,2.000,2,-0.632,-0.024,1.999,2,-0.128,0.592,1.941,2,-0.090,0.495,1.962,0
1.329|kb,155505915505040000,6,25,0,0,0,0,1,72057594037935418,2,-0.088,-0.168,1.903,2,-0.078,0.153,2.057,2,-0.070,0.458,2.193,2,-0.085,0.588,2.210,1,-0.217,0.357,2.122,2,-0.435,0.114,2.202,2,-0.622,-0.043,2.141,2,-0.662,-0.037,2.056,2,0.111,0.298,2.153,2,0.257,0.404,1.959,2,0.035,0.519,1.920,2,-0.047,0.547,1.938,2,-0.169,-0.156,1.829,1,-0.200,0.121,1.456,1,-0.275,-0.331,1.417,2,-0.228,-0.325,1.308,2,-0.001,-0.180,1.893,2,-0.058,-0.535,1.846,2,-0.133,-0.932,1.940,2,-0.069,-0.975,1.845,2,-0.072,0.384,2.162,2,-0.701,-0.055,2.012,2,-0.627,-0.049,2.014,2,-0.114,0.593,1.941,2,-0.082,0.496,1.950,0
1.355|kb,155505918805120000,6,25,0,0,0,0,1,72057594037935418,2,-0.088,-0.168,1.903,2,-0.079,0.151,2.056,2,-0.072,0.453,2.192,2,-0.089,0.582,2.209,1,-0.220,0.358,2.122,2,-0.438,0.104,2.198,2,-0.631,-0.056,2.148,2,-0.661,-0.055,2.069,2,0.108,0.295,2.148,2,0.254,0.407,1.953,2,0.025,0.519,1.922,2,-0.051,0.545,1.936,2,-0.168,-0.155,1.830,1,-0.202,0.120,1.456,1,-0.276,-0.327,1.417,2,-0.226,-0.315,1.323,2,-0.005,-0.182,1.889,2,-0.057,-0.533,1.842,2,-0.138,-0.931,1.923,2,-0.076,-0.968,1.856,2,-0.074,0.380,2.161,2,-0.698,-0.075,2.025,2,-0.627,-0.070,2.020,2,-0.119,0.592,1.940,2,-0.093,0.495,1.951,0
1.401|kb,155505922216950000,6,25,0,0,0,0,1,72057594037935418,2,-0.087,-0.168,1.898,2,-0.080,0.150,2.053,2,-0.074,0.450,2.191,2,-0.091,0.577,2.205,1,-0.221,0.358,2.121,2,-0.433,0.100,2.205,2,-0.625,-0.063,2.154,2,-0.659,-0.066,2.076,2,0.105,0.293,2.144,2,0.247,0.409,1.946,2,0.016,0.521,1.921,2,-0.047,0.542,1.927,2,-0.165,-0.153,1.827,1,-0.200,0.123,1.447,1,-0.272,-0.325,1.405,2,-0.220,-0.326,1.317,2,-0.006,-0.181,1.881,2,-0.057,-0.532,1.840,2,-0.132,-0.939,1.931,2,-0.068,-0.973,1.851,2,-0.076,0.377,2.159,2,-0.695,-0.088,2.031,2,-0.624,-0.077,2.033,2,-0.114,0.591,1.936,2,-0.083,0.497,1.943,0
1.431|kb,155505925505060000,6,25,0,0,0,0,1,72057594037935418,2,-0.080,-0.160,1.886,2,-0.079,0.150,2.050,2,-0.075,0.449,2.190,2,-0.093,0.571,2.195,1,-0.223,0.358,2.121,2,-0.428,0.098,2.213,2,-0.617,-0.068,2.162,2,-0.657,-0.076,2.083,2,0.102,0.292,2.140,2,0.234,0.414,1.939,2,0.003,0.525,1.920,2,-0.049,0.542,1.920,2,-0.155,-0.142,1.817,1,-0.180,0.149,1.415,1,-0.251,-0.294,1.370,2,-0.234,-0.286,1.238,2,0.000,-0.172,1.866,2,-0.057,-0.534,1.838,2,-0.134,-0.941,1.939,2,-0.070,-0.971,1.850,2,-0.076,0.376,2.158,2,-0.696,-0.096,2.042,2,-0.619,-0.084,2.041,2,-0.115,0.593,1.928,2,-0.086,0.498,1.932,0
1.462|kb,155505928805180000,6,25,0,0,0,0,1,72057594037935418,2,-0.078,-0.158,1.882,2,-0.079,0.151,2.047,2,-0.076,0.448,2.190,2,-0.095,0.568,2.192,1,-0.223,0.358,2.121,2,-0.425,0.097,2.218,2,-0.622,-0.088,2.121,2,-0.654,-0.083,2.090,2,0.098,0.292,2.137,2,0.226,0.418,1.936,2,-0.007,0.527,1.916,2,-0.085,0.558,1.922,2,-0.153,-0.139,1.814,1,-0.178,0.154,1.410,1,-0.248,-0.290,1.369,2,-0.233,-0.284,1.243,2,0.001,-0.170,1.862,2,-0.059,-0.539,1.836,2,-0.135,-0.940,1.938,2,-0.073,-0.968,1.853,2,-0.077,0.375,2.158,2,-0.693,-0.104,2.052,2,-0.617,-0.090,2.048,2,-0.163,0.598,1.925,2,-0.118,0.503,1.935,0
1.489|kb,155505932212940000,6,25,0,0,0,0,1,72057594037935418,2,-0.076,-0.155,1.879,2,-0.079,0.152,2.044,2,-0.078,0.447,2.189,2,-0.096,0.565,2.188,1,-0.224,0.358,2.120,2,-0.424,0.097,2.220,2,-0.601,-0.086,2.186,2,-0.649,-0.088,2.092,2,0.097,0.292,2.135,2,0.216,0.421,1.930,2,-0.017,0.530,1.909,2,-0.047,0.543,1.903,2,-0.151,-0.137,1.812,1,-0.174,0.155,1.409,1,-0.243,-0.288,1.369,2,-0.229,-0.281,1.245,2,0.003,-0.167,1.858,2,-0.058,-0.539,1.835,2,-0.139,-0.928,1.924,2,-0.079,-0.967,1.856,2,-0.078,0.375,2.156,2,-0.687,-0.108,2.053,2,-0.613,-0.095,2.053,2,-0.114,0.598,1.906,2,-0.088,0.527,1.912,0
1.534|kb,155505935507550000,6,25,0,0,0,0,1,72057594037935418,2,-0.076,-0.155,1.879,2,-0.080,0.152,2.041,2,-0.085,0.446,2.181,2,-0.097,0.564,2.180,1,-0.231,0.359,2.115,2,-0.424,0.096,2.221,2,-0.601,-0.086,2.184,2,-0.647,-0.088,2.094,2,0.086,0.296,2.121,2,0.201,0.433,1.919,2,-0.035,0.534,1.889,2,-0.047,0.543,1.895,2,-0.150,-0.137,1.813,1,-0.172,0.153,1.411,1,-0.242,-0.291,1.371,2,-0.230,-0.283,1.244,2,0.003,-0.167,1.857,2,-0.059,-0.540,1.833,2,-0.140,-0.929,1.926,2,-0.046,-0.948,1.954,2,-0.083,0.375,2.149,2,-0.682,-0.109,2.056,2,-0.609,-0.094,2.050,2,-0.114,0.599,1.897,2,-0.092,0.519,1.890,0
1.565|kb,155505938805540000,6,25,0,0,0,0,1,72057594037935418,2,-0.079,-0.152,1.877,2,-0.085,0.155,2.036,2,-0.090,0.448,2.176,2,-0.101,0.565,2.174,1,-0.236,0.361,2.110,2,-0.423,0.096,2.221,2,-0.601,-0.086,2.184,2,-0.646,-0.085,2.092,2,0.079,0.298,2.115,2,0.195,0.436,1.914,2,-0.041,0.537,1.886,2,-0.050,0.545,1.887,2,-0.153,-0.134,1.813,1,-0.180,0.157,1.407,1,-0.248,-0.286,1.367,2,-0.237,-0.278,1.242,2,-0.002,-0.163,1.851,2,-0.060,-0.542,1.833,2,-0.141,-0.934,1.931,2,-0.081,-0.968,1.857,2,-0.089,0.377,2.144,2,-0.681,-0.105,2.057,2,-0.611,-0.093,2.049,2,-0.114,0.598,1.889,2,-0.102,0.522,1.882,0
1.596|kb,155505942215360000,6,25,0,0,0,0,1,72057594037935418,2,-0.080,-0.154,1.878,2,-0.085,0.155,2.036,2,-0.090,0.448,2.176,2,-0.103,0.561,2.175,1,-0.235,0.361,2.111,2,-0.424,0.096,2.221,2,-0.603,-0.086,2.183,2,-0.643,-0.077,2.090,2,0.079,0.297,2.116,2,0.184,0.437,1.908,2,0.032,0.508,1.885,2,-0.050,0.543,1.878,2,-0.154,-0.137,1.819,1,-0.181,0.141,1.416,1,-0.250,-0.301,1.376,2,-0.238,-0.293,1.250,2,-0.003,-0.165,1.852,2,-0.060,-0.544,1.832,2,-0.142,-0.935,1.931,2,-0.047,-0.956,1.943,2,-0.089,0.377,2.144,2,-0.681,-0.097,2.056,2,-0.610,-0.088,2.043,2,-0.114,0.596,1.876,2,-0.105,0.522,1.880,0
1.629|kb,155505945505300000,6,25,0,0,0,0,1,72057594037935418,2,-0.081,-0.154,1.878,2,-0.086,0.155,2.036,2,-0.090,0.448,2.176,2,-0.110,0.555,2.173,2,-0.209,0.347,2.099,2,-0.416,0.098,2.216,2,-0.604,-0.075,2.182,2,-0.642,-0.065,2.086,2,0.078,0.298,2.115,2,0.178,0.437,1.902,2,0.033,0.506,1.877,2,-0.049,0.541,1.865,2,-0.159,-0.140,1.824,1,-0.183,0.142,1.416,1,-0.251,-0.300,1.376,2,-0.239,-0.292,1.251,2,-0.004,-0.163,1.847,2,-0.062,-0.548,1.831,2,-0.139,-0.936,1.927,2,-0.075,-0.965,1.854,2,-0.089,0.377,2.144,2,-0.679,-0.087,2.050,2,-0.602,-0.070,2.044,2,-0.113,0.593,1.860,2,-0.106,0.522,1.867,0
1.654|kb,155505948807650000,6,25,0,0,0,0,1,72057594037935418,2,-0.086,-0.157,1.881,2,-0.092,0.156,2.032,2,-0.102,0.455,2.159,2,-0.116,0.559,2.155,2,-0.204,0.343,2.096,1,-0.433,0.113,2.188,2,-0.612,-0.062,2.172,2,-0.637,-0.046,2.085,2,0.076,0.299,2.113,2,0.166,0.430,1.898,2,0.034,0.501,1.866,2,-0.046,0.539,1.851,2,-0.166,-0.148,1.837,2,-0.212,0.100,1.458,2,-0.258,-0.371,1.458,2,-0.245,-0.378,1.351,2,-0.007,-0.163,1.846,2,-0.062,-0.548,1.831,2,-0.135,-0.938,1.926,2,-0.073,-0.970,1.850,2,-0.099,0.382,2.131,2,-0.679,-0.070,2.044,2,-0.604,-0.055,2.041,2,-0.111,0.594,1.841,2,-0.104,0.524,1.849,0
1.698|kb,155505952215500000,6,25,0,0,0,0,1,72057594037935418,2,-0.096,-0.157,1.888,2,-0.097,0.157,2.031,2,-0.104,0.458,2.155,2,-0.118,0.562,2.155,2,-0.204,0.343,2.095,1,-0.429,0.118,2.186,2,-0.589,-0.037,2.001,1,-0.667,-0.039,2.038,2,0.075,0.301,2.111,2,0.159,0.425,1.896,2,-0.052,0.544,1.832,2,-0.129,0.579,1.847,2,-0.173,-0.149,1.845,2,-0.213,0.099,1.458,2,-0.251,-0.357,1.471,2,-0.253,-0.370,1.393,2,-0.015,-0.161,1.847,2,-0.062,-0.535,1.831,2,-0.134,-0.942,1.929,2,-0.076,-0.969,1.848,2,-0.102,0.384,2.127,2,-0.678,-0.044,2.029,2,-0.647,-0.053,2.014,2,-0.202,0.611,1.838,2,-0.157,0.524,1.856,0
1.729|kb,155505955505020000,6,25,0,0,0,0,1,72057594037935418,2,-0.101,-0.156,1.892,2,-0.100,0.159,2.030,2,-0.106,0.460,2.151,2,-0.122,0.566,2.157,2,-0.205,0.343,2.095,2,-0.438,0.146,2.204,2,-0.616,-0.008,2.137,2,-0.626,0.013,2.057,2,0.073,0.303,2.108,2,0.153,0.419,1.891,2,-0.046,0.544,1.816,2,-0.125,0.578,1.819,2,-0.178,-0.150,1.855,2,-0.222,0.092,1.457,2,-0.250,-0.365,1.480,2,-0.236,-0.364,1.363,2,-0.020,-0.158,1.848,2,-0.065,-0.531,1.834,2,-0.131,-0.947,1.929,2,-0.055,-0.958,1.939,2,-0.104,0.386,2.124,2,-0.660,-0.004,2.012,2,-0.585,0.002,2.017,2,-0.197,0.610,1.805,2,-0.164,0.524,1.833,0
1.762|kb,155505958804670000,6,25,0,0,0,0,1,72057594037935418,2,-0.108,-0.154,1.904,2,-0.104,0.161,2.031,2,-0.108,0.463,2.145,2,-0.127,0.569,2.155,2,-0.213,0.343,2.096,2,-0.441,0.146,2.201,2,-0.624,0.018,2.106,2,-0.616,0.052,2.027,2,0.065,0.315,2.096,2,0.155,0.415,1.880,2,-0.035,0.536,1.783,2,-0.118,0.577,1.781,2,-0.182,-0.149,1.866,2,-0.232,0.076,1.459,2,-0.255,-0.378,1.491,2,-0.247,-0.377,1.374,2,-0.028,-0.152,1.857,2,-0.067,-0.531,1.837,2,-0.132,-0.947,1.929,2,-0.086,-0.970,1.835,2,-0.107,0.389,2.120,2,-0.647,0.039,1.987,2,-0.576,0.037,1.985,2,-0.185,0.607,1.757,2,-0.151,0.521,1.793,0
1.787|kb,155505962213080000,6,25,0,0,0,0,1,72057594037935418,2,-0.112,-0.146,1.915,2,-0.108,0.171,2.029,2,-0.110,0.483,2.121,2,-0.138,0.593,2.140,2,-0.222,0.352,2.094,2,-0.370,0.258,2.230,2,-0.569,0.092,2.048,2,-0.604,0.098,2.001,2,0.039,0.353,2.066,2,0.166,0.414,1.858,2,-0.037,0.524,1.750,2,-0.096,0.569,1.737,2,-0.186,-0.142,1.878,2,-0.238,0.066,1.464,2,-0.274,-0.404,1.539,2,-0.274,-0.422,1.444,2,-0.033,-0.145,1.867,2,-0.077,-0.543,1.851,2,-0.132,-0.939,1.924,2,-0.086,-0.970,1.839,2,-0.110,0.406,2.103,2,-0.641,0.082,1.958,2,-0.561,0.080,1.967,2,-0.164,0.600,1.706,2,-0.134,0.519,1.751,0
1.832|kb,155505965508460000,6,25,0,0,0,0,1,72057594037935418,2,-0.115,-0.138,1.927,2,-0.112,0.179,2.028,2,-0.113,0.490,2.111,2,-0.142,0.595,2.124,2,-0.270,0.361,2.122,2,-0.438,0.204,2.254,2,-0.559,0.141,2.010,2,-0.585,0.144,1.960,2,0.041,0.355,2.063,2,0.166,0.401,1.852,2,-0.017,0.508,1.709,2,-0.064,0.555,1.690,2,-0.187,-0.134,1.888,2,-0.242,0.016,1.493,2,-0.276,-0.408,1.543,2,-0.292,-0.430,1.425,2,-0.038,-0.136,1.880,2,-0.086,-0.549,1.861,2,-0.132,-0.942,1.924,2,-0.086,-0.972,1.839,2,-0.113,0.414,2.094,2,-0.612,0.129,1.910,2,-0.549,0.121,1.932,2,-0.124,0.591,1.656,2,-0.103,0.508,1.707,0
1.864|kb,155505968804690000,6,25,0,0,0,0,1,72057594037935418,2,-0.122,-0.129,1.941,2,-0.115,0.185,2.027,2,-0.114,0.496,2.096,2,-0.143,0.628,2.080,2,-0.253,0.387,2.090,2,-0.442,0.215,2.246,2,-0.539,0.183,1.977,2,-0.563,0.190,1.923,2,0.043,0.362,2.055,2,0.175,0.388,1.845,2,0.035,0.484,1.671,2,-0.010,0.521,1.643,2,-0.197,-0.118,1.908,2,-0.243,-0.016,1.509,2,-0.276,-0.432,1.580,2,-0.285,-0.474,1.467,2,-0.043,-0.132,1.890,2,-0.091,-0.550,1.867,2,-0.131,-0.943,1.922,2,-0.086,-0.972,1.837,2,-0.115,0.420,2.083,2,-0.583,0.174,1.861,2,-0.561,0.162,1.928,2,-0.065,0.565,1.597,2,-0.064,0.485,1.660,0
1.896|kb,155505972213010000,6,25,0,0,0,0,1,72057594037935418,2,-0.133,-0.132,1.964,2,-0.119,0.188,2.026,2,-0.117,0.503,2.074,2,-0.135,0.640,2.063,2,-0.257,0.392,2.089,2,-0.449,0.258,2.204,2,-0.527,0.218,1.928,2,-0.542,0.233,1.885,2,0.042,0.367,2.045,2,0.199,0.347,1.854,2,0.083,0.436,1.636,2,0.042,0.475,1.604,2,-0.203,-0.123,1.922,2,-0.246,-0.109,1.538,2,-0.283,-0.479,1.623,2,-0.298,-0.519,1.513,2,-0.058,-0.134,1.923,2,-0.101,-0.575,1.878,2,-0.131,-0.949,1.919,2,-0.145,-0.969,1.799,2,-0.118,0.426,2.068,2,-0.568,0.235,1.817,2,-0.560,0.208,1.874,2,0.007,0.518,1.549,2,-0.017,0.445,1.620,0
1.928|kb,155505975505700000,6,25,0,0,0,0,1,72057594037935418,2,-0.145,-0.127,1.978,2,-0.125,0.191,2.024,2,-0.119,0.503,2.053,2,-0.132,0.641,2.034,2,-0.269,0.398,2.081,2,-0.459,0.267,2.175,2,-0.526,0.232,1.913,2,-0.520,0.268,1.840,2,0.041,0.372,2.026,2,0.205,0.328,1.847,2,0.137,0.379,1.614,2,0.099,0.416,1.572,2,-0.221,-0.112,1.947,2,-0.250,-0.173,1.568,2,-0.290,-0.517,1.668,2,-0.309,-0.557,1.562,2,-0.064,-0.133,1.929,2,-0.101,-0.565,1.876,2,-0.128,-0.946,1.912,2,-0.144,-0.960,1.791,2,-0.121,0.427,2.051,2,-0.522,0.285,1.787,2,-0.549,0.264,1.814,2,0.067,0.459,1.503,2,0.049,0.396,1.585,0
1.954|kb,155505978806680000,6,25,0,0,0,0,1,72057594037935418,2,-0.162,-0.129,2.002,2,-0.132,0.189,2.023,2,-0.120,0.491,2.030,2,-0.132,0.628,2.006,2,-0.284,0.401,2.074,2,-0.480,0.277,2.125,2,-0.538,0.242,1.895,2,-0.499,0.294,1.793,2,0.036,0.366,2.013,2,0.221,0.280,1.883,2,0.190,0.305,1.623,2,0.153,0.347,1.558,2,-0.236,-0.110,1.969,2,-0.253,-0.240,1.610,2,-0.299,-0.584,1.760,2,-0.333,-0.613,1.709,2,-0.080,-0.141,1.950,2,-0.101,-0.568,1.873,2,-0.085,-0.976,1.882,2,-0.076,-0.995,1.805,2,-0.124,0.418,2.034,2,-0.492,0.317,1.739,2,-0.528,0.295,1.761,2,0.137,0.378,1.463,2,0.098,0.328,1.549,0
1.998|kb,155505982214870000,6,25,0,0,0,0,1,72057594037935418,2,-0.166,-0.143,2.016,2,-0.143,0.172,2.021,2,-0.128,0.466,2.004,2,-0.135,0.601,1.975,2,-0.297,0.392,2.056,2,-0.503,0.298,2.055,2,-0.501,0.280,1.807,2,-0.473,0.308,1.742,2,0.032,0.350,1.994,2,0.224,0.231,1.927,2,0.252,0.218,1.689,2,0.199,0.272,1.560,2,-0.241,-0.125,1.983,2,-0.277,-0.336,1.674,2,-0.315,-0.676,1.789,2,-0.332,-0.706,1.675,2,-0.085,-0.156,1.967,2,-0.094,-0.572,1.863,2,-0.088,-0.985,1.880,2,-0.094,-0.996,1.797,2,-0.133,0.394,2.012,2,-0.456,0.331,1.685,2,-0.505,0.306,1.714,2,0.189,0.301,1.459,2,0.148,0.258,1.550,0
2.029|kb,155505985504770000,6,25,0,0,0,0,1,72057594037935418,2,-0.169,-0.168,2.033,2,-0.149,0.147,2.018,2,-0.132,0.444,1.988,2,-0.138,0.573,1.950,2,-0.302,0.369,2.027,2,-0.538,0.248,1.998,2,-0.476,0.288,1.763,2,-0.442,0.315,1.695,2,0.029,0.325,1.979,2,0.223,0.211,1.923,2,0.235,0.187,1.609,2,0.233,0.204,1.563,2,-0.244,-0.152,1.998,2,-0.278,-0.380,1.706,2,-0.324,-0.749,1.935,2,-0.322,-0.790,1.875,2,-0.087,-0.178,1.984,2,-0.081,-0.576,1.848,2,-0.090,-0.986,1.878,2,-0.095,-0.995,1.792,2,-0.136,0.372,1.999,2,-0.416,0.340,1.638,2,-0.462,0.323,1.644,2,0.224,0.227,1.458,2,0.196,0.209,1.536,0
2.060|kb,155506355505580000,6,25,0,0,0,0,1,72057594037935418,2,-0.154,-0.157,2.136,2,-0.151,0.165,2.074,2,-0.148,0.464,1.996,2,-0.151,0.596,1.966,2,-0.303,0.311,2.010,2,-0.461,0.261,1.744,2,-0.254,0.289,1.606,2,-0.192,0.328,1.595,2,0.008,0.357,2.079,2,0.159,0.198,2.266,2,0.319,0.041,2.312,2,0.376,-0.002,2.291,2,-0.223,-0.149,2.089,2,-0.281,-0.475,1.964,2,-0.203,-0.696,2.253,2,-0.245,-0.780,2.172,2,-0.079,-0.159,2.105,2,-0.059,-0.603,1.932,2,-0.072,-1.017,1.872,2,-0.092,-1.006,1.781,2,-0.150,0.390,2.021,2,-0.130,0.356,1.574,2,-0.150,0.318,1.642,2,0.450,-0.053,2.286,2,0.395,0.015,2.277,0
2.095|kb,155506358806090000,6,25,0,0,0,0,1,72057594037935418,2,-0.165,-0.171,2.150,2,-0.175,0.160,2.069,2,-0.198,0.480,1.961,2,-0.150,0.589,1.961,2,-0.302,0.312,2.003,2,-0.406,0.283,1.713,2,-0.191,0.314,1.612,2,-0.162,0.332,1.607,2,0.004,0.347,2.083,2,0.139,0.184,2.293,2,0.299,0.034,2.356,2,0.355,-0.014,2.345,2,-0.233,-0.164,2.100,2,-0.290,-0.498,2.027,2,-0.197,-0.762,2.371,2,-0.270,-0.831,2.332,2,-0.092,-0.171,2.122,2,-0.058,-0.596,1.929,2,-0.076,-1.017,1.870,2,-0.078,-1.001,1.771,2,-0.196,0.401,1.989,2,-0.092,0.368,1.594,2,-0.118,0.322,1.655,2,0.425,-0.055,2.338,2,0.367,0.006,2.330,0
2.127|kb,155506362212910000,6,25,0,0,0,0,1,72057594037935418,2,-0.175,-0.186,2.165,2,-0.173,0.118,2.083,2,-0.166,0.412,1.982,2,-0.152,0.566,1.962,2,-0.300,0.306,1.999,2,-0.401,0.279,1.714,2,-0.183,0.306,1.618,2,-0.120,0.339,1.626,2,-0.001,0.332,2.089,2,0.124,0.180,2.300,2,0.267,0.027,2.387,2,0.328,-0.024,2.392,2,-0.241,-0.183,2.112,2,-0.289,-0.515,2.114,2,-0.223,-0.820,2.472,2,-0.288,-0.900,2.391,2,-0.102,-0.183,2.141,2,-0.056,-0.576,1.925,2,-0.078,-1.010,1.868,2,-0.079,-1.003,1.777,2,-0.168,0.339,2.010,2,-0.051,0.369,1.624,2,-0.090,0.322,1.674,2,0.404,-0.069,2.401,2,0.351,-0.010,2.377,0
2.164|kb,155506365504910000,6,25,0,0,0,0,1,72057594037935418,2,-0.186,-0.199,2.186,2,-0.174,0.112,2.089,2,-0.164,0.409,1.984,2,-0.153,0.557,1.959,2,-0.299,0.288,1.998,2,-0.374,0.272,1.714,2,-0.142,0.321,1.656,2,-0.082,0.345,1.655,2,-0.005,0.321,2.095,2,0.103,0.160,2.324,2,0.250,0.017,2.419,2,0.308,-0.036,2.429,2,-0.251,-0.197,2.131,2,-0.290,-0.517,2.188,1,-0.224,-0.760,2.520,2,-0.266,-0.865,2.444,2,-0.114,-0.194,2.163,2,-0.057,-0.574,1.924,2,-0.081,-0.999,1.868,2,-0.135,-0.997,1.840,2,-0.166,0.336,2.012,2,-0.020,0.372,1.659,2,-0.056,0.327,1.706,2,0.383,-0.089,2.452,2,0.328,-0.021,2.419,0
2.198|kb,155506368805890000,6,25,0,0,0,0,1,72057594037935418,2,-0.190,-0.211,2.203,2,-0.175,0.093,2.107,2,-0.160,0.388,1.997,2,-0.154,0.534,1.965,2,-0.296,0.268,2.003,2,-0.368,0.268,1.716,2,-0.083,0.329,1.693,2,-0.052,0.351,1.693,2,-0.009,0.305,2.108,2,0.101,0.147,2.338,2,0.242,0.002,2.439,2,0.288,-0.051,2.456,2,-0.255,-0.211,2.146,2,-0.287,-0.512,2.249,2,-0.235,-0.789,2.586,2,-0.278,-0.872,2.477,2,-0.119,-0.204,2.183,2,-0.062,-0.581,1.918,2,-0.081,-0.999,1.867,2,-0.130,-0.998,1.835,2,-0.164,0.316,2.027,2,-0.001,0.378,1.684,2,-0.034,0.333,1.727,2,0.354,-0.097,2.487,2,0.302,-0.026,2.441,0
2.228|kb,155506372213140000,6,25,0,0,0,0,1,72057594037935418,2,-0.193,-0.223,2.228,2,-0.181,0.065,2.141,2,-0.166,0.344,2.037,2,-0.159,0.484,1.999,2,-0.298,0.254,2.015,2,-0.358,0.259,1.724,2,-0.088,0.324,1.701,2,-0.050,0.347,1.720,2,-0.014,0.291,2.121,2,0.082,0.130,2.355,2,0.218,-0.012,2.466,2,0.273,-0.065,2.484,2,-0.258,-0.225,2.173,2,-0.284,-0.518,2.311,1,-0.237,-0.766,2.613,2,-0.302,-0.867,2.547,2,-0.122,-0.214,2.206,2,-0.067,-0.575,1.917,2,-0.087,-1.004,1.869,2,-0.132,-1.003,1.833,2,-0.170,0.275,2.066,2,0.009,0.382,1.722,2,-0.019,0.328,1.757,2,0.337,-0.112,2.516,2,0.292,-0.049,2.479,0
2.258|kb,155506375504800000,6,25,0,0,0,0,1,72057594037935418,2,-0.197,-0.234,2.250,2,-0.182,0.057,2.152,2,-0.167,0.338,2.043,2,-0.163,0.477,2.003,2,-0.305,0.230,2.042,2,-0.349,0.256,1.735,2,-0.099,0.316,1.724,2,-0.052,0.343,1.747,2,-0.021,0.278,2.134,2,0.080,0.119,2.368,2,0.215,-0.022,2.482,2,0.259,-0.081,2.501,2,-0.262,-0.236,2.193,2,-0.289,-0.514,2.336,1,-0.236,-0.799,2.682,2,-0.257,-0.900,2.682,2,-0.126,-0.223,2.229,2,-0.072,-0.563,1.917,2,-0.092,-1.004,1.868,2,-0.132,-1.004,1.849,2,-0.171,0.269,2.073,2,0.012,0.370,1.775,2,-0.033,0.318,1.807,2,0.320,-0.127,2.538,2,0.253,-0.049,2.484,0
2.288|kb,155506378805050000,6,25,0,0,0,0,1,72057594037935418,2,-0.200,-0.247,2.269,2,-0.186,0.038,2.179,2,-0.172,0.315,2.074,2,-0.170,0.449,2.029,2,-0.306,0.217,2.057,2,-0.344,0.245,1.753,2,-0.089,0.314,1.758,2,-0.052,0.338,1.782,2,-0.027,0.264,2.152,2,0.077,0.107,2.383,2,0.204,-0.038,2.501,2,0.252,-0.100,2.515,2,-0.264,-0.250,2.212,2,-0.288,-0.560,2.408,1,-0.231,-0.863,2.775,2,-0.285,-0.944,2.711,2,-0.128,-0.234,2.249,2,-0.079,-0.552,1.924,2,-0.103,-1.001,1.879,2,-0.067,-0.990,1.796,2,-0.176,0.247,2.102,2,0.010,0.374,1.803,2,-0.023,0.321,1.832,2,0.312,-0.146,2.546,2,0.270,-0.085,2.504,0
2.303|kb,155506382214780000,6,25,0,0,0,0,1,72057594037935418,2,-0.202,-0.259,2.289,2,-0.188,0.029,2.193,2,-0.174,0.307,2.084,2,-0.174,0.440,2.039,2,-0.309,0.205,2.078,2,-0.342,0.236,1.774,2,-0.112,0.302,1.781,2,-0.051,0.335,1.819,2,-0.033,0.253,2.169,2,0.070,0.088,2.398,2,0.195,-0.066,2.508,2,0.244,-0.112,2.520,2,-0.267,-0.262,2.233,1,-0.288,-0.561,2.413,1,-0.258,-0.851,2.801,2,-0.278,-0.938,2.722,2,-0.130,-0.246,2.268,2,-0.082,-0.549,1.931,2,-0.107,-0.990,1.881,2,-0.091,-0.989,1.915,2,-0.178,0.239,2.114,2,0.004,0.360,1.857,2,-0.042,0.307,1.865,2,0.308,-0.169,2.547,2,0.232,-0.148,2.486,0
2.328|kb,155506385506010000,6,25,0,0,0,0,1,72057594037935418,2,-0.200,-0.271,2.306,2,-0.186,0.002,2.227,2,-0.172,0.270,2.131,2,-0.179,0.398,2.083,2,-0.314,0.181,2.111,2,-0.346,0.216,1.823,2,-0.090,0.301,1.830,2,-0.050,0.332,1.860,2,-0.038,0.238,2.189,2,0.074,0.072,2.414,2,0.205,-0.082,2.517,2,0.249,-0.141,2.526,2,-0.266,-0.275,2.250,1,-0.287,-0.564,2.426,1,-0.256,-0.864,2.820,2,-0.253,-0.933,2.771,2,-0.127,-0.258,2.283,2,-0.086,-0.551,1.940,2,-0.116,-0.994,1.892,2,-0.061,-1.001,1.891,2,-0.176,0.203,2.158,2,-0.001,0.357,1.885,2,-0.033,0.307,1.911,2,0.306,-0.189,2.536,2,0.233,-0.181,2.494,0
2.372|kb,155506388805070000,6,25,0,0,0,0,1,72057594037935418,2,-0.205,-0.284,2.327,2,-0.191,-0.006,2.242,2,-0.176,0.263,2.144,2,-0.186,0.393,2.097,2,-0.321,0.174,2.132,2,-0.347,0.216,1.825,2,-0.092,0.298,1.856,2,-0.049,0.328,1.902,2,-0.043,0.228,2.212,2,0.078,0.057,2.430,2,0.209,-0.104,2.523,2,0.254,-0.164,2.525,2,-0.271,-0.287,2.270,1,-0.295,-0.582,2.456,2,-0.237,-0.912,2.805,2,-0.286,-0.972,2.743,2,-0.133,-0.272,2.306,2,-0.086,-0.541,1.955,2,-0.128,-0.993,1.907,2,-0.084,-0.999,1.835,2,-0.180,0.197,2.171,2,-0.010,0.345,1.926,2,-0.041,0.299,1.941,2,0.314,-0.222,2.533,2,0.235,-0.207,2.489,0
2.400|kb,155506392213900000,6,25,0,0,0,0,1,72057594037935418,2,-0.207,-0.295,2.340,2,-0.195,-0.019,2.260,2,-0.182,0.251,2.165,2,-0.191,0.378,2.117,2,-0.327,0.165,2.159,2,-0.353,0.205,1.854,2,-0.110,0.284,1.877,1,-0.062,0.317,1.920,2,-0.048,0.218,2.229,2,0.077,0.042,2.441,2,0.214,-0.121,2.526,2,0.255,-0.184,2.516,2,-0.275,-0.298,2.284,1,-0.296,-0.583,2.461,2,-0.215,-0.859,2.767,2,-0.263,-0.894,2.711,2,-0.133,-0.283,2.319,2,-0.087,-0.541,1.961,2,-0.127,-0.978,1.907,2,-0.035,-0.957,1.859,2,-0.185,0.185,2.191,2,-0.015,0.343,1.951,2,-0.047,0.292,1.973,2,0.317,-0.241,2.518,2,0.236,-0.222,2.481,0
2.430|kb,155506395505000000,6,25,0,0,0,0,1,72057594037935418,2,-0.208,-0.301,2.351,2,-0.196,-0.023,2.269,2,-0.183,0.247,2.173,2,-0.197,0.377,2.128,2,-0.328,0.160,2.168,2,-0.357,0.200,1.874,2,-0.109,0.282,1.894,2,-0.066,0.313,1.947,2,-0.048,0.218,2.228,2,0.075,0.039,2.440,2,0.209,-0.129,2.519,2,0.255,-0.196,2.510,2,-0.276,-0.304,2.295,1,-0.300,-0.589,2.474,1,-0.215,-0.857,2.767,2,-0.259,-0.906,2.712,2,-0.134,-0.289,2.330,2,-0.088,-0.541,1.966,2,-0.125,-0.961,1.912,2,-0.042,-0.955,1.845,2,-0.186,0.181,2.199,2,-0.022,0.337,1.969,2,-0.055,0.286,1.994,2,0.323,-0.258,2.511,2,0.234,-0.233,2.469,0
2.462|kb,155506398805210000,6,25,0,0,0,0,1,72057594037935418,2,-0.212,-0.311,2.363,2,-0.202,-0.035,2.287,2,-0.190,0.233,2.198,2,-0.201,0.361,2.150,2,-0.338,0.150,2.201,2,-0.363,0.190,1.902,2,-0.107,0.275,1.930,2,-0.073,0.306,1.967,2,-0.059,0.201,2.261,2,0.081,0.021,2.457,2,0.221,-0.150,2.517,2,0.262,-0.214,2.492,2,-0.281,-0.313,2.308,1,-0.308,-0.598,2.489,1,-0.220,-0.866,2.780,2,-0.264,-0.918,2.721,2,-0.137,-0.298,2.341,2,-0.091,-0.549,1.970,2,-0.119,-0.949,1.925,2,-0.046,-0.953,1.847,2,-0.193,0.167,2.222,2,-0.026,0.333,1.994,2,-0.058,0.283,2.017,2,0.325,-0.279,2.489,2,0.236,-0.251,2.454,0
