0.000|kb,155407001356690000,6,25,1,72057594037932713,2,-0.268,-0.120,2.416,2,-0.293,0.164,2.326,2,-0.314,0.438,2.225,2,-0.376,0.603,2.194,2,-0.423,0.339,2.274,2,-0.461,0.342,2.035,2,-0.297,0.473,1.930,1,-0.272,0.510,1.949,2,-0.160,0.356,2.184,2,0.044,0.235,2.164,2,0.232,0.157,2.048,2,0.279,0.167,2.011,2,-0.330,-0.122,2.396,2,-0.402,-0.434,2.567,1,-0.363,-0.806,2.738,2,-0.416,-0.800,2.725,2,-0.198,-0.115,2.367,2,-0.167,-0.438,2.020,2,-0.105,-0.751,1.995,2,-0.139,-0.757,1.878,2,-0.309,0.371,2.252,2,-0.232,0.522,1.928,2,-0.254,0.486,1.966,2,0.336,0.181,1.957,2,0.316,0.157,2.021,0,0,0,0,0
0.768|kb,155407001356690000,6,25,1,72057594037932713,2,-0.268,-0.120,2.416,2,-0.293,0.164,2.326,2,-0.314,0.438,2.225,2,-0.376,0.603,2.194,2,-0.423,0.339,2.274,2,-0.461,0.342,2.035,2,-0.297,0.473,1.930,1,-0.272,0.510,1.949,2,-0.160,0.356,2.184,2,0.044,0.235,2.164,2,0.232,0.157,2.048,2,0.279,0.167,2.011,2,-0.330,-0.122,2.396,2,-0.402,-0.434,2.567,1,-0.363,-0.806,2.738,2,-0.416,-0.800,2.725,2,-0.198,-0.115,2.367,2,-0.167,-0.438,2.020,2,-0.105,-0.751,1.995,2,-0.139,-0.757,1.878,2,-0.309,0.371,2.252,2,-0.232,0.522,1.928,2,-0.254,0.486,1.966,2,0.336,0.181,1.957,2,0.316,0.157,2.021,0,0,0,0,0
0.807|kb,155407004654840000,6,25,1,72057594037932713,2,-0.261,-0.108,2.366,2,-0.278,0.174,2.286,2,-0.292,0.448,2.191,2,-0.349,0.610,2.151,2,-0.393,0.347,2.229,2,-0.432,0.361,1.990,2,-0.232,0.525,1.902,1,-0.209,0.541,1.908,2,-0.136,0.367,2.145,2,0.058,0.240,2.146,2,0.251,0.151,2.050,2,0.304,0.157,2.018,2,-0.325,-0.112,2.346,2,-0.402,-0.434,2.561,1,-0.365,-0.802,2.735,2,-0.413,-0.802,2.724,2,-0.189,-0.101,2.316,2,-0.168,-0.446,1.998,2,-0.106,-0.757,1.977,2,-0.139,-0.763,1.857,2,-0.289,0.381,2.218,2,-0.175,0.528,1.894,2,-0.182,0.521,1.907,2,0.363,0.178,1.969,2,0.352,0.151,2.021,0,0,0,0,0
0.836|kb,155407007961680000,6,25,1,72057594037932713,2,-0.244,-0.095,2.305,2,-0.255,0.189,2.231,2,-0.264,0.465,2.145,2,-0.325,0.628,2.109,2,-0.367,0.356,2.185,2,-0.414,0.374,1.948,2,-0.222,0.490,1.887,1,-0.191,0.523,1.881,2,-0.116,0.378,2.116,2,0.093,0.244,2.106,2,0.286,0.133,2.042,2,0.348,0.153,2.007,2,-0.316,-0.105,2.289,2,-0.401,-0.423,2.547,1,-0.366,-0.799,2.732,2,-0.410,-0.804,2.725,2,-0.165,-0.083,2.251,2,-0.177,-0.395,1.977,2,-0.111,-0.746,1.968,2,-0.139,-0.752,1.846,2,-0.262,0.397,2.168,2,-0.142,0.543,1.872,2,-0.177,0.495,1.909,2,0.410,0.152,1.973,2,0.370,0.137,2.027,0,0,0,0,0
0.868|kb,155407011354860000,6,25,1,72057594037932713,2,-0.235,-0.083,2.257,2,-0.238,0.201,2.190,2,-0.240,0.477,2.110,2,-0.300,0.642,2.075,1,-0.342,0.368,2.150,2,-0.358,0.404,1.910,2,-0.170,0.496,1.806,1,-0.146,0.551,1.848,2,-0.089,0.389,2.079,2,0.101,0.246,2.091,2,0.296,0.136,2.034,2,0.366,0.143,2.005,2,-0.311,-0.095,2.241,2,-0.402,-0.395,2.516,1,-0.374,-0.745,2.699,2,-0.392,-0.787,2.573,2,-0.152,-0.070,2.203,2,-0.177,-0.391,1.971,2,-0.110,-0.750,1.963,2,-0.138,-0.756,1.839,2,-0.240,0.409,2.132,2,-0.103,0.546,1.833,2,-0.112,0.530,1.857,2,0.432,0.141,1.973,2,0.395,0.131,2.019,0,0,0,0,0
0.899|kb,155407014654520000,6,25,1,72057594037932713,2,-0.228,-0.076,2.231,2,-0.224,0.210,2.158,2,-0.219,0.487,2.074,2,-0.278,0.656,2.045,1,-0.322,0.377,2.114,2,-0.334,0.416,1.874,2,-0.152,0.514,1.765,1,-0.115,0.556,1.812,2,-0.066,0.397,2.050,2,0.114,0.253,2.065,2,0.308,0.134,2.026,2,0.379,0.135,1.998,2,-0.304,-0.085,2.216,2,-0.399,-0.378,2.496,2,-0.372,-0.685,2.650,2,-0.386,-0.753,2.538,2,-0.143,-0.065,2.176,2,-0.178,-0.383,1.961,2,-0.108,-0.753,1.959,2,-0.133,-0.759,1.835,2,-0.221,0.419,2.097,2,-0.073,0.554,1.805,2,-0.109,0.526,1.829,2,0.448,0.129,1.972,2,0.413,0.122,2.013,0,0,0,0,0
0.931|kb,155407017961910000,6,25,1,72057594037932713,2,-0.216,-0.063,2.179,2,-0.205,0.220,2.115,2,-0.195,0.494,2.041,2,-0.256,0.665,2.016,1,-0.297,0.384,2.080,2,-0.302,0.429,1.839,2,-0.106,0.528,1.764,1,-0.084,0.560,1.784,2,-0.047,0.405,2.017,2,0.133,0.257,2.033,2,0.323,0.130,2.005,2,0.397,0.129,1.978,2,-0.294,-0.069,2.165,2,-0.406,-0.338,2.460,2,-0.384,-0.678,2.661,2,-0.431,-0.742,2.671,2,-0.131,-0.055,2.124,2,-0.179,-0.391,1.948,2,-0.107,-0.754,1.956,2,-0.133,-0.759,1.831,2,-0.198,0.427,2.062,2,-0.044,0.552,1.767,2,-0.080,0.528,1.806,2,0.465,0.119,1.960,2,0.425,0.115,1.997,0,0,0,0,0
0.964|kb,155407021355480000,6,25,1,72057594037932713,2,-0.214,-0.056,2.170,2,-0.198,0.227,2.101,2,-0.180,0.501,2.018,2,-0.240,0.674,1.996,1,-0.282,0.392,2.058,2,-0.295,0.433,1.820,2,-0.118,0.523,1.696,1,-0.075,0.563,1.742,2,-0.035,0.409,1.997,2,0.144,0.260,2.010,2,0.330,0.127,1.983,2,0.402,0.122,1.958,2,-0.289,-0.057,2.149,2,-0.411,-0.323,2.444,2,-0.397,-0.673,2.665,2,-0.454,-0.691,2.641,2,-0.130,-0.052,2.119,2,-0.180,-0.381,1.937,2,-0.107,-0.754,1.955,2,-0.132,-0.761,1.831,2,-0.185,0.434,2.041,2,-0.029,0.556,1.736,2,-0.071,0.543,1.753,2,0.472,0.110,1.960,2,0.422,0.105,1.978,0,0,0,0,0
0.989|kb,155407024656330000,6,25,1,72057594037932713,2,-0.208,-0.039,2.150,2,-0.183,0.260,2.063,2,-0.158,0.543,1.971,2,-0.219,0.690,1.966,1,-0.261,0.433,2.011,2,-0.287,0.434,1.770,2,-0.080,0.511,1.697,1,-0.057,0.554,1.721,2,-0.020,0.414,1.967,2,0.157,0.265,1.979,2,0.332,0.118,1.956,2,0.398,0.116,1.923,2,-0.286,-0.038,2.131,2,-0.418,-0.304,2.422,2,-0.401,-0.640,2.645,2,-0.471,-0.648,2.613,2,-0.124,-0.038,2.100,2,-0.180,-0.385,1.928,2,-0.109,-0.749,1.950,2,-0.131,-0.759,1.826,2,-0.164,0.474,1.996,2,-0.019,0.547,1.697,2,-0.032,0.525,1.718,2,0.477,0.099,1.937,2,0.406,0.095,1.944,0,0,0,0,0
1.036|kb,155407027972190000,6,25,1,72057594037932713,2,-0.207,-0.031,2.138,2,-0.181,0.264,2.055,2,-0.154,0.547,1.958,2,-0.205,0.694,1.949,1,-0.257,0.437,1.999,2,-0.274,0.435,1.756,2,-0.074,0.509,1.661,1,-0.050,0.548,1.689,2,-0.009,0.419,1.943,2,0.168,0.264,1.952,2,0.341,0.118,1.903,2,0.409,0.107,1.882,2,-0.284,-0.027,2.118,2,-0.445,-0.283,2.402,2,-0.450,-0.608,2.608,2,-0.513,-0.611,2.576,2,-0.123,-0.033,2.088,2,-0.177,-0.384,1.919,2,-0.108,-0.749,1.949,2,-0.133,-0.759,1.825,2,-0.161,0.477,1.985,2,-0.012,0.529,1.662,2,-0.045,0.523,1.705,2,0.477,0.092,1.864,2,0.440,0.090,1.899,0,0,0,0,0
1.067|kb,155407031355030000,6,25,1,72057594037932713,2,-0.206,-0.031,2.135,2,-0.171,0.253,2.050,2,-0.124,0.510,1.952,2,-0.184,0.687,1.937,1,-0.227,0.401,1.992,2,-0.272,0.436,1.757,2,-0.096,0.501,1.615,1,-0.054,0.536,1.654,2,0.003,0.424,1.922,2,0.179,0.260,1.926,2,0.349,0.114,1.863,2,0.413,0.099,1.834,2,-0.282,-0.027,2.115,2,-0.452,-0.181,2.334,2,-0.504,-0.511,2.534,2,-0.519,-0.542,2.400,2,-0.123,-0.033,2.086,2,-0.172,-0.360,1.906,2,-0.107,-0.747,1.948,1,-0.135,-0.760,1.824,2,-0.137,0.449,1.979,2,-0.024,0.518,1.629,2,-0.044,0.520,1.661,2,0.475,0.080,1.789,2,0.445,0.085,1.847,0,0,0,0,0
1.098|kb,155407034654850000,6,25,1,72057594037932713,2,-0.203,-0.029,2.136,2,-0.166,0.252,2.049,2,-0.122,0.510,1.951,2,-0.166,0.687,1.926,1,-0.226,0.401,1.992,2,-0.282,0.427,1.758,2,-0.116,0.481,1.600,1,-0.076,0.517,1.626,2,0.007,0.426,1.914,2,0.185,0.258,1.892,2,0.342,0.105,1.814,2,0.405,0.090,1.781,2,-0.274,-0.022,2.116,2,-0.473,-0.177,2.330,2,-0.575,-0.512,2.524,2,-0.627,-0.520,2.521,2,-0.123,-0.033,2.086,2,-0.169,-0.365,1.901,2,-0.102,-0.744,1.944,2,-0.131,-0.760,1.820,2,-0.134,0.448,1.977,2,-0.045,0.500,1.595,2,-0.064,0.502,1.634,2,0.462,0.068,1.729,2,0.436,0.074,1.785,0,0,0,0,0
1.130|kb,155407037961900000,6,25,1,72057594037932713,2,-0.201,-0.027,2.134,2,-0.149,0.262,2.039,2,-0.086,0.548,1.927,2,-0.153,0.708,1.906,1,-0.193,0.437,1.970,2,-0.296,0.417,1.752,2,-0.109,0.476,1.623,1,-0.102,0.491,1.609,2,0.022,0.435,1.887,2,0.194,0.252,1.848,2,0.342,0.095,1.760,2,0.392,0.084,1.723,2,-0.270,-0.018,2.111,2,-0.496,-0.078,2.300,2,-0.633,-0.397,2.453,2,-0.652,-0.439,2.329,2,-0.123,-0.033,2.086,1,-0.162,-0.375,1.893,2,-0.090,-0.731,1.935,2,-0.126,-0.745,1.813,2,-0.100,0.479,1.955,2,-0.084,0.481,1.592,2,-0.085,0.471,1.615,2,0.446,0.064,1.668,2,0.417,0.066,1.726,0,0,0,0,0
1.155|kb,155407041355130000,6,25,1,72057594037932713,2,-0.213,-0.007,2.151,2,-0.149,0.271,2.042,2,-0.085,0.549,1.926,2,-0.139,0.703,1.901,1,-0.193,0.438,1.969,2,-0.289,0.411,1.749,1,-0.230,0.432,1.667,2,-0.192,0.445,1.615,2,0.022,0.435,1.888,2,0.195,0.250,1.828,2,0.327,0.096,1.711,2,0.362,0.083,1.681,2,-0.279,0.015,2.130,2,-0.518,-0.070,2.296,2,-0.706,-0.363,2.431,2,-0.725,-0.413,2.311,2,-0.140,-0.024,2.104,1,-0.163,-0.375,1.890,2,-0.089,-0.729,1.934,2,-0.125,-0.744,1.813,2,-0.099,0.481,1.956,2,-0.155,0.477,1.557,2,-0.152,0.436,1.630,2,0.410,0.058,1.606,2,0.395,0.061,1.670,0,0,0,0,0
1.201|kb,155407044658550000,6,25,1,72057594037932713,2,-0.207,0.000,2.146,2,-0.142,0.279,2.041,2,-0.079,0.554,1.927,2,-0.126,0.698,1.896,2,-0.215,0.472,1.981,2,-0.298,0.404,1.740,2,-0.182,0.439,1.536,1,-0.144,0.452,1.472,2,0.043,0.441,1.864,2,0.190,0.250,1.793,2,0.303,0.097,1.656,2,0.350,0.079,1.592,2,-0.267,0.023,2.126,2,-0.555,-0.033,2.261,2,-0.761,-0.317,2.387,2,-0.786,-0.366,2.270,2,-0.138,-0.019,2.097,1,-0.145,-0.384,1.873,2,-0.091,-0.707,1.926,2,-0.135,-0.718,1.806,2,-0.094,0.486,1.956,1,-0.108,0.483,1.414,1,-0.105,0.442,1.487,2,0.393,0.055,1.538,2,0.348,0.058,1.609,0,0,0,0,0
1.232|kb,155407047961710000,6,25,1,72057594037932713,2,-0.196,0.021,2.124,2,-0.131,0.290,2.033,2,-0.067,0.557,1.926,2,-0.116,0.697,1.893,2,-0.217,0.485,1.990,2,-0.355,0.383,1.821,1,-0.309,0.402,1.688,2,-0.297,0.418,1.628,2,0.046,0.439,1.861,2,0.183,0.262,1.771,2,0.270,0.114,1.608,2,0.312,0.088,1.535,2,-0.257,0.039,2.116,2,-0.567,-0.001,2.229,2,-0.841,-0.282,2.341,2,-0.886,-0.277,2.330,2,-0.129,0.004,2.058,2,-0.147,-0.303,1.890,2,-0.078,-0.704,1.942,2,-0.124,-0.711,1.822,2,-0.083,0.491,1.954,2,-0.273,0.440,1.546,2,-0.244,0.417,1.631,2,0.351,0.060,1.468,2,0.306,0.065,1.553,0,0,0,0,0
1.264|kb,155407051354720000,6,25,1,72057594037932713,2,-0.194,0.022,2.125,2,-0.125,0.292,2.032,2,-0.055,0.557,1.925,2,-0.099,0.695,1.890,2,-0.217,0.488,1.994,2,-0.396,0.375,1.886,1,-0.339,0.421,1.661,2,-0.345,0.428,1.633,2,0.056,0.434,1.855,2,0.181,0.259,1.751,2,0.234,0.125,1.562,2,0.266,0.104,1.481,2,-0.252,0.043,2.116,2,-0.578,0.032,2.192,2,-0.896,-0.211,2.287,2,-0.894,-0.238,2.164,2,-0.128,0.004,2.060,1,-0.139,-0.303,1.889,2,-0.083,-0.699,1.934,2,-0.130,-0.707,1.814,2,-0.073,0.492,1.953,2,-0.347,0.435,1.573,2,-0.302,0.424,1.617,2,0.307,0.082,1.404,2,0.250,0.072,1.525,0,0,0,0,0
1.289|kb,155407054657240000,6,25,1,72057594037932713,2,-0.195,0.024,2.122,2,-0.121,0.294,2.030,2,-0.042,0.556,1.923,2,-0.086,0.693,1.889,2,-0.214,0.491,2.005,2,-0.419,0.392,1.953,2,-0.394,0.414,1.718,2,-0.411,0.420,1.695,2,0.067,0.430,1.848,2,0.165,0.253,1.718,2,0.193,0.135,1.487,2,0.216,0.125,1.435,2,-0.251,0.047,2.112,2,-0.569,0.075,2.149,2,-0.918,-0.142,2.227,2,-0.911,-0.169,2.105,2,-0.131,0.004,2.059,1,-0.155,-0.306,1.892,2,-0.079,-0.615,1.920,2,-0.129,-0.632,1.802,2,-0.062,0.492,1.952,2,-0.397,0.438,1.625,2,-0.364,0.419,1.692,2,0.250,0.106,1.346,2,0.210,0.088,1.465,0,0,0,0,0
1.335|kb,155407057968740000,6,25,1,72057594037932713,2,-0.152,0.016,2.066,2,-0.088,0.290,2.002,2,-0.031,0.554,1.922,2,-0.075,0.690,1.888,2,-0.208,0.491,2.015,2,-0.419,0.398,1.999,2,-0.449,0.428,1.766,2,-0.463,0.433,1.745,2,0.073,0.427,1.845,2,0.194,0.273,1.706,2,0.148,0.144,1.445,2,0.161,0.150,1.400,2,-0.214,0.034,2.060,2,-0.556,0.101,2.115,2,-0.947,-0.110,2.174,2,-0.979,-0.071,2.127,2,-0.085,-0.003,2.003,1,-0.065,-0.323,1.867,2,-0.077,-0.686,1.930,2,-0.124,-0.728,1.816,2,-0.047,0.490,1.947,2,-0.464,0.452,1.681,2,-0.414,0.432,1.722,2,0.193,0.139,1.321,2,0.162,0.109,1.424,0,0,0,0,0
1.366|kb,155407061354820000,6,25,1,72057594037932713,2,-0.170,0.017,2.052,2,-0.089,0.289,1.999,2,-0.023,0.552,1.923,2,-0.069,0.689,1.889,2,-0.197,0.489,2.029,2,-0.411,0.406,2.030,2,-0.556,0.432,1.848,2,-0.507,0.451,1.813,2,0.076,0.426,1.844,1,0.216,0.283,1.712,2,0.111,0.180,1.430,2,0.106,0.184,1.383,2,-0.223,0.035,2.055,2,-0.574,0.062,2.079,2,-0.986,-0.008,2.082,2,-0.958,-0.044,1.970,2,-0.114,-0.002,1.975,2,-0.149,-0.353,1.889,2,-0.062,-0.739,1.965,2,-0.086,-0.779,1.967,2,-0.042,0.488,1.945,2,-0.516,0.476,1.752,2,-0.462,0.448,1.786,2,0.140,0.175,1.310,2,0.116,0.137,1.403,0,0,0,0,0
1.397|kb,155407064654900000,6,25,1,72057594037932713,2,-0.175,0.017,2.041,2,-0.090,0.287,1.993,2,-0.016,0.548,1.923,2,-0.058,0.684,1.890,2,-0.191,0.487,2.044,2,-0.397,0.420,2.101,2,-0.520,0.460,1.905,2,-0.537,0.472,1.884,2,0.092,0.436,1.843,2,0.153,0.290,1.660,2,0.085,0.197,1.432,2,0.057,0.219,1.382,2,-0.229,0.034,2.044,2,-0.569,0.082,2.041,2,-0.989,0.057,2.006,2,-0.964,0.010,1.900,2,-0.116,-0.001,1.967,2,-0.148,-0.352,1.888,2,-0.055,-0.761,1.971,2,-0.086,-0.774,1.953,2,-0.036,0.485,1.943,2,-0.563,0.494,1.818,2,-0.500,0.483,1.840,2,0.047,0.239,1.327,2,0.083,0.216,1.325,0,0,0,0,0
1.422|kb,155407067962040000,6,25,1,72057594037932713,2,-0.177,0.014,2.029,2,-0.089,0.285,1.987,2,-0.010,0.545,1.924,2,-0.052,0.682,1.895,2,-0.186,0.483,2.064,2,-0.374,0.407,2.153,2,-0.529,0.469,1.989,2,-0.550,0.488,1.969,2,0.096,0.439,1.844,2,0.141,0.289,1.659,2,0.044,0.222,1.453,2,0.005,0.262,1.390,2,-0.230,0.030,2.034,2,-0.595,0.106,1.995,2,-0.992,0.113,1.931,2,-0.972,0.058,1.833,2,-0.117,-0.003,1.955,2,-0.147,-0.352,1.885,2,-0.051,-0.768,1.972,2,-0.086,-0.775,1.951,2,-0.031,0.482,1.942,2,-0.583,0.521,1.896,2,-0.520,0.490,1.927,2,-0.012,0.290,1.334,2,0.029,0.259,1.331,0,0,0,0,0
1.468|kb,155407071357280000,6,25,1,72057594037932713,2,-0.184,-0.008,2.011,2,-0.089,0.275,1.976,2,-0.004,0.543,1.921,2,-0.047,0.679,1.897,2,-0.196,0.473,2.102,2,-0.409,0.426,2.155,2,-0.502,0.483,2.069,2,-0.558,0.510,2.032,2,0.098,0.438,1.843,2,0.105,0.290,1.651,2,0.000,0.250,1.442,2,-0.041,0.306,1.405,2,-0.243,0.001,1.992,2,-0.595,0.131,1.953,2,-0.998,0.207,1.854,2,-0.990,0.143,1.764,2,-0.120,-0.019,1.951,2,-0.143,-0.379,1.875,2,-0.047,-0.773,1.974,2,-0.086,-0.775,1.950,2,-0.026,0.478,1.937,2,-0.596,0.547,1.976,2,-0.532,0.517,1.983,2,-0.068,0.332,1.338,2,-0.017,0.293,1.350,0,0,0,0,0
1.499|kb,155407074654920000,6,25,1,72057594037932713,2,-0.188,-0.004,2.005,2,-0.091,0.275,1.972,2,-0.004,0.542,1.920,2,-0.041,0.677,1.900,1,-0.198,0.473,2.104,2,-0.396,0.435,2.193,2,-0.590,0.517,2.097,1,-0.600,0.566,2.082,2,0.103,0.437,1.845,2,0.096,0.289,1.653,2,-0.050,0.307,1.467,2,-0.080,0.345,1.431,2,-0.246,0.010,1.985,2,-0.576,0.146,1.916,2,-0.958,0.202,1.783,1,-0.917,0.133,1.706,2,-0.124,-0.018,1.950,2,-0.146,-0.364,1.871,2,-0.046,-0.775,1.975,2,-0.085,-0.776,1.948,2,-0.025,0.477,1.937,2,-0.605,0.563,2.052,2,-0.595,0.560,2.036,2,-0.108,0.382,1.362,2,-0.056,0.325,1.373,0,0,0,0,0
1.524|kb,155407077962270000,6,25,1,72057594037932713,2,-0.187,-0.001,1.994,2,-0.094,0.277,1.968,2,-0.007,0.543,1.922,2,-0.039,0.674,1.904,1,-0.201,0.474,2.105,2,-0.348,0.418,2.254,2,-0.549,0.496,2.175,2,-0.574,0.566,2.176,2,0.097,0.434,1.847,2,0.081,0.279,1.661,2,-0.065,0.331,1.484,2,-0.116,0.392,1.450,2,-0.245,0.011,1.984,2,-0.574,0.160,1.867,1,-0.943,0.216,1.741,2,-0.924,0.270,1.670,2,-0.125,-0.014,1.926,2,-0.153,-0.353,1.870,2,-0.047,-0.771,1.974,2,-0.103,-0.771,1.948,2,-0.028,0.478,1.936,2,-0.602,0.579,2.145,2,-0.539,0.542,2.130,2,-0.145,0.436,1.409,2,-0.089,0.387,1.388,0,0,0,0,0
1.570|kb,155407081356400000,6,25,1,72057594037932713,2,-0.193,-0.016,1.978,2,-0.096,0.270,1.964,2,-0.006,0.540,1.925,2,-0.037,0.671,1.909,1,-0.199,0.469,2.110,2,-0.334,0.420,2.269,2,-0.544,0.503,2.248,2,-0.562,0.576,2.242,2,0.104,0.427,1.850,2,0.064,0.283,1.659,2,-0.100,0.372,1.516,2,-0.139,0.416,1.480,2,-0.252,-0.001,1.960,2,-0.563,0.162,1.831,1,-0.931,0.217,1.701,2,-0.881,0.277,1.612,2,-0.127,-0.028,1.922,2,-0.159,-0.361,1.868,2,-0.052,-0.775,1.971,2,-0.102,-0.779,1.949,2,-0.028,0.475,1.938,2,-0.589,0.586,2.219,2,-0.526,0.556,2.192,2,-0.177,0.473,1.444,2,-0.124,0.433,1.421,0,0,0,0,0
1.602|kb,155407084655280000,6,25,1,72057594037932713,2,-0.195,-0.018,1.974,2,-0.096,0.268,1.962,2,-0.005,0.539,1.928,2,-0.038,0.669,1.914,1,-0.198,0.468,2.113,2,-0.313,0.430,2.288,2,-0.508,0.542,2.297,1,-0.543,0.580,2.310,2,0.106,0.417,1.854,2,0.027,0.307,1.652,2,-0.140,0.415,1.529,2,-0.164,0.452,1.512,2,-0.253,-0.002,1.957,2,-0.555,0.165,1.787,1,-0.912,0.215,1.667,2,-0.856,0.252,1.547,2,-0.131,-0.033,1.919,2,-0.163,-0.365,1.867,2,-0.055,-0.778,1.970,2,-0.097,-0.785,1.953,2,-0.027,0.474,1.938,2,-0.571,0.597,2.299,2,-0.547,0.589,2.272,2,-0.210,0.512,1.497,2,-0.158,0.473,1.460,0,0,0,0,0
1.632|kb,155407087962030000,6,25,1,72057594037932713,2,-0.199,-0.020,1.966,2,-0.099,0.266,1.957,2,-0.005,0.539,1.928,2,-0.040,0.669,1.916,1,-0.198,0.468,2.113,1,-0.313,0.430,2.288,2,-0.502,0.484,2.388,2,-0.516,0.575,2.370,2,0.104,0.409,1.857,2,-0.018,0.318,1.646,2,-0.173,0.463,1.552,2,-0.190,0.491,1.543,2,-0.256,-0.003,1.949,2,-0.536,0.159,1.752,1,-0.871,0.203,1.638,2,-0.824,0.219,1.499,2,-0.135,-0.036,1.912,2,-0.165,-0.369,1.867,2,-0.057,-0.780,1.969,2,-0.095,-0.789,1.953,2,-0.027,0.474,1.938,2,-0.540,0.575,2.371,2,-0.487,0.572,2.329,2,-0.235,0.549,1.542,2,-0.184,0.515,1.496,0,0,0,0,0
1.664|kb,155407091354870000,6,25,1,72057594037932713,2,-0.200,-0.022,1.960,2,-0.103,0.266,1.953,2,-0.010,0.541,1.927,2,-0.045,0.673,1.918,1,-0.199,0.469,2.112,1,-0.317,0.433,2.286,2,-0.456,0.466,2.449,2,-0.491,0.560,2.431,2,0.095,0.411,1.857,2,-0.017,0.337,1.655,2,-0.185,0.480,1.584,2,-0.191,0.485,1.578,2,-0.258,-0.006,1.940,2,-0.520,0.150,1.724,1,-0.847,0.191,1.615,1,-0.811,0.212,1.473,2,-0.135,-0.037,1.909,2,-0.168,-0.370,1.866,2,-0.070,-0.734,1.957,2,-0.133,-0.753,1.844,2,-0.032,0.475,1.937,2,-0.506,0.551,2.462,2,-0.484,0.561,2.391,2,-0.253,0.568,1.583,2,-0.198,0.539,1.542,0,0,0,0,0
1.690|kb,155407094655600000,6,25,1,72057594037932713,2,-0.209,-0.024,1.951,2,-0.109,0.266,1.948,2,-0.014,0.542,1.927,2,-0.051,0.675,1.919,1,-0.200,0.470,2.112,1,-0.319,0.434,2.285,2,-0.419,0.447,2.475,2,-0.435,0.505,2.456,2,0.091,0.412,1.857,2,-0.024,0.340,1.655,2,-0.191,0.490,1.606,2,-0.215,0.517,1.609,2,-0.264,-0.009,1.931,2,-0.486,0.149,1.704,1,-0.804,0.186,1.598,1,-0.770,0.207,1.455,2,-0.146,-0.039,1.901,2,-0.162,-0.395,1.858,2,-0.067,-0.725,1.960,2,-0.093,-0.784,1.946,2,-0.037,0.476,1.935,2,-0.477,0.530,2.511,2,-0.433,0.536,2.442,2,-0.263,0.586,1.624,2,-0.217,0.563,1.577,0,0,0,0,0
1.734|kb,155407097964400000,6,25,1,72057594037932713,2,-0.209,-0.027,1.946,2,-0.112,0.265,1.945,2,-0.018,0.543,1.927,2,-0.058,0.676,1.922,1,-0.200,0.470,2.111,2,-0.270,0.387,2.382,1,-0.420,0.470,2.518,2,-0.431,0.511,2.528,2,0.083,0.410,1.857,2,-0.036,0.344,1.657,2,-0.208,0.491,1.631,2,-0.223,0.519,1.637,2,-0.265,-0.011,1.924,2,-0.471,0.145,1.679,1,-0.788,0.179,1.578,1,-0.754,0.201,1.435,2,-0.146,-0.041,1.898,2,-0.162,-0.395,1.858,2,-0.066,-0.732,1.961,2,-0.093,-0.785,1.947,2,-0.041,0.476,1.934,2,-0.449,0.498,2.559,2,-0.410,0.516,2.478,2,-0.270,0.597,1.654,2,-0.230,0.571,1.611,0,0,0,0,0
1.764|kb,155407101355150000,6,25,1,72057594037932713,2,-0.210,-0.028,1.943,2,-0.116,0.263,1.943,2,-0.028,0.541,1.928,2,-0.069,0.674,1.925,1,-0.204,0.468,2.111,1,-0.273,0.385,2.382,2,-0.387,0.419,2.562,2,-0.405,0.469,2.571,2,0.074,0.399,1.863,2,-0.056,0.355,1.664,2,-0.220,0.511,1.667,2,-0.229,0.518,1.661,2,-0.265,-0.011,1.923,2,-0.444,0.132,1.647,1,-0.768,0.170,1.540,1,-0.732,0.191,1.397,2,-0.148,-0.043,1.892,2,-0.162,-0.395,1.857,2,-0.065,-0.740,1.963,2,-0.094,-0.787,1.943,2,-0.049,0.473,1.934,2,-0.415,0.464,2.580,2,-0.399,0.466,2.543,2,-0.278,0.600,1.681,2,-0.217,0.553,1.670,0,0,0,0,0
1.790|kb,155407104654890000,6,25,1,72057594037932713,2,-0.211,-0.027,1.939,2,-0.118,0.264,1.940,2,-0.031,0.542,1.927,2,-0.083,0.672,1.926,1,-0.204,0.469,2.110,1,-0.273,0.385,2.381,2,-0.335,0.352,2.585,1,-0.375,0.404,2.598,2,0.070,0.403,1.861,2,-0.061,0.353,1.664,2,-0.222,0.511,1.675,2,-0.256,0.560,1.695,2,-0.265,-0.011,1.921,2,-0.425,0.121,1.623,1,-0.755,0.161,1.513,1,-0.716,0.183,1.371,2,-0.149,-0.042,1.886,2,-0.162,-0.394,1.853,2,-0.067,-0.746,1.963,1,-0.098,-0.789,1.938,2,-0.052,0.474,1.933,1,-0.385,0.400,2.607,1,-0.372,0.400,2.576,2,-0.291,0.603,1.722,2,-0.223,0.569,1.710,0,0,0,0,0
1.835|kb,155407107963050000,6,25,1,72057594037932713,2,-0.211,-0.025,1.935,2,-0.121,0.265,1.938,2,-0.035,0.544,1.927,2,-0.097,0.670,1.928,1,-0.204,0.469,2.110,1,-0.273,0.385,2.381,2,-0.315,0.330,2.586,1,-0.318,0.361,2.593,2,0.067,0.406,1.861,2,-0.068,0.354,1.667,2,-0.227,0.511,1.696,2,-0.262,0.556,1.715,2,-0.266,-0.009,1.919,2,-0.410,0.109,1.603,1,-0.743,0.150,1.491,1,-0.701,0.171,1.350,2,-0.148,-0.040,1.881,2,-0.162,-0.395,1.850,2,-0.069,-0.764,1.966,2,-0.101,-0.800,1.941,2,-0.056,0.476,1.932,2,-0.337,0.352,2.578,1,-0.315,0.358,2.571,2,-0.302,0.606,1.750,2,-0.233,0.575,1.725,0,0,0,0,0
1.866|kb,155407111354950000,6,25,1,72057594037932713,2,-0.207,-0.026,1.930,2,-0.127,0.264,1.935,2,-0.065,0.541,1.927,2,-0.110,0.675,1.928,1,-0.221,0.467,2.109,1,-0.288,0.383,2.380,1,-0.330,0.325,2.584,1,-0.344,0.306,2.656,2,0.054,0.402,1.865,2,-0.079,0.359,1.668,2,-0.253,0.494,1.711,2,-0.273,0.562,1.736,2,-0.264,-0.011,1.915,2,-0.396,0.100,1.591,1,-0.732,0.141,1.478,1,-0.688,0.162,1.338,2,-0.143,-0.040,1.874,2,-0.162,-0.393,1.846,2,-0.071,-0.761,1.961,1,-0.106,-0.793,1.933,2,-0.079,0.473,1.931,1,-0.364,0.297,2.641,1,-0.342,0.303,2.633,2,-0.313,0.611,1.770,2,-0.241,0.564,1.760,0,0,0,0,0
1.897|kb,155407114655250000,6,25,1,72057594037932713,2,-0.198,-0.027,1.926,2,-0.126,0.264,1.934,2,-0.063,0.543,1.927,2,-0.125,0.671,1.931,1,-0.216,0.469,2.108,1,-0.283,0.385,2.380,1,-0.325,0.326,2.583,1,-0.339,0.307,2.655,2,0.053,0.407,1.864,2,-0.095,0.363,1.678,2,-0.266,0.504,1.717,2,-0.283,0.565,1.753,2,-0.251,-0.014,1.911,2,-0.382,0.084,1.567,1,-0.671,0.120,1.468,2,-0.603,0.126,1.327,2,-0.137,-0.040,1.871,2,-0.160,-0.389,1.841,2,-0.071,-0.765,1.963,2,-0.110,-0.788,1.948,2,-0.077,0.475,1.930,1,-0.358,0.298,2.640,1,-0.339,0.304,2.633,2,-0.320,0.609,1.783,2,-0.251,0.561,1.770,0,0,0,0,0
1.922|kb,155407117962040000,6,25,1,72057594037932713,2,-0.188,-0.029,1.925,2,-0.126,0.264,1.934,2,-0.066,0.544,1.928,2,-0.137,0.667,1.935,1,-0.216,0.469,2.108,1,-0.283,0.385,2.380,1,-0.324,0.326,2.583,1,-0.338,0.307,2.655,2,0.052,0.410,1.863,2,-0.105,0.365,1.685,2,-0.274,0.506,1.727,2,-0.291,0.563,1.768,2,-0.240,-0.019,1.911,2,-0.373,0.072,1.552,1,-0.638,0.104,1.461,2,-0.591,0.097,1.315,2,-0.129,-0.039,1.870,2,-0.159,-0.386,1.836,2,-0.102,-0.720,1.940,1,-0.164,-0.744,1.829,2,-0.079,0.475,1.931,1,-0.357,0.298,2.640,1,-0.338,0.304,2.633,2,-0.327,0.613,1.797,2,-0.260,0.564,1.784,0,0,0,0,0
1.967|kb,155407121357230000,6,25,1,72057594037932713,2,-0.182,-0.030,1.925,2,-0.125,0.264,1.934,2,-0.070,0.544,1.929,2,-0.148,0.664,1.936,1,-0.214,0.470,2.108,1,-0.281,0.385,2.380,1,-0.322,0.326,2.583,1,-0.336,0.307,2.655,2,0.044,0.410,1.865,2,-0.126,0.375,1.698,2,-0.294,0.519,1.736,2,-0.302,0.565,1.779,2,-0.234,-0.021,1.911,2,-0.364,0.058,1.542,1,-0.613,0.088,1.455,2,-0.582,0.059,1.309,2,-0.123,-0.039,1.870,2,-0.157,-0.383,1.834,2,-0.122,-0.719,1.936,1,-0.183,-0.756,1.830,2,-0.082,0.475,1.932,1,-0.356,0.298,2.640,1,-0.335,0.304,2.633,2,-0.332,0.617,1.802,2,-0.277,0.569,1.776,0,0,0,0,0
1.999|kb,155407124655650000,6,25,1,72057594037932713,2,-0.181,-0.029,1.926,2,-0.133,0.264,1.935,2,-0.111,0.541,1.935,2,-0.162,0.672,1.933,1,-0.230,0.468,2.110,1,-0.297,0.384,2.382,1,-0.337,0.324,2.585,1,-0.351,0.305,2.657,2,0.018,0.408,1.869,2,-0.139,0.374,1.690,2,-0.298,0.516,1.752,2,-0.311,0.562,1.794,2,-0.234,-0.021,1.912,2,-0.354,0.042,1.527,1,-0.596,0.071,1.443,1,-0.573,0.046,1.293,2,-0.121,-0.038,1.870,2,-0.153,-0.381,1.833,2,-0.120,-0.715,1.939,1,-0.182,-0.758,1.837,2,-0.115,0.474,1.937,1,-0.371,0.296,2.642,1,-0.347,0.302,2.635,2,-0.342,0.604,1.816,2,-0.280,0.542,1.805,0,0,0,0,0
2.031|kb,155407127961760000,6,25,1,72057594037932713,2,-0.174,-0.031,1.928,2,-0.136,0.263,1.936,2,-0.114,0.541,1.935,2,-0.172,0.670,1.935,1,-0.238,0.467,2.112,1,-0.305,0.383,2.383,1,-0.345,0.323,2.587,1,-0.359,0.303,2.659,2,0.012,0.404,1.873,2,-0.141,0.372,1.689,2,-0.301,0.498,1.774,2,-0.310,0.523,1.785,2,-0.229,-0.023,1.914,2,-0.345,0.031,1.527,1,-0.583,0.059,1.445,2,-0.551,0.038,1.303,2,-0.112,-0.038,1.871,2,-0.147,-0.378,1.831,2,-0.120,-0.713,1.942,1,-0.182,-0.760,1.840,2,-0.119,0.473,1.938,1,-0.378,0.295,2.643,1,-0.356,0.301,2.636,2,-0.347,0.589,1.823,2,-0.287,0.521,1.808,0,0,0,0,0
2.057|kb,155407131356010000,6,25,1,72057594037932713,2,-0.170,-0.033,1.930,2,-0.137,0.262,1.938,2,-0.117,0.541,1.937,2,-0.186,0.663,1.935,1,-0.242,0.467,2.114,1,-0.309,0.383,2.385,1,-0.349,0.323,2.589,1,-0.363,0.303,2.660,2,0.009,0.404,1.874,2,-0.142,0.369,1.690,2,-0.319,0.506,1.790,2,-0.319,0.540,1.808,2,-0.226,-0.024,1.916,2,-0.331,0.024,1.539,1,-0.569,0.051,1.458,1,-0.539,0.033,1.312,2,-0.106,-0.040,1.875,2,-0.139,-0.377,1.828,2,-0.124,-0.711,1.945,1,-0.186,-0.760,1.845,2,-0.121,0.473,1.939,1,-0.382,0.294,2.645,1,-0.360,0.301,2.638,2,-0.342,0.600,1.827,2,-0.289,0.535,1.835,0,0,0,0,0
2.104|kb,155407134660450000,6,25,1,72057594037932713,2,-0.169,-0.031,1.935,2,-0.140,0.262,1.941,2,-0.119,0.541,1.937,2,-0.191,0.661,1.937,1,-0.245,0.467,2.114,1,-0.312,0.383,2.386,1,-0.352,0.323,2.590,1,-0.366,0.303,2.661,2,0.006,0.404,1.876,2,-0.150,0.369,1.695,2,-0.312,0.488,1.787,2,-0.319,0.517,1.801,2,-0.228,-0.022,1.924,2,-0.326,0.020,1.542,1,-0.565,0.048,1.461,2,-0.535,0.036,1.313,2,-0.105,-0.039,1.877,2,-0.132,-0.379,1.828,2,-0.122,-0.698,1.928,1,-0.183,-0.748,1.828,2,-0.124,0.473,1.940,1,-0.385,0.294,2.646,1,-0.363,0.301,2.639,2,-0.347,0.589,1.833,2,-0.296,0.516,1.820,0,0,0,0,0
2.134|kb,155407137962420000,6,25,1,72057594037932713,2,-0.168,-0.030,1.940,2,-0.142,0.262,1.945,2,-0.121,0.542,1.939,2,-0.193,0.662,1.937,1,-0.247,0.468,2.116,1,-0.314,0.383,2.388,1,-0.354,0.323,2.591,1,-0.368,0.304,2.663,2,0.003,0.405,1.878,2,-0.152,0.366,1.697,2,-0.319,0.479,1.789,2,-0.327,0.541,1.827,2,-0.227,-0.021,1.929,2,-0.323,0.017,1.543,1,-0.565,0.045,1.462,1,-0.533,0.034,1.313,2,-0.103,-0.038,1.882,2,-0.123,-0.373,1.830,2,-0.121,-0.699,1.929,1,-0.183,-0.748,1.828,2,-0.126,0.473,1.943,1,-0.387,0.295,2.648,1,-0.365,0.301,2.641,2,-0.356,0.591,1.849,2,-0.302,0.559,1.832,0,0,0,0,0
2.166|kb,155407141354790000,6,25,1,72057594037932713,2,-0.164,-0.031,1.941,2,-0.142,0.262,1.945,2,-0.122,0.542,1.940,2,-0.194,0.661,1.938,1,-0.248,0.468,2.117,1,-0.315,0.383,2.388,1,-0.355,0.323,2.592,1,-0.369,0.304,2.664,2,0.002,0.405,1.878,2,-0.152,0.365,1.697,2,-0.319,0.478,1.789,1,-0.325,0.540,1.830,2,-0.222,-0.025,1.930,2,-0.320,0.014,1.544,1,-0.565,0.043,1.461,1,-0.531,0.032,1.313,2,-0.100,-0.038,1.884,2,-0.117,-0.371,1.830,2,-0.116,-0.701,1.927,1,-0.179,-0.747,1.825,2,-0.127,0.473,1.943,1,-0.388,0.295,2.649,1,-0.366,0.301,2.641,2,-0.327,0.585,1.846,2,-0.300,0.534,1.827,0,0,0,0,0
2.197|kb,155407144656540000,6,25,1,72057594037932713,2,-0.165,-0.032,1.943,2,-0.142,0.262,1.947,2,-0.122,0.542,1.940,2,-0.194,0.662,1.938,1,-0.248,0.468,2.117,1,-0.315,0.384,2.389,1,-0.355,0.324,2.593,1,-0.369,0.304,2.664,2,0.002,0.405,1.879,2,-0.155,0.367,1.700,2,-0.322,0.480,1.791,1,-0.323,0.540,1.834,2,-0.222,-0.026,1.932,2,-0.319,0.011,1.543,1,-0.566,0.041,1.460,1,-0.530,0.030,1.312,2,-0.100,-0.037,1.885,2,-0.114,-0.371,1.830,2,-0.109,-0.704,1.925,1,-0.172,-0.746,1.822,2,-0.127,0.474,1.944,1,-0.388,0.295,2.649,1,-0.365,0.302,2.641,2,-0.325,0.588,1.854,2,-0.299,0.528,1.824,0,0,0,0,0
2.222|kb,155407147962050000,6,25,1,72057594037932713,2,-0.163,-0.034,1.944,2,-0.142,0.261,1.947,2,-0.122,0.542,1.940,2,-0.194,0.662,1.938,1,-0.248,0.468,2.117,1,-0.315,0.384,2.389,1,-0.355,0.324,2.593,1,-0.369,0.304,2.664,2,0.002,0.405,1.880,2,-0.153,0.366,1.699,2,-0.320,0.478,1.791,1,-0.319,0.539,1.835,2,-0.221,-0.030,1.932,2,-0.319,0.007,1.542,1,-0.568,0.038,1.459,1,-0.530,0.027,1.311,2,-0.099,-0.039,1.887,2,-0.113,-0.372,1.829,2,-0.107,-0.707,1.923,1,-0.169,-0.746,1.820,2,-0.127,0.474,1.944,1,-0.388,0.295,2.649,1,-0.364,0.302,2.641,2,-0.323,0.586,1.851,2,-0.299,0.540,1.826,0,0,0,0,0
2.268|kb,155407151358480000,6,25,1,72057594037932713,2,-0.162,-0.037,1.944,2,-0.141,0.260,1.947,2,-0.121,0.542,1.940,2,-0.194,0.661,1.938,1,-0.248,0.468,2.117,1,-0.314,0.384,2.389,1,-0.355,0.324,2.592,1,-0.368,0.304,2.664,2,0.003,0.403,1.881,2,-0.151,0.366,1.699,2,-0.317,0.478,1.792,1,-0.313,0.540,1.837,2,-0.218,-0.034,1.932,2,-0.321,-0.004,1.537,1,-0.571,0.027,1.453,2,-0.534,-0.001,1.308,2,-0.099,-0.039,1.887,2,-0.112,-0.373,1.829,2,-0.106,-0.708,1.921,1,-0.168,-0.745,1.816,2,-0.126,0.474,1.944,1,-0.388,0.295,2.649,1,-0.363,0.302,2.641,2,-0.320,0.586,1.851,2,-0.296,0.543,1.826,0,0,0,0,0
2.298|kb,155407154655010000,6,25,1,72057594037932713,2,-0.166,-0.037,1.946,2,-0.141,0.260,1.947,2,-0.119,0.542,1.939,2,-0.192,0.661,1.936,1,-0.246,0.468,2.116,1,-0.313,0.383,2.387,1,-0.353,0.323,2.591,1,-0.367,0.304,2.662,2,0.005,0.402,1.882,2,-0.148,0.365,1.699,2,-0.313,0.477,1.794,1,-0.309,0.538,1.839,2,-0.223,-0.034,1.933,2,-0.323,-0.008,1.533,1,-0.576,0.023,1.448,2,-0.538,-0.016,1.308,2,-0.102,-0.040,1.889,2,-0.112,-0.374,1.829,2,-0.105,-0.710,1.921,1,-0.167,-0.745,1.815,2,-0.125,0.473,1.943,1,-0.386,0.295,2.647,1,-0.361,0.301,2.640,2,-0.308,0.587,1.859,2,-0.294,0.525,1.816,0,0,0,0,0
2.324|kb,155407157962070000,6,25,1,72057594037932713,2,-0.167,-0.038,1.948,2,-0.141,0.260,1.947,2,-0.116,0.541,1.936,2,-0.188,0.660,1.932,1,-0.242,0.467,2.113,1,-0.309,0.383,2.385,1,-0.349,0.323,2.588,1,-0.363,0.303,2.660,2,0.006,0.400,1.883,2,-0.145,0.365,1.698,2,-0.302,0.479,1.803,1,-0.294,0.532,1.842,2,-0.225,-0.034,1.935,2,-0.325,-0.009,1.531,1,-0.580,0.022,1.446,2,-0.539,-0.017,1.306,2,-0.103,-0.042,1.892,2,-0.112,-0.375,1.829,2,-0.105,-0.712,1.921,1,-0.167,-0.745,1.815,2,-0.123,0.472,1.942,1,-0.382,0.294,2.645,1,-0.360,0.301,2.639,2,-0.299,0.572,1.852,2,-0.271,0.532,1.839,0,0,0,0,0
2.369|kb,155407161360510000,6,25,1,72057594037932713,2,-0.169,-0.040,1.950,2,-0.141,0.258,1.947,2,-0.112,0.539,1.933,2,-0.183,0.658,1.929,1,-0.239,0.465,2.110,1,-0.306,0.381,2.382,1,-0.346,0.320,2.585,1,-0.360,0.301,2.657,2,0.009,0.399,1.883,2,-0.137,0.364,1.693,2,-0.296,0.475,1.798,1,-0.288,0.527,1.843,2,-0.227,-0.035,1.936,2,-0.340,-0.018,1.509,1,-0.591,0.012,1.423,1,-0.546,-0.026,1.290,2,-0.105,-0.044,1.894,2,-0.112,-0.378,1.830,2,-0.105,-0.713,1.922,1,-0.166,-0.745,1.815,2,-0.120,0.470,1.939,1,-0.379,0.292,2.642,1,-0.358,0.300,2.636,2,-0.289,0.566,1.853,2,-0.268,0.529,1.838,0,0,0,0,0
2.400|kb,155407164655630000,6,25,1,72057594037932713,2,-0.170,-0.043,1.953,2,-0.140,0.255,1.947,2,-0.109,0.536,1.929,2,-0.178,0.656,1.924,1,-0.235,0.462,2.106,1,-0.302,0.378,2.377,1,-0.342,0.317,2.581,1,-0.356,0.298,2.652,2,0.011,0.397,1.883,2,-0.137,0.365,1.695,2,-0.295,0.478,1.799,1,-0.285,0.526,1.843,2,-0.228,-0.038,1.939,2,-0.339,-0.011,1.525,1,-0.590,0.020,1.439,1,-0.548,-0.025,1.307,2,-0.106,-0.048,1.898,2,-0.112,-0.381,1.830,2,-0.107,-0.719,1.925,1,-0.167,-0.750,1.818,2,-0.117,0.467,1.936,1,-0.375,0.289,2.637,1,-0.353,0.295,2.630,2,-0.290,0.566,1.856,2,-0.265,0.524,1.836,0,0,0,0,0
2.431|kb,155407167962550000,6,25,1,72057594037932713,2,-0.172,-0.044,1.955,2,-0.140,0.253,1.947,2,-0.105,0.534,1.926,2,-0.173,0.652,1.916,1,-0.232,0.460,2.103,1,-0.299,0.375,2.374,1,-0.339,0.315,2.578,1,-0.353,0.296,2.649,2,0.014,0.395,1.882,2,-0.129,0.359,1.690,2,-0.286,0.473,1.794,1,-0.282,0.520,1.838,2,-0.231,-0.038,1.940,2,-0.342,-0.007,1.526,1,-0.594,0.023,1.441,1,-0.552,-0.035,1.318,2,-0.108,-0.050,1.901,2,-0.112,-0.383,1.830,2,-0.107,-0.720,1.927,1,-0.167,-0.751,1.819,2,-0.115,0.465,1.934,1,-0.372,0.287,2.634,1,-0.350,0.293,2.627,2,-0.282,0.563,1.850,2,-0.261,0.527,1.837,0,0,0,0,0
2.456|kb,155407171355390000,6,25,1,72057594037932713,2,-0.173,-0.045,1.956,2,-0.139,0.252,1.946,2,-0.103,0.531,1.922,2,-0.169,0.649,1.912,1,-0.230,0.456,2.099,1,-0.297,0.372,2.371,1,-0.337,0.312,2.574,1,-0.351,0.292,2.646,2,0.015,0.394,1.881,2,-0.124,0.351,1.688,2,-0.282,0.467,1.789,2,-0.276,0.517,1.835,2,-0.232,-0.038,1.941,2,-0.348,-0.004,1.530,1,-0.599,0.027,1.445,1,-0.558,-0.045,1.335,2,-0.108,-0.051,1.902,2,-0.113,-0.384,1.831,2,-0.107,-0.720,1.927,1,-0.168,-0.751,1.819,2,-0.113,0.462,1.931,1,-0.370,0.283,2.631,1,-0.348,0.290,2.624,2,-0.277,0.552,1.845,2,-0.250,0.511,1.834,0,0,0,0,0
2.501|kb,155407174658000000,6,25,1,72057594037932713,2,-0.176,-0.046,1.960,2,-0.140,0.250,1.946,2,-0.102,0.529,1.920,2,-0.168,0.647,1.908,1,-0.229,0.455,2.097,1,-0.296,0.371,2.369,1,-0.336,0.310,2.572,1,-0.350,0.291,2.644,2,0.016,0.394,1.880,2,-0.122,0.346,1.687,2,-0.277,0.466,1.788,1,-0.282,0.525,1.836,2,-0.236,-0.039,1.947,2,-0.354,0.009,1.552,1,-0.605,0.041,1.468,1,-0.566,-0.043,1.369,2,-0.110,-0.052,1.904,2,-0.116,-0.385,1.833,2,-0.109,-0.743,1.923,1,-0.169,-0.779,1.817,2,-0.112,0.461,1.929,1,-0.369,0.282,2.629,1,-0.347,0.288,2.621,2,-0.282,0.572,1.851,2,-0.259,0.510,1.823,0,0,0,0,0
2.532|kb,155407177962320000,6,25,1,72057594037932713,2,-0.181,-0.049,1.962,2,-0.141,0.247,1.946,2,-0.102,0.526,1.917,2,-0.168,0.642,1.903,1,-0.229,0.452,2.094,1,-0.296,0.367,2.366,1,-0.336,0.307,2.569,1,-0.350,0.288,2.641,2,0.017,0.393,1.878,2,-0.120,0.339,1.686,2,-0.272,0.471,1.778,1,-0.279,0.516,1.828,2,-0.240,-0.042,1.950,2,-0.355,0.015,1.561,1,-0.603,0.047,1.480,1,-0.567,-0.044,1.395,2,-0.116,-0.054,1.905,2,-0.120,-0.387,1.836,2,-0.111,-0.713,1.927,1,-0.171,-0.750,1.820,2,-0.112,0.458,1.927,1,-0.369,0.279,2.626,1,-0.347,0.285,2.618,2,-0.283,0.555,1.834,2,-0.256,0.509,1.824,0,0,0,0,0
2.564|kb,155407181355030000,6,25,1,72057594037932713,2,-0.184,-0.051,1.965,2,-0.143,0.244,1.946,2,-0.103,0.523,1.914,2,-0.169,0.638,1.897,1,-0.230,0.449,2.091,1,-0.296,0.365,2.363,1,-0.337,0.305,2.566,1,-0.351,0.285,2.638,2,0.016,0.392,1.876,2,-0.120,0.334,1.684,2,-0.275,0.463,1.775,1,-0.281,0.512,1.823,2,-0.244,-0.045,1.955,2,-0.340,0.068,1.610,1,-0.579,0.098,1.530,1,-0.563,-0.003,1.454,2,-0.118,-0.055,1.907,2,-0.125,-0.388,1.840,2,-0.114,-0.713,1.928,2,-0.174,-0.749,1.821,2,-0.113,0.455,1.925,1,-0.370,0.276,2.623,1,-0.348,0.283,2.616,2,-0.284,0.552,1.829,2,-0.255,0.497,1.829,0,0,0,0,0
2.589|kb,155407184655580000,6,25,1,72057594037932713,2,-0.185,-0.052,1.970,2,-0.144,0.242,1.946,2,-0.105,0.520,1.910,2,-0.173,0.632,1.891,1,-0.232,0.446,2.087,1,-0.299,0.362,2.358,1,-0.339,0.302,2.562,1,-0.353,0.282,2.633,2,0.015,0.391,1.873,2,-0.120,0.329,1.682,2,-0.276,0.459,1.771,1,-0.286,0.507,1.818,2,-0.246,-0.046,1.961,2,-0.340,0.068,1.610,1,-0.574,0.099,1.533,1,-0.561,-0.005,1.477,2,-0.119,-0.057,1.911,2,-0.127,-0.390,1.842,2,-0.122,-0.713,1.934,1,-0.181,-0.749,1.827,2,-0.115,0.453,1.922,1,-0.372,0.274,2.618,1,-0.350,0.280,2.611,2,-0.296,0.542,1.820,2,-0.259,0.496,1.824,0,0,0,0,0
2.634|kb,155407187965280000,6,25,1,72057594037932713,2,-0.183,-0.051,1.976,2,-0.145,0.243,1.949,2,-0.108,0.522,1.911,2,-0.178,0.626,1.884,1,-0.239,0.453,2.095,1,-0.306,0.369,2.367,1,-0.346,0.308,2.570,1,-0.360,0.289,2.642,2,0.012,0.391,1.872,2,-0.122,0.326,1.682,2,-0.284,0.452,1.766,1,-0.294,0.503,1.809,2,-0.244,-0.044,1.965,2,-0.337,0.074,1.624,1,-0.564,0.104,1.550,1,-0.556,0.003,1.504,2,-0.116,-0.057,1.918,2,-0.128,-0.389,1.843,2,-0.126,-0.713,1.936,1,-0.186,-0.747,1.829,2,-0.117,0.454,1.923,1,-0.379,0.280,2.627,1,-0.355,0.287,2.620,2,-0.302,0.541,1.812,2,-0.267,0.492,1.812,0,0,0,0,0
2.665|kb,155407191355090000,6,25,1,72057594037932713,2,-0.180,-0.053,1.981,2,-0.145,0.240,1.948,2,-0.113,0.514,1.899,2,-0.182,0.622,1.876,1,-0.243,0.447,2.087,1,-0.310,0.363,2.358,1,-0.350,0.302,2.562,1,-0.364,0.283,2.633,2,0.007,0.389,1.861,2,-0.131,0.319,1.675,2,-0.287,0.450,1.760,1,-0.290,0.462,1.774,2,-0.241,-0.046,1.971,2,-0.339,0.077,1.644,2,-0.368,-0.233,1.673,2,-0.379,-0.269,1.567,2,-0.113,-0.059,1.921,2,-0.128,-0.390,1.842,2,-0.127,-0.715,1.937,1,-0.188,-0.748,1.831,2,-0.121,0.447,1.915,1,-0.383,0.274,2.618,1,-0.361,0.281,2.611,2,-0.313,0.526,1.796,2,-0.275,0.485,1.793,0,0,0,0,0
2.697|kb,155407194654950000,6,25,1,72057594037932713,2,-0.172,-0.062,1.991,2,-0.144,0.234,1.948,2,-0.116,0.510,1.895,2,-0.186,0.615,1.869,1,-0.246,0.443,2.082,1,-0.313,0.358,2.354,1,-0.353,0.298,2.557,1,-0.367,0.279,2.629,2,0.003,0.387,1.856,2,-0.134,0.314,1.672,2,-0.286,0.444,1.766,2,-0.301,0.503,1.798,2,-0.226,-0.063,1.992,2,-0.341,0.082,1.672,2,-0.354,-0.248,1.735,2,-0.364,-0.266,1.633,2,-0.110,-0.061,1.924,2,-0.126,-0.392,1.844,2,-0.129,-0.754,1.930,1,-0.190,-0.790,1.826,2,-0.122,0.443,1.911,1,-0.386,0.270,2.614,1,-0.364,0.277,2.607,2,-0.328,0.552,1.809,2,-0.249,0.567,1.764,0,0,0,0,0
2.723|kb,155407197963630000,6,25,1,72057594037932713,2,-0.173,-0.060,1.998,2,-0.145,0.233,1.949,2,-0.119,0.508,1.891,2,-0.191,0.610,1.862,1,-0.250,0.440,2.078,1,-0.317,0.356,2.349,1,-0.357,0.296,2.553,1,-0.371,0.276,2.625,2,-0.001,0.390,1.847,2,-0.140,0.306,1.668,2,-0.313,0.436,1.759,2,-0.309,0.485,1.785,2,-0.228,-0.062,1.998,2,-0.347,0.089,1.691,2,-0.337,-0.255,1.796,2,-0.351,-0.263,1.684,2,-0.111,-0.059,1.930,2,-0.122,-0.389,1.845,2,-0.127,-0.754,1.926,1,-0.189,-0.789,1.822,2,-0.126,0.441,1.909,1,-0.390,0.268,2.609,1,-0.368,0.274,2.602,2,-0.329,0.537,1.792,2,-0.277,0.473,1.805,0,0,0,0,0
2.768|kb,155407201357160000,6,25,1,72057594037932713,2,-0.173,-0.061,2.005,2,-0.147,0.230,1.949,2,-0.125,0.502,1.881,2,-0.199,0.606,1.853,1,-0.256,0.434,2.069,1,-0.322,0.350,2.340,1,-0.362,0.290,2.544,1,-0.376,0.271,2.616,2,-0.003,0.393,1.839,2,-0.142,0.300,1.665,2,-0.318,0.434,1.756,2,-0.314,0.481,1.773,2,-0.228,-0.062,2.001,2,-0.361,0.093,1.703,2,-0.321,-0.268,1.842,2,-0.342,-0.275,1.731,2,-0.111,-0.059,1.941,2,-0.119,-0.388,1.845,2,-0.125,-0.756,1.919,1,-0.186,-0.791,1.816,2,-0.130,0.436,1.902,1,-0.395,0.262,2.600,1,-0.373,0.268,2.593,2,-0.351,0.528,1.787,2,-0.257,0.540,1.753,0,0,0,0,0
2.799|kb,155407204655360000,6,25,1,72057594037932713,2,-0.174,-0.057,2.014,2,-0.149,0.229,1.950,2,-0.130,0.497,1.876,2,-0.207,0.601,1.844,1,-0.261,0.429,2.064,1,-0.327,0.345,2.335,1,-0.367,0.285,2.539,1,-0.381,0.266,2.610,2,-0.006,0.394,1.833,2,-0.144,0.294,1.661,2,-0.335,0.394,1.720,1,-0.332,0.463,1.755,2,-0.230,-0.055,2.009,2,-0.382,0.093,1.718,2,-0.310,-0.248,1.887,2,-0.337,-0.268,1.770,2,-0.111,-0.058,1.951,2,-0.118,-0.385,1.847,2,-0.121,-0.758,1.913,1,-0.182,-0.790,1.810,2,-0.135,0.432,1.899,1,-0.400,0.257,2.595,1,-0.378,0.263,2.588,2,-0.341,0.510,1.762,2,-0.310,0.474,1.746,0,0,0,0,0
2.831|kb,155407207963950000,6,25,1,72057594037932713,2,-0.170,-0.037,2.033,2,-0.151,0.229,1.952,2,-0.137,0.490,1.872,2,-0.214,0.597,1.835,1,-0.268,0.422,2.059,1,-0.334,0.338,2.331,2,-0.360,0.217,2.534,1,-0.382,0.221,2.560,2,-0.011,0.394,1.824,2,-0.140,0.283,1.653,2,-0.326,0.390,1.717,2,-0.333,0.453,1.747,2,-0.223,-0.028,2.035,2,-0.390,0.082,1.735,2,-0.309,-0.237,1.920,2,-0.339,-0.279,1.816,2,-0.111,-0.043,1.963,2,-0.117,-0.370,1.853,2,-0.120,-0.771,1.921,2,-0.123,-0.792,1.943,2,-0.140,0.427,1.896,2,-0.392,0.224,2.568,2,-0.382,0.229,2.548,2,-0.367,0.499,1.762,2,-0.309,0.475,1.744,0,0,0,0,0
2.855|kb,155407211355460000,6,25,1,72057594037932713,2,-0.173,-0.039,2.045,2,-0.155,0.227,1.956,2,-0.142,0.482,1.864,2,-0.223,0.591,1.824,1,-0.273,0.415,2.052,1,-0.334,0.302,2.315,1,-0.331,0.129,2.547,1,-0.331,0.072,2.628,2,-0.014,0.392,1.813,2,-0.139,0.272,1.645,2,-0.324,0.382,1.707,2,-0.339,0.438,1.733,2,-0.225,-0.031,2.055,2,-0.416,0.067,1.767,2,-0.317,-0.239,1.941,2,-0.350,-0.299,1.855,2,-0.114,-0.044,1.968,2,-0.116,-0.371,1.858,2,-0.118,-0.743,1.930,1,-0.179,-0.746,1.822,2,-0.145,0.421,1.891,1,-0.341,0.076,2.636,1,-0.331,0.082,2.616,2,-0.376,0.479,1.753,2,-0.309,0.459,1.734,0,0,0,0,0
2.901|kb,155407214659310000,6,25,1,72057594037932713,2,-0.174,-0.037,2.069,2,-0.159,0.225,1.961,2,-0.148,0.476,1.857,2,-0.232,0.583,1.816,1,-0.279,0.408,2.044,2,-0.347,0.297,2.306,2,-0.479,0.279,2.478,2,-0.484,0.284,2.481,2,-0.017,0.389,1.805,2,-0.136,0.261,1.638,2,-0.337,0.355,1.674,1,-0.346,0.419,1.719,2,-0.224,-0.030,2.070,2,-0.442,0.038,1.794,2,-0.335,-0.253,1.980,2,-0.367,-0.324,1.905,2,-0.119,-0.043,1.999,2,-0.114,-0.363,1.866,2,-0.118,-0.743,1.931,1,-0.177,-0.749,1.824,2,-0.150,0.416,1.887,2,-0.486,0.290,2.476,2,-0.475,0.295,2.458,2,-0.367,0.456,1.723,2,-0.325,0.442,1.712,0,0,0,0,0
2.932|kb,155407217963110000,6,25,1,72057594037932713,2,-0.174,-0.035,2.082,2,-0.161,0.223,1.965,2,-0.154,0.469,1.848,2,-0.238,0.577,1.809,1,-0.285,0.401,2.036,2,-0.346,0.293,2.301,2,-0.529,0.297,2.422,1,-0.537,0.297,2.430,2,-0.021,0.384,1.800,2,-0.120,0.245,1.629,2,-0.310,0.345,1.690,2,-0.339,0.400,1.713,2,-0.221,-0.025,2.088,2,-0.464,0.007,1.828,2,-0.344,-0.282,2.024,2,-0.381,-0.354,1.956,2,-0.120,-0.043,2.007,2,-0.111,-0.363,1.873,2,-0.117,-0.741,1.931,1,-0.175,-0.750,1.826,2,-0.155,0.410,1.882,2,-0.539,0.291,2.431,2,-0.533,0.299,2.406,2,-0.383,0.438,1.727,2,-0.305,0.397,1.736,0,0,0,0,0
2.964|kb,155407221357490000,6,25,1,72057594037932713,2,-0.165,-0.035,2.093,2,-0.162,0.221,1.966,2,-0.160,0.463,1.838,2,-0.245,0.571,1.800,1,-0.291,0.395,2.025,2,-0.420,0.304,2.272,2,-0.596,0.336,2.397,1,-0.656,0.348,2.443,2,-0.027,0.384,1.794,2,-0.115,0.233,1.627,2,-0.311,0.329,1.677,2,-0.339,0.382,1.699,2,-0.213,-0.026,2.094,2,-0.492,-0.046,1.879,2,-0.351,-0.305,2.070,2,-0.394,-0.379,2.015,2,-0.112,-0.042,2.025,2,-0.107,-0.359,1.880,2,-0.115,-0.742,1.931,1,-0.171,-0.752,1.827,2,-0.159,0.405,1.875,1,-0.658,0.342,2.444,1,-0.651,0.349,2.419,2,-0.385,0.416,1.715,2,-0.305,0.380,1.725,0,0,0,0,0
3.001|kb,155407224656250000,6,25,1,72057594037932713,2,-0.160,-0.034,2.104,2,-0.162,0.219,1.969,2,-0.165,0.457,1.831,2,-0.250,0.566,1.794,1,-0.295,0.389,2.019,1,-0.472,0.313,2.242,1,-0.639,0.388,2.360,1,-0.696,0.414,2.403,2,-0.034,0.380,1.785,2,-0.103,0.217,1.622,2,-0.299,0.317,1.668,2,-0.333,0.354,1.682,2,-0.206,-0.025,2.105,2,-0.503,-0.104,1.942,2,-0.360,-0.329,2.114,2,-0.401,-0.406,2.066,2,-0.109,-0.042,2.034,2,-0.105,-0.357,1.883,2,-0.114,-0.744,1.932,1,-0.169,-0.754,1.831,2,-0.163,0.399,1.870,1,-0.698,0.408,2.405,1,-0.691,0.415,2.380,2,-0.384,0.394,1.698,2,-0.304,0.367,1.711,0,0,0,0,0
3.032|kb,155407227962360000,6,25,1,72057594037932713,2,-0.151,-0.037,2.114,2,-0.161,0.214,1.972,2,-0.168,0.451,1.827,2,-0.255,0.560,1.787,1,-0.298,0.383,2.014,2,-0.516,0.311,2.202,1,-0.634,0.429,2.342,1,-0.675,0.468,2.392,2,-0.036,0.375,1.782,2,-0.094,0.205,1.620,2,-0.293,0.303,1.660,2,-0.327,0.331,1.669,2,-0.199,-0.028,2.110,2,-0.502,-0.143,2.005,2,-0.360,-0.360,2.170,2,-0.403,-0.436,2.131,2,-0.098,-0.045,2.050,2,-0.103,-0.359,1.886,2,-0.113,-0.742,1.932,1,-0.166,-0.753,1.832,2,-0.165,0.394,1.867,1,-0.677,0.462,2.393,1,-0.670,0.469,2.368,2,-0.380,0.373,1.684,2,-0.298,0.341,1.704,0,0,0,0,0
3.063|kb,155407231358020000,6,25,1,72057594037932713,2,-0.139,-0.033,2.158,2,-0.159,0.210,1.983,2,-0.171,0.445,1.823,2,-0.260,0.554,1.782,1,-0.301,0.377,2.010,2,-0.457,0.301,2.168,2,-0.656,0.381,2.088,1,-0.712,0.413,2.076,2,-0.042,0.367,1.777,2,-0.086,0.191,1.617,2,-0.300,0.259,1.644,2,-0.330,0.319,1.655,2,-0.186,-0.024,2.155,2,-0.475,-0.175,2.061,2,-0.351,-0.394,2.229,2,-0.411,-0.468,2.195,2,-0.088,-0.042,2.090,2,-0.096,-0.372,1.885,2,-0.110,-0.732,1.927,1,-0.161,-0.744,1.830,2,-0.167,0.389,1.866,1,-0.714,0.407,2.077,1,-0.706,0.414,2.052,2,-0.379,0.348,1.670,2,-0.299,0.337,1.676,0,0,0,0,0
3.089|kb,155407234655450000,6,25,1,72057594037932713,2,-0.140,-0.036,2.152,2,-0.160,0.207,1.983,2,-0.175,0.439,1.820,2,-0.265,0.547,1.778,1,-0.305,0.371,2.007,2,-0.460,0.299,2.141,2,-0.524,0.330,2.091,2,-0.585,0.360,2.056,2,-0.047,0.362,1.771,2,-0.077,0.178,1.617,2,-0.296,0.236,1.635,2,-0.327,0.299,1.640,2,-0.187,-0.027,2.150,2,-0.489,-0.160,2.115,2,-0.345,-0.439,2.292,2,-0.408,-0.499,2.260,2,-0.089,-0.044,2.085,2,-0.091,-0.336,1.886,2,-0.111,-0.736,1.929,1,-0.162,-0.746,1.833,2,-0.171,0.383,1.864,2,-0.634,0.385,2.011,2,-0.550,0.367,2.013,2,-0.375,0.322,1.660,2,-0.306,0.328,1.638,0,0,0,0,0
3.135|kb,155407237964260000,6,25,1,72057594037932713,2,-0.142,-0.035,2.150,2,-0.162,0.205,1.983,2,-0.180,0.431,1.816,2,-0.271,0.540,1.774,2,-0.303,0.362,2.027,2,-0.495,0.286,2.104,2,-0.542,0.325,2.038,2,-0.583,0.358,1.989,2,-0.052,0.357,1.769,2,-0.056,0.166,1.621,2,-0.276,0.229,1.629,2,-0.303,0.259,1.629,2,-0.187,-0.025,2.151,2,-0.442,-0.228,2.168,2,-0.342,-0.473,2.347,2,-0.403,-0.533,2.318,2,-0.097,-0.044,2.072,2,-0.090,-0.379,1.895,2,-0.112,-0.735,1.929,2,-0.166,-0.741,1.836,2,-0.175,0.376,1.861,2,-0.616,0.391,1.930,2,-0.543,0.362,1.953,2,-0.363,0.296,1.639,2,-0.285,0.296,1.664,0,0,0,0,0
3.166|kb,155407241355090000,6,25,1,72057594037932713,2,-0.143,-0.038,2.151,2,-0.164,0.193,1.986,2,-0.185,0.411,1.814,2,-0.275,0.534,1.771,2,-0.303,0.359,2.026,2,-0.503,0.277,2.082,2,-0.544,0.321,1.985,2,-0.576,0.353,1.924,2,-0.062,0.349,1.767,2,-0.040,0.157,1.624,2,-0.266,0.192,1.625,2,-0.301,0.248,1.612,2,-0.187,-0.028,2.154,2,-0.426,-0.243,2.208,2,-0.334,-0.504,2.399,2,-0.409,-0.564,2.375,2,-0.097,-0.047,2.073,2,-0.091,-0.380,1.894,2,-0.114,-0.734,1.928,2,-0.167,-0.739,1.838,2,-0.180,0.358,1.859,2,-0.599,0.387,1.860,2,-0.530,0.350,1.898,2,-0.350,0.272,1.612,2,-0.291,0.283,1.620,0,0,0,0,0
3.197|kb,155407244657480000,6,25,1,72057594037932713,2,-0.143,-0.039,2.153,2,-0.165,0.192,1.987,2,-0.188,0.411,1.812,2,-0.281,0.526,1.768,2,-0.308,0.355,2.016,2,-0.510,0.259,2.043,2,-0.541,0.312,1.929,2,-0.563,0.346,1.864,2,-0.070,0.338,1.767,2,-0.027,0.148,1.626,2,-0.255,0.164,1.620,2,-0.290,0.225,1.601,2,-0.187,-0.029,2.159,2,-0.409,-0.286,2.267,2,-0.334,-0.540,2.449,2,-0.409,-0.597,2.428,2,-0.096,-0.049,2.075,2,-0.091,-0.383,1.894,2,-0.115,-0.735,1.928,1,-0.168,-0.739,1.838,2,-0.182,0.357,1.858,2,-0.577,0.379,1.795,2,-0.519,0.347,1.842,2,-0.341,0.243,1.608,2,-0.286,0.259,1.609,0,0,0,0,0
3.222|kb,155407247964320000,6,25,1,72057594037932713,2,-0.139,-0.043,2.155,2,-0.166,0.189,1.987,2,-0.192,0.408,1.810,2,-0.285,0.519,1.766,2,-0.323,0.339,2.002,1,-0.506,0.227,2.066,2,-0.536,0.312,1.841,2,-0.546,0.334,1.811,2,-0.076,0.331,1.767,2,-0.012,0.139,1.636,2,-0.241,0.142,1.615,2,-0.251,0.179,1.599,2,-0.185,-0.034,2.164,2,-0.398,-0.318,2.314,2,-0.329,-0.575,2.502,2,-0.406,-0.630,2.482,2,-0.087,-0.053,2.077,2,-0.093,-0.389,1.893,2,-0.116,-0.736,1.928,1,-0.164,-0.740,1.835,2,-0.185,0.355,1.857,2,-0.551,0.368,1.739,2,-0.502,0.356,1.786,2,-0.315,0.223,1.585,2,-0.246,0.214,1.625,0,0,0,0,0
3.267|kb,155407251356690000,6,25,1,72057594037932713,2,-0.143,-0.050,2.171,2,-0.170,0.182,1.993,2,-0.196,0.404,1.809,2,-0.290,0.512,1.765,2,-0.340,0.327,1.999,1,-0.528,0.207,2.036,2,-0.522,0.298,1.817,2,-0.525,0.323,1.764,2,-0.083,0.316,1.769,2,0.007,0.128,1.649,2,-0.220,0.142,1.609,2,-0.251,0.169,1.588,2,-0.192,-0.039,2.181,2,-0.373,-0.335,2.350,2,-0.339,-0.613,2.547,2,-0.413,-0.660,2.527,2,-0.090,-0.061,2.092,2,-0.094,-0.392,1.893,2,-0.116,-0.736,1.929,1,-0.162,-0.742,1.835,2,-0.189,0.350,1.857,2,-0.522,0.357,1.683,2,-0.482,0.345,1.742,2,-0.304,0.195,1.586,2,-0.250,0.199,1.601,0,0,0,0,0
3.299|kb,155407254655270000,6,25,1,72057594037932713,2,-0.148,-0.058,2.183,2,-0.176,0.174,2.000,2,-0.201,0.398,1.809,2,-0.295,0.502,1.765,2,-0.352,0.320,1.995,1,-0.546,0.199,1.972,2,-0.500,0.293,1.746,2,-0.503,0.312,1.726,2,-0.095,0.300,1.778,2,0.024,0.120,1.675,2,-0.199,0.120,1.609,2,-0.234,0.147,1.586,2,-0.198,-0.046,2.193,2,-0.349,-0.362,2.394,2,-0.342,-0.641,2.590,2,-0.415,-0.680,2.565,2,-0.093,-0.070,2.103,2,-0.095,-0.393,1.894,2,-0.115,-0.743,1.935,1,-0.160,-0.749,1.841,2,-0.194,0.343,1.859,2,-0.486,0.349,1.651,2,-0.457,0.329,1.717,2,-0.289,0.173,1.570,2,-0.243,0.193,1.594,0,0,0,0,0
3.324|kb,155407257963560000,6,25,1,72057594037932713,2,-0.145,-0.066,2.185,2,-0.178,0.165,2.004,2,-0.210,0.387,1.813,2,-0.300,0.495,1.766,2,-0.359,0.315,1.986,1,-0.525,0.176,2.044,2,-0.483,0.278,1.746,2,-0.480,0.303,1.695,2,-0.100,0.293,1.783,2,0.030,0.119,1.682,2,-0.189,0.088,1.609,2,-0.213,0.123,1.587,2,-0.197,-0.056,2.196,2,-0.327,-0.387,2.425,2,-0.350,-0.665,2.617,2,-0.418,-0.696,2.598,2,-0.090,-0.075,2.105,2,-0.096,-0.394,1.895,2,-0.111,-0.760,1.953,2,-0.155,-0.778,1.858,2,-0.202,0.333,1.863,2,-0.465,0.342,1.623,2,-0.433,0.321,1.690,2,-0.273,0.149,1.571,2,-0.210,0.156,1.598,0,0,0,0,0
3.370|kb,155407261356400000,6,25,1,72057594037932713,2,-0.090,-0.035,2.221,2,-0.168,0.167,2.021,2,-0.225,0.373,1.824,2,-0.310,0.486,1.771,2,-0.365,0.308,1.980,1,-0.551,0.179,1.927,2,-0.455,0.292,1.686,2,-0.456,0.298,1.676,2,-0.108,0.282,1.793,2,0.042,0.120,1.705,2,-0.166,0.055,1.623,2,-0.198,0.103,1.593,2,-0.146,-0.024,2.235,2,-0.301,-0.370,2.432,2,-0.345,-0.634,2.603,2,-0.376,-0.670,2.492,2,-0.031,-0.046,2.138,2,-0.097,-0.395,1.897,2,-0.111,-0.763,1.958,2,-0.149,-0.789,1.868,2,-0.209,0.325,1.873,2,-0.434,0.333,1.610,2,-0.407,0.315,1.687,2,-0.258,0.122,1.576,2,-0.202,0.138,1.592,0,0,0,0,0
3.400|kb,155407264654950000,6,25,1,72057594037932713,2,-0.116,-0.079,2.182,2,-0.174,0.153,2.019,2,-0.232,0.363,1.832,2,-0.320,0.474,1.779,2,-0.368,0.305,1.975,1,-0.543,0.188,1.870,2,-0.441,0.288,1.676,2,-0.433,0.294,1.662,2,-0.113,0.276,1.800,2,0.036,0.110,1.720,2,-0.165,0.055,1.613,2,-0.188,0.087,1.598,2,-0.172,-0.072,2.190,1,-0.305,-0.387,2.435,1,-0.350,-0.626,2.590,1,-0.386,-0.682,2.489,2,-0.056,-0.085,2.105,2,-0.100,-0.395,1.900,2,-0.124,-0.740,1.942,1,-0.164,-0.759,1.845,2,-0.218,0.312,1.881,2,-0.408,0.328,1.608,2,-0.391,0.298,1.683,2,-0.243,0.097,1.583,2,-0.200,0.126,1.609,0,0,0,0,0
3.424|kb,155407267962170000,6,25,1,72057594037932713,2,-0.119,-0.082,2.189,2,-0.179,0.145,2.022,2,-0.237,0.357,1.837,2,-0.328,0.468,1.785,2,-0.367,0.305,1.977,2,-0.506,0.201,1.812,2,-0.457,0.252,1.708,2,-0.413,0.289,1.653,2,-0.113,0.276,1.800,2,0.038,0.106,1.729,2,-0.162,0.052,1.619,2,-0.176,0.071,1.606,2,-0.174,-0.073,2.195,2,-0.290,-0.385,2.452,1,-0.344,-0.622,2.601,2,-0.381,-0.680,2.502,2,-0.061,-0.088,2.113,2,-0.103,-0.400,1.904,2,-0.120,-0.756,1.954,1,-0.161,-0.774,1.858,2,-0.223,0.305,1.885,2,-0.381,0.323,1.601,2,-0.372,0.298,1.670,2,-0.228,0.077,1.593,2,-0.185,0.102,1.605,0,0,0,0,0
3.452|kb,155407271355350000,6,25,1,72057594037932713,2,-0.098,-0.084,2.181,2,-0.178,0.139,2.023,2,-0.260,0.339,1.858,2,-0.336,0.465,1.794,1,-0.379,0.295,1.994,1,-0.539,0.164,1.879,2,-0.393,0.282,1.652,2,-0.382,0.309,1.645,2,-0.128,0.264,1.824,2,0.043,0.099,1.751,2,-0.146,0.017,1.639,2,-0.166,0.056,1.618,2,-0.150,-0.077,2.186,1,-0.249,-0.382,2.408,2,-0.151,-0.686,2.088,2,-0.207,-0.712,2.053,2,-0.042,-0.089,2.107,2,-0.104,-0.401,1.909,2,-0.124,-0.751,1.950,1,-0.163,-0.770,1.855,2,-0.237,0.291,1.899,2,-0.356,0.324,1.607,2,-0.342,0.341,1.686,2,-0.221,0.054,1.609,2,-0.216,0.064,1.616,0,0,0,0,0
3.498|kb,155407274656840000,6,25,1,72057594037932713,2,-0.123,-0.106,2.240,2,-0.199,0.116,2.065,2,-0.266,0.335,1.868,2,-0.349,0.460,1.810,1,-0.387,0.290,2.008,2,-0.497,0.189,1.820,2,-0.367,0.309,1.636,1,-0.357,0.319,1.633,2,-0.134,0.260,1.835,2,0.042,0.102,1.768,2,-0.136,0.016,1.641,2,-0.156,0.044,1.632,2,-0.180,-0.109,2.250,2,-0.287,-0.360,2.476,2,-0.167,-0.673,2.109,2,-0.233,-0.676,2.111,2,-0.062,-0.099,2.160,2,-0.108,-0.412,1.918,2,-0.119,-0.765,1.961,2,-0.158,-0.782,1.867,2,-0.249,0.283,1.919,2,-0.349,0.321,1.611,2,-0.314,0.318,1.647,2,-0.213,0.037,1.630,2,-0.134,0.043,1.652,0,0,0,0,0
3.522|kb,155407277962020000,6,25,1,72057594037932713,2,-0.136,-0.115,2.259,2,-0.207,0.112,2.078,2,-0.276,0.330,1.886,2,-0.361,0.457,1.828,1,-0.396,0.285,2.026,2,-0.474,0.205,1.805,2,-0.352,0.313,1.634,1,-0.340,0.321,1.646,2,-0.142,0.256,1.852,2,0.052,0.087,1.817,2,-0.115,0.022,1.665,2,-0.142,0.031,1.649,2,-0.193,-0.119,2.269,1,-0.315,-0.395,2.535,1,-0.202,-0.696,2.172,1,-0.265,-0.709,2.166,2,-0.074,-0.107,2.179,2,-0.110,-0.416,1.922,2,-0.112,-0.770,1.967,2,-0.152,-0.786,1.873,2,-0.259,0.277,1.937,2,-0.320,0.321,1.633,2,-0.298,0.317,1.653,2,-0.184,0.023,1.632,2,-0.173,0.057,1.648,0,0,0,0,0
3.567|kb,155407281358530000,6,25,1,72057594037932713,2,-0.132,-0.117,2.260,2,-0.207,0.109,2.086,2,-0.285,0.326,1.914,2,-0.373,0.454,1.850,1,-0.405,0.281,2.054,2,-0.462,0.209,1.797,2,-0.330,0.320,1.635,1,-0.318,0.322,1.661,2,-0.153,0.252,1.872,2,0.052,0.087,1.829,2,-0.112,0.019,1.675,2,-0.130,0.019,1.663,2,-0.189,-0.121,2.269,1,-0.292,-0.356,2.480,1,-0.177,-0.646,2.117,1,-0.244,-0.670,2.112,2,-0.071,-0.108,2.181,2,-0.112,-0.422,1.931,2,-0.110,-0.775,1.970,2,-0.153,-0.788,1.876,2,-0.265,0.273,1.958,2,-0.317,0.320,1.645,2,-0.289,0.313,1.649,2,-0.167,0.010,1.645,2,-0.166,0.040,1.660,0,0,0,0,0
3.599|kb,155407284655320000,6,25,1,72057594037932713,2,-0.128,-0.124,2.267,2,-0.209,0.102,2.107,2,-0.292,0.324,1.939,2,-0.388,0.450,1.881,1,-0.412,0.279,2.079,2,-0.511,0.206,1.855,2,-0.357,0.287,1.692,1,-0.337,0.308,1.699,2,-0.167,0.250,1.899,2,0.052,0.091,1.854,2,-0.102,0.011,1.694,2,-0.116,0.007,1.682,2,-0.184,-0.129,2.274,1,-0.291,-0.357,2.483,1,-0.176,-0.647,2.120,2,-0.245,-0.670,2.114,2,-0.068,-0.115,2.191,2,-0.114,-0.426,1.937,2,-0.108,-0.778,1.972,2,-0.152,-0.790,1.879,2,-0.272,0.269,1.984,2,-0.307,0.319,1.675,2,-0.316,0.306,1.726,2,-0.150,-0.003,1.661,2,-0.156,0.026,1.680,0,0,0,0,0
3.631|kb,155407287961900000,6,25,1,72057594037932713,2,-0.126,-0.134,2.282,2,-0.213,0.096,2.129,2,-0.299,0.321,1.966,2,-0.400,0.446,1.909,1,-0.419,0.276,2.106,2,-0.435,0.215,1.812,2,-0.300,0.336,1.662,1,-0.299,0.383,1.617,2,-0.176,0.249,1.924,2,0.020,0.123,1.901,2,-0.058,-0.027,1.736,2,-0.100,-0.003,1.698,2,-0.181,-0.141,2.284,1,-0.295,-0.357,2.494,2,-0.169,-0.664,2.116,2,-0.243,-0.668,2.126,2,-0.067,-0.124,2.212,2,-0.117,-0.430,1.946,2,-0.104,-0.778,1.976,2,-0.150,-0.789,1.884,2,-0.278,0.266,2.009,1,-0.269,0.393,1.593,1,-0.279,0.379,1.644,2,-0.130,-0.016,1.672,2,-0.134,0.017,1.694,0,0,0,0,0
3.656|kb,155407291355130000,6,25,1,72057594037932713,2,-0.122,-0.140,2.287,2,-0.214,0.092,2.143,2,-0.307,0.322,1.997,2,-0.416,0.446,1.947,1,-0.428,0.277,2.137,2,-0.463,0.205,1.860,2,-0.293,0.263,1.707,2,-0.307,0.317,1.746,2,-0.184,0.249,1.955,2,0.042,0.099,1.911,2,-0.057,-0.024,1.735,2,-0.087,-0.011,1.713,2,-0.176,-0.149,2.287,2,-0.306,-0.432,2.563,1,-0.179,-0.725,2.209,2,-0.249,-0.739,2.195,2,-0.064,-0.129,2.219,2,-0.119,-0.435,1.957,2,-0.102,-0.784,1.977,2,-0.148,-0.789,1.939,2,-0.284,0.265,2.035,2,-0.292,0.310,1.734,2,-0.282,0.306,1.744,2,-0.114,-0.024,1.692,2,-0.129,-0.010,1.705,0,0,0,0,0
3.702|kb,155407294663510000,6,25,1,72057594037932713,2,-0.126,-0.149,2.298,2,-0.224,0.089,2.167,2,-0.319,0.325,2.025,2,-0.430,0.441,1.976,1,-0.439,0.280,2.165,2,-0.481,0.195,1.908,2,-0.332,0.273,1.742,1,-0.322,0.314,1.779,2,-0.195,0.247,1.983,2,0.035,0.101,1.919,2,-0.049,-0.027,1.739,2,-0.072,-0.016,1.731,2,-0.180,-0.158,2.295,2,-0.313,-0.440,2.571,1,-0.186,-0.735,2.221,1,-0.257,-0.746,2.202,2,-0.068,-0.135,2.232,2,-0.122,-0.437,1.969,2,-0.099,-0.790,1.979,2,-0.135,-0.796,1.940,2,-0.296,0.267,2.063,2,-0.300,0.308,1.764,2,-0.298,0.303,1.755,2,-0.096,-0.031,1.710,2,-0.114,-0.007,1.734,0,0,0,0,0
3.733|kb,155407297964870000,6,25,1,72057594037932713,2,-0.158,-0.164,2.361,2,-0.248,0.083,2.222,2,-0.334,0.324,2.069,2,-0.448,0.440,2.025,1,-0.454,0.279,2.209,2,-0.520,0.173,1.987,2,-0.371,0.245,1.818,1,-0.360,0.291,1.832,2,-0.206,0.243,2.023,2,0.030,0.106,1.947,2,-0.020,0.025,1.829,2,-0.053,-0.019,1.760,2,-0.214,-0.174,2.360,2,-0.328,-0.463,2.597,1,-0.207,-0.802,2.273,2,-0.193,-0.736,2.194,2,-0.097,-0.149,2.293,2,-0.126,-0.439,1.983,2,-0.097,-0.792,1.980,2,-0.132,-0.796,1.942,2,-0.314,0.265,2.111,2,-0.324,0.310,1.801,2,-0.340,0.288,1.857,2,-0.075,-0.037,1.734,2,-0.109,-0.024,1.768,0,0,0,0,0
3.763|kb,155407301357500000,6,25,1,72057594037932713,2,-0.144,-0.172,2.366,2,-0.246,0.078,2.236,2,-0.349,0.319,2.111,2,-0.455,0.443,2.075,1,-0.469,0.274,2.251,2,-0.509,0.180,1.982,2,-0.356,0.257,1.818,1,-0.354,0.309,1.851,2,-0.223,0.225,2.076,2,0.012,0.153,2.037,2,-0.012,0.013,1.848,2,-0.043,-0.021,1.783,2,-0.196,-0.188,2.368,2,-0.332,-0.500,2.613,2,-0.052,-0.744,2.607,2,-0.062,-0.743,2.450,2,-0.087,-0.153,2.295,2,-0.130,-0.440,1.997,2,-0.101,-0.787,1.982,2,-0.141,-0.787,1.936,2,-0.322,0.259,2.142,2,-0.332,0.306,1.839,2,-0.319,0.299,1.846,2,-0.056,-0.039,1.760,2,-0.079,-0.016,1.771,0,0,0,0,0
3.788|kb,155407304655400000,6,25,1,72057594037932713,2,-0.161,-0.188,2.416,2,-0.267,0.070,2.289,2,-0.365,0.321,2.146,2,-0.473,0.442,2.113,2,-0.467,0.222,2.249,2,-0.483,0.196,1.980,2,-0.343,0.328,1.844,1,-0.321,0.375,1.805,2,-0.231,0.228,2.102,2,0.007,0.154,2.047,2,0.001,-0.027,1.896,2,-0.030,-0.018,1.816,2,-0.225,-0.207,2.415,2,-0.354,-0.468,2.617,1,-0.086,-0.701,2.609,2,-0.079,-0.717,2.454,2,-0.093,-0.165,2.347,2,-0.135,-0.440,2.020,2,-0.098,-0.789,1.982,2,-0.137,-0.786,1.934,2,-0.343,0.260,2.188,1,-0.299,0.372,1.794,1,-0.287,0.365,1.800,2,-0.038,-0.036,1.791,2,-0.081,-0.025,1.835,0,0,0,0,0
3.834|kb,155407307965660000,6,25,1,72057594037932713,2,-0.178,-0.184,2.440,2,-0.283,0.072,2.321,2,-0.384,0.320,2.194,2,-0.489,0.444,2.164,1,-0.483,0.221,2.289,2,-0.555,0.157,2.067,2,-0.414,0.277,1.921,1,-0.408,0.294,1.922,2,-0.251,0.224,2.154,2,-0.016,0.114,2.059,2,0.016,-0.025,1.870,2,-0.023,-0.015,1.848,2,-0.240,-0.200,2.441,2,-0.366,-0.520,2.646,1,-0.131,-0.756,2.651,2,-0.101,-0.769,2.502,2,-0.110,-0.163,2.370,2,-0.142,-0.444,2.038,2,-0.096,-0.790,1.981,2,-0.136,-0.785,1.933,2,-0.359,0.259,2.225,2,-0.376,0.292,1.909,2,-0.377,0.283,1.915,2,-0.033,-0.031,1.825,2,-0.068,-0.024,1.859,0,0,0,0,0
3.865|kb,155407311355040000,6,25,1,72057594037932713,2,-0.175,-0.184,2.441,2,-0.285,0.071,2.335,2,-0.402,0.317,2.237,2,-0.501,0.444,2.208,1,-0.502,0.217,2.337,2,-0.573,0.150,2.116,2,-0.444,0.276,1.963,2,-0.458,0.262,1.987,2,-0.264,0.221,2.190,2,-0.047,0.145,2.141,2,-0.010,0.013,1.948,2,-0.018,-0.010,1.884,2,-0.236,-0.201,2.446,2,-0.372,-0.525,2.653,1,-0.115,-0.751,2.645,2,-0.093,-0.760,2.493,2,-0.107,-0.161,2.369,2,-0.148,-0.472,2.056,2,-0.093,-0.804,1.980,2,-0.169,-0.776,1.924,2,-0.373,0.256,2.265,2,-0.413,0.286,1.949,2,-0.434,0.247,2.007,2,-0.014,-0.027,1.861,2,-0.064,-0.017,1.898,0,0,0,0,0
3.890|kb,155407314655200000,6,25,1,72057594037932713,2,-0.178,-0.180,2.461,2,-0.305,0.075,2.385,2,-0.427,0.321,2.286,2,-0.518,0.442,2.259,1,-0.526,0.222,2.384,2,-0.595,0.144,2.166,1,-0.480,0.271,2.004,1,-0.477,0.278,2.001,2,-0.282,0.227,2.229,2,-0.043,0.127,2.140,2,0.017,-0.030,1.975,2,-0.016,-0.004,1.923,2,-0.239,-0.202,2.470,2,-0.381,-0.542,2.677,1,-0.113,-0.757,2.654,2,-0.093,-0.764,2.501,2,-0.110,-0.153,2.384,2,-0.152,-0.455,2.087,2,-0.097,-0.784,1.987,2,-0.141,-0.777,1.927,2,-0.397,0.261,2.313,2,-0.453,0.276,1.988,2,-0.447,0.269,1.996,2,-0.014,-0.020,1.899,2,-0.065,-0.014,1.946,0,0,0,0,0
3.935|kb,155407317965160000,6,25,1,72057594037932713,2,-0.191,-0.164,2.539,2,-0.322,0.080,2.441,2,-0.447,0.318,2.330,2,-0.536,0.438,2.307,1,-0.547,0.218,2.428,2,-0.627,0.129,2.219,2,-0.567,0.198,2.119,2,-0.543,0.233,2.074,2,-0.286,0.236,2.260,2,-0.073,0.150,2.208,2,0.012,-0.003,2.051,2,-0.019,0.002,1.960,2,-0.252,-0.187,2.548,2,-0.389,-0.550,2.688,1,-0.116,-0.761,2.661,2,-0.096,-0.766,2.508,2,-0.125,-0.137,2.461,2,-0.153,-0.455,2.110,2,-0.100,-0.786,1.998,2,-0.135,-0.767,1.927,2,-0.417,0.259,2.360,2,-0.499,0.267,2.024,2,-0.508,0.232,2.089,2,-0.014,-0.012,1.934,2,-0.063,-0.013,1.976,0,0,0,0,0
