0.000|kb,155381197948710000,6,25,1,72057594037932713,2,0.297,-0.107,2.716,2,0.274,0.167,2.680,2,0.252,0.434,2.633,2,0.212,0.599,2.601,2,0.110,0.348,2.696,2,-0.023,0.358,2.493,2,0.164,0.443,2.383,1,0.216,0.464,2.385,2,0.393,0.343,2.601,2,0.554,0.140,2.689,2,0.667,-0.059,2.669,2,0.704,-0.084,2.616,2,0.220,-0.110,2.699,2,0.432,-0.435,2.873,2,0.675,-0.677,3.097,2,0.652,-0.733,3.063,2,0.366,-0.101,2.664,2,0.179,-0.418,2.476,2,0.164,-0.763,2.460,2,0.114,-0.767,2.441,2,0.257,0.369,2.647,2,0.283,0.481,2.359,2,0.241,0.464,2.412,2,0.750,-0.126,2.597,2,0.653,-0.085,2.596,0,0,0,0,0
0.031|kb,155381201341970000,6,25,1,72057594037932713,2,0.298,-0.106,2.716,2,0.275,0.168,2.680,2,0.252,0.435,2.633,2,0.214,0.599,2.600,2,0.111,0.348,2.695,2,-0.022,0.358,2.493,2,0.165,0.443,2.383,1,0.219,0.464,2.387,2,0.394,0.343,2.601,2,0.555,0.140,2.689,2,0.668,-0.058,2.668,1,0.704,-0.084,2.616,2,0.221,-0.109,2.699,2,0.433,-0.435,2.873,2,0.675,-0.676,3.095,2,0.653,-0.731,3.063,2,0.367,-0.101,2.664,2,0.180,-0.418,2.476,2,0.162,-0.763,2.457,2,0.101,-0.764,2.454,2,0.258,0.369,2.647,2,0.287,0.479,2.358,2,0.245,0.467,2.414,2,0.756,-0.132,2.605,2,0.727,-0.098,2.574,0,0,0,0,0
0.063|kb,155381204650700000,6,25,1,72057594037932713,2,0.298,-0.106,2.716,2,0.275,0.168,2.680,2,0.252,0.435,2.633,2,0.216,0.599,2.600,2,0.113,0.349,2.696,2,-0.021,0.358,2.494,2,0.164,0.447,2.383,1,0.220,0.462,2.386,2,0.395,0.343,2.601,2,0.556,0.140,2.689,2,0.670,-0.058,2.669,2,0.700,-0.084,2.621,2,0.221,-0.109,2.699,2,0.435,-0.433,2.875,2,0.676,-0.678,3.095,2,0.652,-0.734,3.063,2,0.367,-0.101,2.664,2,0.180,-0.417,2.476,2,0.160,-0.763,2.454,1,0.100,-0.764,2.454,2,0.258,0.369,2.647,2,0.283,0.478,2.356,2,0.247,0.466,2.410,2,0.751,-0.135,2.598,2,0.730,-0.108,2.568,0,0,0,0,0
0.088|kb,155381207949320000,6,25,1,72057594037932713,2,0.298,-0.106,2.716,2,0.276,0.168,2.680,2,0.254,0.434,2.633,2,0.218,0.598,2.600,2,0.114,0.350,2.696,2,-0.020,0.359,2.494,2,0.170,0.441,2.385,1,0.222,0.460,2.382,2,0.396,0.342,2.600,2,0.556,0.140,2.689,2,0.669,-0.058,2.669,2,0.703,-0.089,2.619,2,0.221,-0.109,2.698,2,0.435,-0.432,2.874,2,0.676,-0.679,3.094,2,0.654,-0.734,3.062,2,0.367,-0.101,2.664,2,0.180,-0.417,2.476,2,0.159,-0.763,2.451,1,0.099,-0.764,2.454,2,0.260,0.369,2.647,2,0.284,0.476,2.351,2,0.248,0.463,2.411,2,0.756,-0.136,2.604,2,0.731,-0.106,2.571,0,0,0,0,0
0.135|kb,155381211343490000,6,25,1,72057594037932713,2,0.297,-0.106,2.715,2,0.276,0.168,2.679,2,0.256,0.434,2.632,2,0.221,0.599,2.599,2,0.115,0.350,2.695,2,-0.018,0.359,2.493,2,0.170,0.441,2.382,1,0.223,0.457,2.379,2,0.397,0.341,2.600,2,0.556,0.140,2.689,2,0.669,-0.059,2.669,2,0.699,-0.093,2.619,2,0.220,-0.108,2.696,2,0.434,-0.431,2.873,2,0.676,-0.680,3.093,2,0.653,-0.735,3.062,2,0.366,-0.101,2.663,2,0.179,-0.416,2.475,2,0.158,-0.764,2.450,1,0.098,-0.765,2.455,2,0.261,0.368,2.646,2,0.293,0.472,2.355,2,0.252,0.461,2.411,2,0.753,-0.139,2.590,2,0.651,-0.098,2.598,0,0,0,0,0
0.166|kb,155381214649990000,6,25,1,72057594037932713,2,0.297,-0.106,2.713,2,0.276,0.167,2.678,2,0.256,0.433,2.631,2,0.224,0.599,2.597,2,0.118,0.351,2.694,2,-0.011,0.362,2.489,2,0.177,0.443,2.378,1,0.227,0.455,2.377,2,0.398,0.341,2.600,2,0.557,0.138,2.688,2,0.669,-0.060,2.669,2,0.696,-0.096,2.619,2,0.220,-0.108,2.695,2,0.432,-0.432,2.871,2,0.675,-0.680,3.089,2,0.654,-0.733,3.062,2,0.366,-0.101,2.662,2,0.178,-0.416,2.475,2,0.158,-0.764,2.448,2,0.097,-0.765,2.455,2,0.261,0.368,2.645,2,0.296,0.466,2.347,2,0.254,0.461,2.405,2,0.750,-0.144,2.606,2,0.722,-0.133,2.606,0,0,0,0,0
0.198|kb,155381217948700000,6,25,1,72057594037932713,2,0.297,-0.106,2.712,2,0.277,0.168,2.677,2,0.258,0.433,2.630,2,0.227,0.598,2.596,2,0.119,0.352,2.694,2,-0.010,0.363,2.489,2,0.179,0.437,2.374,1,0.228,0.454,2.377,2,0.398,0.340,2.599,2,0.557,0.138,2.687,2,0.668,-0.061,2.669,2,0.693,-0.098,2.618,2,0.220,-0.107,2.693,2,0.437,-0.427,2.869,2,0.675,-0.680,3.089,2,0.655,-0.732,3.062,2,0.366,-0.101,2.661,2,0.176,-0.416,2.474,2,0.163,-0.759,2.449,2,0.135,-0.742,2.329,2,0.263,0.368,2.644,2,0.296,0.466,2.350,2,0.251,0.455,2.409,2,0.744,-0.144,2.599,2,0.704,-0.100,2.614,0,0,0,0,0
0.231|kb,155381221343850000,6,25,1,72057594037932713,2,0.297,-0.106,2.712,2,0.278,0.168,2.676,2,0.261,0.435,2.627,2,0.229,0.600,2.593,2,0.120,0.352,2.693,2,-0.009,0.364,2.489,2,0.180,0.436,2.371,1,0.230,0.453,2.372,2,0.399,0.340,2.599,2,0.556,0.138,2.686,2,0.666,-0.062,2.669,2,0.690,-0.100,2.620,2,0.219,-0.107,2.693,2,0.434,-0.427,2.872,2,0.676,-0.681,3.090,2,0.656,-0.733,3.062,2,0.366,-0.101,2.661,2,0.176,-0.416,2.474,2,0.163,-0.760,2.449,2,0.113,-0.763,2.444,2,0.265,0.369,2.642,2,0.297,0.465,2.345,2,0.254,0.454,2.400,2,0.742,-0.146,2.604,2,0.734,-0.126,2.607,0,0,0,0,0
0.257|kb,155381224650220000,6,25,1,72057594037932713,2,0.297,-0.105,2.712,2,0.279,0.168,2.676,2,0.263,0.432,2.627,2,0.231,0.597,2.593,2,0.121,0.352,2.693,2,-0.009,0.364,2.489,2,0.184,0.433,2.376,1,0.231,0.453,2.375,2,0.400,0.340,2.598,2,0.556,0.138,2.686,2,0.663,-0.064,2.670,2,0.688,-0.101,2.622,2,0.220,-0.106,2.692,2,0.434,-0.426,2.873,2,0.686,-0.686,3.098,2,0.649,-0.744,3.060,2,0.367,-0.101,2.661,2,0.165,-0.421,2.472,2,0.164,-0.760,2.448,2,0.105,-0.762,2.502,2,0.267,0.367,2.641,2,0.298,0.464,2.348,2,0.253,0.456,2.406,2,0.736,-0.153,2.609,2,0.719,-0.128,2.612,0,0,0,0,0
0.301|kb,155381227951620000,6,25,1,72057594037932713,2,0.297,-0.105,2.712,2,0.279,0.168,2.676,2,0.263,0.433,2.627,2,0.232,0.597,2.591,2,0.121,0.352,2.693,2,-0.009,0.365,2.488,2,0.185,0.433,2.377,1,0.231,0.453,2.370,2,0.401,0.340,2.597,2,0.555,0.138,2.685,2,0.661,-0.064,2.670,2,0.685,-0.101,2.618,2,0.220,-0.106,2.692,2,0.433,-0.426,2.873,2,0.685,-0.685,3.097,2,0.650,-0.744,3.060,2,0.367,-0.101,2.661,2,0.167,-0.419,2.475,2,0.163,-0.753,2.448,2,0.134,-0.740,2.329,2,0.267,0.368,2.641,2,0.299,0.462,2.342,2,0.255,0.456,2.404,2,0.735,-0.153,2.607,2,0.737,-0.153,2.602,0,0,0,0,0
0.332|kb,155381231342030000,6,25,1,72057594037932713,2,0.297,-0.105,2.712,2,0.280,0.168,2.675,2,0.264,0.433,2.626,2,0.233,0.596,2.589,2,0.123,0.353,2.692,2,-0.003,0.369,2.485,2,0.190,0.435,2.370,1,0.233,0.455,2.372,2,0.401,0.340,2.597,2,0.554,0.138,2.685,2,0.660,-0.065,2.671,2,0.683,-0.100,2.619,2,0.220,-0.106,2.692,2,0.433,-0.425,2.874,2,0.685,-0.685,3.097,2,0.650,-0.744,3.060,2,0.367,-0.100,2.661,2,0.161,-0.422,2.473,2,0.165,-0.752,2.449,1,0.135,-0.742,2.329,2,0.268,0.368,2.640,2,0.298,0.463,2.345,2,0.254,0.457,2.404,2,0.735,-0.149,2.607,2,0.734,-0.152,2.603,0,0,0,0,0
0.371|kb,155381237949760000,6,25,1,72057594037932713,2,0.300,-0.104,2.711,2,0.282,0.168,2.674,2,0.266,0.432,2.625,2,0.234,0.595,2.588,2,0.124,0.351,2.690,2,-0.004,0.370,2.485,2,0.192,0.443,2.380,1,0.233,0.456,2.370,2,0.401,0.340,2.596,2,0.554,0.138,2.685,2,0.659,-0.065,2.671,2,0.688,-0.099,2.622,2,0.222,-0.106,2.691,2,0.434,-0.424,2.876,2,0.682,-0.684,3.095,2,0.653,-0.742,3.063,2,0.370,-0.100,2.661,2,0.170,-0.418,2.478,2,0.163,-0.747,2.449,2,0.134,-0.739,2.330,2,0.270,0.367,2.639,2,0.297,0.462,2.337,2,0.250,0.465,2.412,2,0.733,-0.145,2.598,2,0.679,-0.084,2.628,0,0,0,0,0
0.432|kb,155381241341700000,6,25,1,72057594037932713,2,0.300,-0.104,2.711,2,0.283,0.168,2.674,2,0.266,0.432,2.624,2,0.234,0.595,2.587,2,0.125,0.352,2.690,2,-0.004,0.370,2.485,2,0.196,0.446,2.365,1,0.238,0.457,2.368,2,0.402,0.340,2.595,2,0.554,0.138,2.685,2,0.659,-0.065,2.671,2,0.693,-0.096,2.620,2,0.222,-0.105,2.691,2,0.434,-0.424,2.876,2,0.680,-0.683,3.094,2,0.654,-0.741,3.063,2,0.370,-0.100,2.662,2,0.167,-0.421,2.476,2,0.162,-0.749,2.449,2,0.132,-0.740,2.329,2,0.270,0.367,2.639,2,0.297,0.464,2.342,2,0.254,0.456,2.397,2,0.741,-0.146,2.603,2,0.740,-0.137,2.599,0,0,0,0,0
0.464|kb,155381244649780000,6,25,1,72057594037932713,2,0.301,-0.104,2.713,2,0.283,0.168,2.674,2,0.266,0.432,2.623,2,0.234,0.595,2.586,2,0.125,0.352,2.690,2,-0.003,0.370,2.485,1,0.194,0.445,2.366,1,0.238,0.455,2.368,2,0.402,0.340,2.595,2,0.554,0.138,2.685,2,0.660,-0.064,2.672,2,0.697,-0.094,2.627,2,0.223,-0.105,2.692,2,0.435,-0.424,2.876,2,0.680,-0.684,3.094,2,0.656,-0.741,3.063,2,0.371,-0.099,2.663,2,0.176,-0.417,2.480,2,0.161,-0.746,2.449,1,0.131,-0.738,2.329,2,0.270,0.367,2.638,2,0.298,0.463,2.344,2,0.256,0.455,2.402,2,0.750,-0.140,2.606,2,0.741,-0.117,2.608,0,0,0,0,0
0.490|kb,155381247948880000,6,25,1,72057594037932713,2,0.302,-0.104,2.713,2,0.284,0.168,2.674,2,0.266,0.432,2.623,2,0.234,0.595,2.585,2,0.126,0.351,2.689,2,-0.003,0.370,2.485,2,0.189,0.431,2.367,1,0.236,0.453,2.368,2,0.402,0.340,2.595,2,0.556,0.137,2.685,2,0.662,-0.065,2.673,1,0.701,-0.090,2.623,2,0.224,-0.106,2.692,2,0.435,-0.425,2.876,2,0.679,-0.684,3.093,2,0.655,-0.741,3.064,2,0.372,-0.099,2.664,2,0.169,-0.424,2.474,2,0.164,-0.751,2.448,1,0.134,-0.744,2.329,2,0.271,0.367,2.638,2,0.300,0.461,2.344,2,0.254,0.457,2.405,2,0.750,-0.142,2.609,2,0.743,-0.142,2.598,0,0,0,0,0
0.535|kb,155381251345780000,6,25,1,72057594037932713,2,0.304,-0.105,2.714,2,0.285,0.168,2.674,2,0.267,0.432,2.622,2,0.234,0.595,2.585,2,0.126,0.351,2.689,2,-0.002,0.370,2.484,2,0.205,0.446,2.350,2,0.240,0.453,2.368,2,0.403,0.340,2.595,2,0.557,0.137,2.685,2,0.666,-0.063,2.672,1,0.703,-0.087,2.622,2,0.226,-0.106,2.693,2,0.436,-0.427,2.877,2,0.678,-0.683,3.091,2,0.656,-0.739,3.064,2,0.374,-0.100,2.666,2,0.168,-0.425,2.473,2,0.163,-0.752,2.447,2,0.133,-0.745,2.328,2,0.271,0.367,2.637,2,0.305,0.459,2.346,2,0.261,0.456,2.398,2,0.750,-0.122,2.595,2,0.727,-0.084,2.607,0,0,0,0,0
0.567|kb,155381254650010000,6,25,1,72057594037932713,2,0.306,-0.105,2.717,2,0.287,0.167,2.676,2,0.268,0.431,2.623,2,0.235,0.593,2.586,2,0.127,0.351,2.689,2,-0.002,0.370,2.484,2,0.191,0.434,2.367,1,0.232,0.450,2.365,2,0.403,0.340,2.595,2,0.558,0.138,2.686,2,0.668,-0.062,2.673,1,0.706,-0.084,2.626,2,0.228,-0.107,2.695,2,0.437,-0.429,2.878,2,0.678,-0.682,3.091,2,0.657,-0.737,3.064,2,0.376,-0.100,2.668,2,0.181,-0.419,2.478,2,0.165,-0.746,2.448,1,0.135,-0.739,2.329,2,0.273,0.366,2.639,2,0.304,0.460,2.346,2,0.254,0.458,2.402,2,0.752,-0.117,2.593,2,0.723,-0.073,2.617,0,0,0,0,0
0.598|kb,155381257949020000,6,25,1,72057594037932713,2,0.306,-0.105,2.716,2,0.287,0.167,2.675,2,0.269,0.432,2.622,2,0.234,0.595,2.585,2,0.127,0.349,2.688,2,0.001,0.370,2.482,2,0.193,0.433,2.365,1,0.233,0.450,2.363,2,0.404,0.341,2.595,2,0.559,0.138,2.687,2,0.672,-0.061,2.676,1,0.710,-0.083,2.626,2,0.228,-0.107,2.695,2,0.438,-0.431,2.874,2,0.678,-0.681,3.090,2,0.657,-0.735,3.063,2,0.376,-0.100,2.668,2,0.172,-0.424,2.470,2,0.167,-0.763,2.447,2,0.107,-0.769,2.480,2,0.273,0.367,2.638,2,0.304,0.459,2.345,2,0.252,0.456,2.399,2,0.771,-0.136,2.620,2,0.768,-0.135,2.608,0,0,0,0,0
0.631|kb,155381261341740000,6,25,1,72057594037932713,2,0.307,-0.106,2.719,2,0.287,0.167,2.675,2,0.268,0.432,2.621,2,0.234,0.594,2.583,2,0.127,0.349,2.687,2,0.001,0.369,2.482,2,0.196,0.424,2.366,2,0.248,0.457,2.361,2,0.404,0.341,2.595,2,0.560,0.138,2.688,2,0.674,-0.060,2.677,1,0.713,-0.082,2.630,2,0.229,-0.108,2.697,2,0.440,-0.432,2.876,2,0.677,-0.680,3.088,2,0.659,-0.732,3.065,2,0.377,-0.101,2.671,2,0.190,-0.417,2.475,2,0.171,-0.766,2.447,2,0.093,-0.771,2.447,2,0.273,0.367,2.637,2,0.300,0.459,2.339,2,0.254,0.454,2.394,2,0.762,-0.121,2.606,2,0.726,-0.069,2.622,0,0,0,0,0
0.656|kb,155381264650280000,6,25,1,72057594037932713,2,0.310,-0.106,2.720,2,0.288,0.167,2.675,2,0.268,0.432,2.620,2,0.234,0.595,2.583,2,0.128,0.347,2.686,2,0.000,0.369,2.481,2,0.192,0.425,2.359,1,0.245,0.456,2.355,2,0.404,0.341,2.594,2,0.560,0.138,2.688,2,0.675,-0.059,2.677,1,0.713,-0.082,2.628,2,0.233,-0.110,2.699,2,0.441,-0.437,2.874,2,0.677,-0.680,3.087,2,0.658,-0.732,3.064,2,0.380,-0.101,2.672,2,0.181,-0.423,2.467,1,0.177,-0.774,2.447,2,0.093,-0.771,2.445,2,0.274,0.367,2.636,2,0.300,0.458,2.338,2,0.254,0.454,2.389,2,0.765,-0.126,2.614,2,0.764,-0.128,2.609,0,0,0,0,0
0.702|kb,155381267950670000,6,25,1,72057594037932713,2,0.311,-0.107,2.722,2,0.288,0.167,2.676,2,0.268,0.432,2.619,2,0.235,0.594,2.581,2,0.128,0.344,2.682,2,0.000,0.367,2.478,2,0.188,0.426,2.352,2,0.242,0.454,2.347,2,0.404,0.341,2.594,2,0.561,0.138,2.689,2,0.676,-0.059,2.678,1,0.714,-0.080,2.624,2,0.233,-0.110,2.700,2,0.441,-0.439,2.874,2,0.677,-0.681,3.087,2,0.658,-0.730,3.064,2,0.381,-0.101,2.674,2,0.254,-0.367,2.483,2,0.155,-0.781,2.447,2,0.095,-0.770,2.445,2,0.274,0.367,2.636,2,0.297,0.456,2.321,2,0.247,0.449,2.382,2,0.760,-0.116,2.598,2,0.719,-0.065,2.612,0,0,0,0,0
0.733|kb,155381271342010000,6,25,1,72057594037932713,2,0.314,-0.108,2.725,2,0.290,0.166,2.676,2,0.268,0.431,2.617,2,0.235,0.593,2.580,2,0.128,0.342,2.680,2,-0.002,0.363,2.477,2,0.177,0.426,2.340,2,0.234,0.450,2.341,2,0.405,0.341,2.594,2,0.560,0.138,2.689,2,0.677,-0.058,2.679,1,0.712,-0.080,2.625,2,0.236,-0.112,2.702,2,0.442,-0.442,2.876,2,0.677,-0.680,3.086,2,0.661,-0.727,3.065,2,0.384,-0.101,2.678,2,0.193,-0.364,2.459,2,0.157,-0.784,2.450,2,0.092,-0.768,2.434,2,0.274,0.366,2.635,2,0.293,0.457,2.324,2,0.248,0.451,2.373,2,0.763,-0.116,2.607,2,0.762,-0.117,2.600,0,0,0,0,0
0.764|kb,155381274649960000,6,25,1,72057594037932713,2,0.315,-0.109,2.725,2,0.290,0.165,2.676,2,0.268,0.431,2.615,2,0.234,0.593,2.577,2,0.128,0.339,2.677,2,-0.003,0.359,2.474,2,0.177,0.425,2.338,2,0.231,0.448,2.332,2,0.404,0.340,2.592,2,0.560,0.138,2.690,2,0.676,-0.058,2.678,2,0.711,-0.078,2.617,2,0.236,-0.113,2.702,2,0.442,-0.443,2.876,2,0.678,-0.681,3.087,2,0.660,-0.727,3.065,2,0.385,-0.102,2.679,2,0.193,-0.361,2.459,2,0.158,-0.785,2.452,2,0.090,-0.769,2.432,2,0.274,0.365,2.633,2,0.285,0.455,2.311,2,0.241,0.446,2.367,2,0.754,-0.111,2.593,2,0.751,-0.102,2.589,0,0,0,0,0
0.789|kb,155381277948630000,6,25,1,72057594037932713,2,0.315,-0.109,2.725,2,0.291,0.164,2.675,2,0.268,0.428,2.612,2,0.234,0.590,2.574,2,0.126,0.334,2.672,2,-0.002,0.355,2.468,2,0.173,0.419,2.325,2,0.225,0.445,2.320,2,0.404,0.340,2.591,2,0.559,0.139,2.690,2,0.674,-0.058,2.676,2,0.707,-0.078,2.609,2,0.237,-0.113,2.702,2,0.442,-0.443,2.877,2,0.678,-0.682,3.088,2,0.660,-0.727,3.065,2,0.385,-0.102,2.679,2,0.193,-0.359,2.459,2,0.159,-0.783,2.454,2,0.088,-0.767,2.422,2,0.274,0.363,2.630,2,0.282,0.450,2.297,2,0.237,0.444,2.352,2,0.751,-0.113,2.587,2,0.749,-0.116,2.580,0,0,0,0,0
0.835|kb,155381281344040000,6,25,1,72057594037932713,2,0.316,-0.109,2.726,2,0.291,0.164,2.673,2,0.265,0.428,2.603,2,0.233,0.591,2.566,2,0.125,0.331,2.665,2,-0.002,0.352,2.460,2,0.171,0.418,2.315,2,0.223,0.445,2.307,2,0.402,0.339,2.587,2,0.556,0.140,2.689,2,0.671,-0.058,2.671,1,0.707,-0.077,2.607,2,0.237,-0.114,2.703,2,0.442,-0.443,2.877,2,0.679,-0.681,3.089,2,0.661,-0.727,3.065,2,0.387,-0.101,2.680,1,0.193,-0.357,2.458,2,0.158,-0.781,2.455,2,0.085,-0.767,2.420,2,0.272,0.363,2.623,2,0.277,0.452,2.284,2,0.231,0.440,2.338,2,0.752,-0.113,2.591,2,0.727,-0.102,2.597,0,0,0,0,0
0.866|kb,155381284649980000,6,25,1,72057594037932713,2,0.315,-0.109,2.725,2,0.290,0.164,2.673,2,0.263,0.428,2.605,2,0.231,0.588,2.562,2,0.124,0.333,2.666,2,-0.014,0.339,2.464,2,0.148,0.410,2.306,2,0.207,0.438,2.294,2,0.394,0.336,2.583,2,0.552,0.141,2.686,2,0.668,-0.056,2.663,2,0.701,-0.076,2.592,2,0.237,-0.114,2.702,2,0.439,-0.444,2.878,2,0.680,-0.681,3.089,2,0.661,-0.727,3.064,2,0.386,-0.102,2.679,1,0.191,-0.356,2.457,2,0.116,-0.788,2.464,2,0.077,-0.775,2.419,2,0.270,0.363,2.624,2,0.274,0.454,2.274,2,0.224,0.439,2.318,2,0.748,-0.109,2.578,2,0.751,-0.109,2.576,0,0,0,0,0
0.897|kb,155381287948950000,6,25,1,72057594037932713,2,0.315,-0.109,2.724,2,0.286,0.165,2.662,2,0.254,0.431,2.581,2,0.225,0.596,2.547,2,0.117,0.328,2.645,2,-0.013,0.341,2.441,2,0.147,0.409,2.282,1,0.203,0.441,2.279,2,0.389,0.337,2.572,2,0.546,0.141,2.680,2,0.662,-0.055,2.653,1,0.696,-0.075,2.584,2,0.236,-0.114,2.699,2,0.436,-0.442,2.880,2,0.679,-0.680,3.090,2,0.664,-0.723,3.066,2,0.386,-0.101,2.678,1,0.190,-0.355,2.456,2,0.116,-0.784,2.465,2,0.074,-0.773,2.419,2,0.263,0.365,2.604,2,0.266,0.456,2.248,2,0.226,0.444,2.309,2,0.746,-0.117,2.575,2,0.745,-0.119,2.569,0,0,0,0,0
0.930|kb,155381291341870000,6,25,1,72057594037932713,2,0.309,-0.107,2.715,2,0.279,0.163,2.653,2,0.248,0.427,2.576,2,0.223,0.593,2.541,2,0.112,0.335,2.633,2,-0.016,0.342,2.427,2,0.147,0.416,2.274,1,0.202,0.448,2.264,2,0.384,0.336,2.565,2,0.535,0.144,2.672,2,0.655,-0.049,2.647,2,0.683,-0.070,2.577,2,0.229,-0.112,2.690,2,0.429,-0.434,2.880,2,0.680,-0.678,3.092,2,0.663,-0.723,3.065,2,0.381,-0.099,2.671,1,0.186,-0.358,2.452,2,0.111,-0.782,2.466,2,0.070,-0.774,2.419,2,0.256,0.362,2.598,2,0.265,0.463,2.238,2,0.219,0.444,2.295,2,0.725,-0.101,2.546,2,0.721,-0.090,2.544,0,0,0,0,0
0.954|kb,155381294651450000,6,25,1,72057594037932713,2,0.298,-0.107,2.704,2,0.271,0.163,2.641,2,0.243,0.426,2.565,2,0.216,0.590,2.528,2,0.104,0.333,2.618,2,-0.019,0.346,2.401,2,0.149,0.421,2.255,2,0.158,0.436,2.249,2,0.375,0.336,2.551,2,0.525,0.144,2.663,2,0.646,-0.048,2.628,2,0.678,-0.069,2.564,2,0.218,-0.112,2.676,2,0.420,-0.423,2.878,2,0.635,-0.634,3.056,2,0.617,-0.693,2.940,2,0.371,-0.100,2.662,1,0.172,-0.368,2.440,1,0.097,-0.787,2.461,2,0.064,-0.784,2.407,2,0.250,0.361,2.586,2,0.220,0.475,2.199,2,0.213,0.449,2.278,2,0.734,-0.112,2.554,2,0.735,-0.111,2.545,0,0,0,0,0
1.000|kb,155381297950330000,6,25,1,72057594037932713,2,0.287,-0.104,2.691,2,0.253,0.166,2.622,2,0.218,0.429,2.541,2,0.206,0.600,2.512,2,0.094,0.335,2.602,2,-0.030,0.341,2.389,2,0.129,0.423,2.237,2,0.151,0.442,2.229,2,0.363,0.341,2.536,2,0.510,0.149,2.645,2,0.634,-0.042,2.622,1,0.664,-0.063,2.549,2,0.207,-0.109,2.661,2,0.410,-0.413,2.873,2,0.610,-0.610,3.039,2,0.613,-0.690,2.940,2,0.360,-0.097,2.650,1,0.163,-0.369,2.431,1,0.090,-0.774,2.454,2,0.080,-0.765,2.328,2,0.227,0.364,2.564,2,0.215,0.488,2.189,2,0.197,0.441,2.248,2,0.709,-0.093,2.512,2,0.697,-0.073,2.523,0,0,0,0,0
1.030|kb,155381301342150000,6,25,1,72057594037932713,2,0.274,-0.098,2.678,2,0.243,0.173,2.609,2,0.210,0.436,2.528,2,0.199,0.606,2.496,2,0.084,0.339,2.586,2,-0.044,0.346,2.368,2,0.137,0.441,2.215,2,0.148,0.450,2.209,2,0.355,0.342,2.523,2,0.501,0.152,2.635,2,0.623,-0.040,2.609,1,0.656,-0.060,2.538,2,0.194,-0.103,2.650,2,0.395,-0.401,2.869,2,0.608,-0.604,3.045,2,0.633,-0.688,3.043,2,0.348,-0.090,2.637,1,0.142,-0.350,2.412,2,0.096,-0.769,2.458,2,0.061,-0.772,2.513,2,0.218,0.371,2.551,2,0.212,0.500,2.170,2,0.182,0.438,2.213,2,0.727,-0.104,2.541,2,0.639,-0.049,2.544,0,0,0,0,0
1.058|kb,155381304650440000,6,25,1,72057594037932713,2,0.244,-0.085,2.658,2,0.226,0.183,2.591,2,0.203,0.444,2.511,2,0.193,0.615,2.480,2,0.069,0.359,2.552,2,-0.048,0.363,2.327,2,0.134,0.443,2.204,2,0.154,0.462,2.185,2,0.343,0.349,2.506,2,0.483,0.158,2.613,2,0.603,-0.036,2.589,1,0.643,-0.051,2.523,2,0.161,-0.086,2.627,2,0.368,-0.381,2.846,2,0.517,-0.529,2.965,2,0.515,-0.596,2.854,2,0.321,-0.082,2.620,1,0.115,-0.346,2.398,2,0.101,-0.769,2.462,1,0.062,-0.771,2.512,2,0.209,0.380,2.533,2,0.222,0.512,2.147,2,0.190,0.451,2.209,2,0.689,-0.078,2.490,2,0.666,-0.054,2.505,0,0,0,0,0
1.089|kb,155381307961470000,6,25,1,72057594037932713,2,0.233,-0.079,2.648,2,0.215,0.190,2.578,2,0.195,0.451,2.495,2,0.186,0.623,2.466,2,0.060,0.362,2.542,2,-0.058,0.371,2.315,2,0.122,0.447,2.185,2,0.208,0.501,2.166,2,0.335,0.357,2.491,2,0.472,0.162,2.602,2,0.590,-0.032,2.574,1,0.629,-0.041,2.499,2,0.151,-0.081,2.617,2,0.343,-0.385,2.838,2,0.487,-0.508,2.951,2,0.497,-0.588,2.851,2,0.308,-0.075,2.610,1,0.095,-0.339,2.386,2,0.103,-0.768,2.462,1,0.058,-0.770,2.508,2,0.200,0.387,2.518,2,0.266,0.516,2.151,2,0.225,0.493,2.205,2,0.677,-0.070,2.467,2,0.658,-0.051,2.479,0,0,0,0,0
1.135|kb,155381311347980000,6,25,1,72057594037932713,2,0.212,-0.070,2.628,2,0.200,0.197,2.561,2,0.187,0.458,2.482,2,0.180,0.628,2.448,2,0.059,0.365,2.536,2,-0.067,0.372,2.301,2,0.111,0.451,2.169,2,0.208,0.510,2.147,2,0.325,0.367,2.473,2,0.442,0.181,2.579,2,0.563,-0.011,2.546,2,0.606,-0.026,2.482,2,0.130,-0.071,2.593,2,0.311,-0.382,2.813,2,0.601,-0.627,3.067,2,0.624,-0.695,3.042,2,0.288,-0.067,2.593,1,0.071,-0.330,2.368,2,0.091,-0.763,2.455,1,0.042,-0.758,2.495,2,0.190,0.394,2.504,2,0.270,0.529,2.132,2,0.223,0.501,2.180,2,0.655,-0.045,2.442,2,0.643,-0.037,2.470,0,0,0,0,0
1.166|kb,155381314649770000,6,25,1,72057594037932713,2,0.203,-0.061,2.617,2,0.187,0.214,2.539,2,0.169,0.484,2.445,2,0.176,0.660,2.426,2,0.037,0.380,2.486,2,-0.075,0.379,2.271,2,0.161,0.493,2.119,2,0.212,0.519,2.131,2,0.319,0.377,2.461,2,0.425,0.193,2.566,2,0.549,0.001,2.540,2,0.596,-0.018,2.473,2,0.122,-0.063,2.582,2,0.291,-0.383,2.800,2,0.448,-0.547,2.936,2,0.440,-0.602,2.814,2,0.279,-0.058,2.582,2,0.145,-0.386,2.432,1,0.164,-0.820,2.518,1,0.113,-0.811,2.557,2,0.174,0.417,2.471,2,0.277,0.540,2.123,2,0.228,0.511,2.163,2,0.667,-0.061,2.470,2,0.633,-0.040,2.498,0,0,0,0,0
1.191|kb,155381317951260000,6,25,1,72057594037932713,2,0.189,-0.048,2.592,2,0.179,0.223,2.522,2,0.167,0.488,2.437,2,0.175,0.663,2.410,2,0.037,0.386,2.468,2,-0.010,0.424,2.207,2,0.185,0.505,2.110,2,0.216,0.527,2.114,2,0.311,0.388,2.446,2,0.413,0.195,2.556,2,0.534,0.004,2.505,2,0.546,0.013,2.476,2,0.105,-0.049,2.554,2,0.272,-0.367,2.776,2,0.417,-0.512,2.906,2,0.422,-0.578,2.794,2,0.267,-0.046,2.561,2,0.134,-0.345,2.417,2,0.095,-0.732,2.445,2,0.089,-0.741,2.314,2,0.170,0.422,2.461,2,0.280,0.548,2.107,2,0.231,0.517,2.144,2,0.609,-0.017,2.447,2,0.603,-0.029,2.484,0,0,0,0,0
1.220|kb,155381321345050000,6,25,1,72057594037932713,2,0.180,-0.042,2.581,2,0.174,0.231,2.509,2,0.167,0.497,2.423,2,0.174,0.673,2.398,2,0.035,0.401,2.445,2,-0.008,0.423,2.192,2,0.187,0.507,2.097,2,0.216,0.528,2.103,2,0.308,0.395,2.437,2,0.397,0.203,2.544,2,0.513,0.016,2.468,2,0.576,-0.003,2.433,2,0.097,-0.043,2.543,2,0.233,-0.381,2.758,2,0.387,-0.506,2.888,2,0.401,-0.575,2.779,2,0.258,-0.041,2.550,2,0.120,-0.395,2.410,1,0.037,-0.798,2.449,1,0.040,-0.806,2.319,2,0.169,0.431,2.447,2,0.284,0.555,2.101,2,0.235,0.522,2.137,2,0.617,-0.022,2.419,2,0.578,-0.019,2.448,0,0,0,0,0
1.266|kb,155381324650390000,6,25,1,72057594037932713,2,0.164,-0.039,2.574,2,0.169,0.236,2.500,2,0.170,0.505,2.411,2,0.175,0.680,2.390,2,0.033,0.407,2.436,2,-0.009,0.424,2.191,2,0.186,0.507,2.094,2,0.215,0.530,2.096,2,0.303,0.399,2.429,2,0.382,0.212,2.531,2,0.500,0.029,2.447,2,0.535,0.013,2.424,2,0.084,-0.038,2.537,2,0.002,-0.308,2.668,2,0.217,-0.497,2.836,2,0.239,-0.568,2.728,2,0.238,-0.039,2.541,2,0.117,-0.394,2.407,2,0.083,-0.751,2.443,1,0.086,-0.767,2.315,2,0.169,0.438,2.436,2,0.282,0.558,2.091,2,0.240,0.529,2.131,2,0.601,-0.019,2.410,2,0.569,-0.017,2.427,0,0,0,0,0
1.297|kb,155381327954060000,6,25,1,72057594037932713,2,0.139,-0.035,2.564,2,0.157,0.244,2.489,2,0.169,0.515,2.400,2,0.177,0.686,2.382,2,0.032,0.400,2.426,2,-0.005,0.421,2.181,2,0.159,0.503,2.118,2,0.216,0.530,2.091,2,0.300,0.403,2.423,2,0.376,0.214,2.522,2,0.494,0.032,2.437,2,0.525,0.018,2.401,2,0.058,-0.030,2.524,1,-0.033,-0.292,2.664,2,0.190,-0.484,2.817,2,0.213,-0.556,2.709,2,0.216,-0.039,2.534,2,0.114,-0.362,2.402,2,0.081,-0.750,2.440,2,0.086,-0.766,2.312,2,0.166,0.448,2.425,2,0.281,0.560,2.083,2,0.235,0.523,2.122,2,0.587,-0.010,2.380,2,0.555,-0.011,2.401,0,0,0,0,0
1.321|kb,155381331344460000,6,25,1,72057594037932713,2,0.120,-0.035,2.561,2,0.148,0.247,2.483,2,0.168,0.522,2.391,2,0.179,0.691,2.374,1,0.032,0.400,2.418,2,-0.006,0.425,2.179,2,0.184,0.508,2.071,2,0.213,0.532,2.089,2,0.298,0.407,2.418,2,0.368,0.217,2.513,2,0.478,0.037,2.412,2,0.527,0.020,2.362,2,0.043,-0.032,2.522,2,0.027,-0.364,2.490,2,0.187,-0.473,2.692,2,0.235,-0.562,2.626,2,0.193,-0.037,2.529,2,0.097,-0.369,2.420,2,0.078,-0.764,2.438,2,0.052,-0.784,2.441,2,0.164,0.454,2.417,2,0.281,0.564,2.086,2,0.238,0.529,2.127,2,0.589,-0.012,2.335,2,0.508,0.003,2.382,0,0,0,0,0
1.355|kb,155381334645400000,6,25,1,72057594037932713,2,0.096,-0.025,2.553,2,0.134,0.257,2.475,2,0.165,0.530,2.385,2,0.182,0.697,2.368,2,0.023,0.452,2.398,2,-0.010,0.428,2.157,2,0.217,0.547,2.084,2,0.213,0.540,2.092,2,0.296,0.412,2.412,2,0.363,0.220,2.506,2,0.472,0.041,2.403,2,0.516,0.028,2.340,2,0.022,-0.018,2.516,2,-0.058,-0.339,2.505,1,0.142,-0.525,2.671,2,0.174,-0.602,2.574,2,0.167,-0.031,2.520,2,0.097,-0.376,2.417,2,0.079,-0.760,2.437,2,0.088,-0.762,2.310,2,0.158,0.463,2.410,2,0.276,0.569,2.088,2,0.227,0.529,2.122,2,0.584,-0.007,2.325,2,0.498,0.013,2.356,0,0,0,0,0
1.400|kb,155381337953220000,6,25,1,72057594037932713,2,0.081,-0.018,2.545,2,0.128,0.263,2.469,2,0.165,0.535,2.381,2,0.189,0.708,2.359,2,0.023,0.461,2.395,2,0.001,0.443,2.153,2,0.218,0.553,2.086,2,0.207,0.548,2.094,2,0.294,0.416,2.408,2,0.359,0.222,2.501,2,0.461,0.051,2.377,2,0.506,0.040,2.318,2,0.008,-0.007,2.508,2,-0.064,-0.330,2.494,1,0.040,-0.600,2.610,2,0.056,-0.679,2.534,2,0.152,-0.028,2.512,2,0.098,-0.376,2.416,2,0.081,-0.758,2.437,2,0.088,-0.761,2.309,2,0.157,0.468,2.405,2,0.266,0.574,2.087,2,0.219,0.533,2.126,2,0.558,0.018,2.295,2,0.538,0.012,2.323,0,0,0,0,0
1.431|kb,155381341344520000,6,25,1,72057594037932713,2,0.071,-0.012,2.536,2,0.120,0.268,2.464,2,0.163,0.539,2.379,2,0.195,0.716,2.356,2,0.025,0.467,2.389,2,0.002,0.434,2.148,2,0.216,0.564,2.088,1,0.233,0.584,2.095,2,0.293,0.418,2.406,2,0.356,0.222,2.495,2,0.458,0.065,2.331,2,0.498,0.052,2.294,2,-0.001,0.003,2.499,1,-0.093,-0.316,2.455,1,-0.054,-0.477,2.560,2,-0.046,-0.430,2.500,2,0.141,-0.026,2.503,2,0.100,-0.375,2.412,2,0.082,-0.753,2.435,2,0.090,-0.757,2.308,2,0.153,0.473,2.402,2,0.253,0.581,2.075,2,0.240,0.570,2.099,2,0.555,0.037,2.238,2,0.526,0.021,2.300,0,0,0,0,0
1.456|kb,155381344641910000,6,25,1,72057594037932713,2,0.057,-0.009,2.527,2,0.118,0.268,2.463,2,0.167,0.535,2.382,2,0.199,0.711,2.358,2,0.025,0.467,2.389,2,0.005,0.456,2.146,2,0.081,0.492,2.103,2,0.144,0.536,2.084,2,0.293,0.418,2.406,2,0.356,0.219,2.491,2,0.444,0.071,2.330,2,0.488,0.066,2.277,2,-0.016,0.010,2.488,1,-0.091,-0.314,2.452,1,-0.110,-0.451,2.516,1,-0.089,-0.455,2.490,2,0.128,-0.026,2.495,2,0.098,-0.377,2.409,2,0.083,-0.750,2.434,2,0.091,-0.754,2.306,2,0.154,0.470,2.404,2,0.206,0.595,2.067,2,0.183,0.532,2.117,2,0.548,0.050,2.222,2,0.509,0.036,2.284,0,0,0,0,0
1.501|kb,155381347951870000,6,25,1,72057594037932713,2,0.046,-0.003,2.518,2,0.116,0.268,2.462,2,0.171,0.533,2.385,2,0.207,0.708,2.362,2,0.026,0.465,2.388,2,0.002,0.467,2.145,2,0.169,0.604,2.064,2,0.193,0.607,2.095,2,0.294,0.419,2.406,2,0.356,0.219,2.488,2,0.443,0.073,2.323,2,0.473,0.081,2.258,2,-0.027,0.017,2.479,2,-0.195,-0.211,2.270,2,-0.072,-0.370,2.500,2,-0.074,-0.483,2.496,2,0.117,-0.023,2.487,2,0.093,-0.373,2.406,2,0.079,-0.748,2.435,2,0.087,-0.753,2.306,2,0.156,0.469,2.405,2,0.211,0.609,2.093,2,0.209,0.596,2.103,2,0.523,0.069,2.231,2,0.509,0.048,2.255,0,0,0,0,0
1.532|kb,155381351344280000,6,25,1,72057594037932713,2,0.038,0.005,2.513,2,0.113,0.270,2.459,2,0.172,0.532,2.385,2,0.217,0.704,2.359,2,0.027,0.462,2.386,2,-0.098,0.456,2.179,2,0.146,0.590,2.077,1,0.171,0.616,2.092,2,0.294,0.420,2.406,2,0.357,0.216,2.478,2,0.435,0.087,2.266,2,0.459,0.099,2.232,2,-0.033,0.026,2.473,2,-0.217,-0.133,2.212,2,-0.110,-0.361,2.487,2,-0.114,-0.437,2.476,2,0.107,-0.016,2.482,2,0.083,-0.363,2.397,2,0.077,-0.745,2.435,2,0.085,-0.752,2.306,2,0.156,0.469,2.405,2,0.179,0.619,2.077,2,0.182,0.606,2.095,2,0.517,0.096,2.164,2,0.507,0.066,2.215,0,0,0,0,0
1.564|kb,155381354652280000,6,25,1,72057594037932713,2,0.032,0.012,2.510,2,0.107,0.284,2.452,2,0.176,0.548,2.380,2,0.226,0.710,2.354,2,0.028,0.462,2.385,2,-0.102,0.460,2.181,2,0.006,0.540,2.089,2,0.074,0.571,2.071,2,0.295,0.421,2.406,2,0.358,0.216,2.477,2,0.425,0.105,2.241,2,0.451,0.111,2.218,2,-0.038,0.034,2.470,2,-0.225,-0.071,2.182,2,-0.185,-0.353,2.412,2,-0.175,-0.404,2.285,2,0.101,-0.010,2.479,2,0.077,-0.355,2.395,2,0.049,-0.738,2.441,2,0.058,-0.748,2.311,2,0.158,0.483,2.400,2,0.127,0.625,2.040,2,0.115,0.560,2.096,2,0.507,0.108,2.169,2,0.483,0.077,2.200,0,0,0,0,0
1.596|kb,155381357949110000,6,25,1,72057594037932713,2,0.017,0.032,2.500,2,0.103,0.298,2.448,2,0.180,0.559,2.380,2,0.235,0.710,2.360,2,0.057,0.507,2.357,2,-0.112,0.463,2.191,2,0.056,0.576,2.074,1,0.062,0.612,2.069,2,0.296,0.428,2.409,2,0.368,0.223,2.472,2,0.423,0.113,2.229,2,0.428,0.131,2.205,2,-0.050,0.059,2.463,2,-0.231,-0.002,2.156,2,-0.230,-0.292,2.365,2,-0.209,-0.351,2.246,2,0.083,0.005,2.467,2,0.057,-0.325,2.403,2,0.038,-0.723,2.441,2,0.057,-0.728,2.313,2,0.161,0.494,2.399,2,0.083,0.631,2.026,2,0.077,0.618,2.082,2,0.491,0.097,2.176,2,0.423,0.091,2.228,0,0,0,0,0
1.622|kb,155381361345370000,6,25,1,72057594037932713,2,0.010,0.043,2.497,2,0.102,0.304,2.447,2,0.187,0.563,2.381,2,0.245,0.706,2.360,2,0.058,0.508,2.356,2,-0.128,0.471,2.209,2,-0.049,0.545,2.113,2,-0.009,0.577,2.069,2,0.305,0.431,2.414,2,0.363,0.216,2.465,2,0.393,0.141,2.241,2,0.411,0.148,2.190,2,-0.057,0.074,2.459,2,-0.231,0.008,2.150,2,-0.281,-0.260,2.344,2,-0.262,-0.339,2.239,2,0.077,0.012,2.464,2,0.045,-0.324,2.407,2,0.002,-0.722,2.427,2,0.025,-0.725,2.300,2,0.165,0.499,2.400,2,0.022,0.639,2.019,2,0.033,0.574,2.090,2,0.465,0.148,2.145,2,0.352,0.200,2.167,0,0,0,0,0
1.668|kb,155381364643960000,6,25,1,72057594037932713,2,0.000,0.048,2.493,2,0.100,0.306,2.445,2,0.188,0.563,2.381,2,0.252,0.699,2.361,2,0.058,0.508,2.356,2,-0.155,0.480,2.255,2,-0.090,0.548,2.136,2,-0.060,0.575,2.078,2,0.305,0.430,2.413,2,0.348,0.217,2.479,1,0.375,0.093,2.278,2,0.395,0.158,2.181,2,-0.065,0.080,2.455,2,-0.230,0.019,2.140,2,-0.306,-0.225,2.332,2,-0.294,-0.314,2.235,2,0.064,0.014,2.460,2,0.034,-0.326,2.408,2,-0.019,-0.729,2.418,2,0.006,-0.735,2.291,2,0.166,0.499,2.399,2,-0.036,0.648,2.036,2,-0.011,0.574,2.085,2,0.432,0.170,2.139,2,0.347,0.192,2.168,0,0,0,0,0
1.699|kb,155381367949470000,6,25,1,72057594037932713,2,-0.016,0.048,2.483,2,0.098,0.305,2.442,2,0.198,0.557,2.380,2,0.262,0.689,2.363,2,0.059,0.506,2.357,2,-0.154,0.484,2.254,2,-0.125,0.544,2.153,2,-0.113,0.573,2.093,2,0.316,0.412,2.423,2,0.345,0.165,2.423,2,0.382,0.187,2.169,2,0.383,0.178,2.164,2,-0.078,0.084,2.443,2,-0.234,0.018,2.123,2,-0.383,-0.249,2.367,2,-0.359,-0.305,2.371,2,0.045,0.011,2.453,2,0.023,-0.327,2.405,2,-0.061,-0.736,2.389,2,-0.013,-0.757,2.405,2,0.171,0.496,2.398,2,-0.105,0.649,2.041,2,-0.061,0.565,2.084,2,0.438,0.165,2.104,2,0.328,0.229,2.153,0,0,0,0,0
1.731|kb,155381371342140000,6,25,1,72057594037932713,2,-0.022,0.035,2.475,2,0.097,0.296,2.436,2,0.207,0.548,2.380,2,0.270,0.677,2.364,2,0.061,0.501,2.359,2,-0.175,0.448,2.362,2,-0.155,0.551,2.123,2,-0.162,0.562,2.116,2,0.317,0.399,2.424,2,0.375,0.186,2.479,2,0.375,0.190,2.169,2,0.367,0.192,2.158,2,-0.083,0.061,2.427,2,-0.229,0.055,2.095,1,-0.356,-0.180,2.323,2,-0.336,-0.244,2.207,2,0.040,0.004,2.450,2,0.006,-0.337,2.397,2,-0.063,-0.734,2.390,2,-0.030,-0.726,2.266,2,0.179,0.486,2.396,2,-0.163,0.629,2.085,2,-0.104,0.569,2.096,2,0.401,0.230,2.100,2,0.310,0.235,2.158,0,0,0,0,0
1.755|kb,155381374650560000,6,25,1,72057594037932713,2,-0.027,0.027,2.471,2,0.096,0.288,2.433,2,0.212,0.539,2.379,2,0.277,0.667,2.365,2,0.063,0.494,2.363,2,-0.177,0.443,2.381,2,-0.205,0.504,2.153,2,-0.208,0.557,2.148,2,0.319,0.392,2.425,2,0.324,0.173,2.485,2,0.365,0.196,2.170,2,0.354,0.208,2.152,2,-0.086,0.057,2.425,2,-0.230,0.055,2.092,1,-0.374,-0.206,2.342,2,-0.425,-0.250,2.315,2,0.032,-0.004,2.447,2,-0.001,-0.338,2.394,2,-0.053,-0.740,2.393,2,-0.022,-0.734,2.270,2,0.183,0.478,2.394,2,-0.221,0.624,2.113,2,-0.156,0.556,2.127,2,0.387,0.247,2.099,2,0.300,0.245,2.161,0,0,0,0,0
1.801|kb,155381377950850000,6,25,1,72057594037932713,2,-0.032,0.024,2.469,2,0.095,0.280,2.431,2,0.218,0.523,2.380,2,0.283,0.657,2.365,2,0.065,0.490,2.366,2,-0.189,0.465,2.357,2,-0.227,0.531,2.242,2,-0.251,0.563,2.179,2,0.320,0.388,2.425,2,0.353,0.136,2.313,2,0.355,0.181,2.214,2,0.341,0.226,2.147,2,-0.089,0.054,2.424,1,-0.232,0.054,2.090,1,-0.377,-0.209,2.343,2,-0.450,-0.201,2.277,2,0.027,-0.008,2.443,2,-0.007,-0.339,2.391,2,-0.049,-0.756,2.395,2,-0.011,-0.764,2.406,2,0.187,0.464,2.395,2,-0.271,0.628,2.142,2,-0.195,0.556,2.153,2,0.376,0.268,2.089,2,0.287,0.263,2.172,0,0,0,0,0
1.833|kb,155381381341980000,6,25,1,72057594037932713,2,-0.033,0.019,2.468,2,0.095,0.273,2.431,2,0.220,0.517,2.381,2,0.289,0.647,2.368,2,0.067,0.484,2.373,2,-0.192,0.466,2.368,2,-0.249,0.518,2.280,2,-0.290,0.551,2.225,2,0.317,0.385,2.424,2,0.352,0.137,2.313,2,0.344,0.196,2.212,2,0.326,0.244,2.148,2,-0.091,0.049,2.424,1,-0.215,0.049,2.083,1,-0.503,-0.106,2.323,2,-0.452,-0.180,2.267,2,0.026,-0.012,2.441,2,-0.013,-0.342,2.390,2,-0.028,-0.757,2.412,2,-0.006,-0.749,2.285,2,0.189,0.458,2.396,2,-0.316,0.616,2.184,2,-0.234,0.545,2.184,2,0.358,0.297,2.093,2,0.273,0.279,2.172,0,0,0,0,0
1.864|kb,155381384649980000,6,25,1,72057594037932713,2,-0.036,0.016,2.465,2,0.095,0.270,2.430,2,0.222,0.513,2.382,2,0.295,0.635,2.369,2,0.066,0.483,2.372,2,-0.161,0.454,2.438,2,-0.322,0.504,2.274,2,-0.318,0.524,2.272,2,0.315,0.384,2.423,2,0.342,0.152,2.303,2,0.332,0.228,2.201,2,0.314,0.270,2.144,2,-0.094,0.046,2.423,2,-0.212,0.142,2.053,1,-0.498,-0.101,2.263,2,-0.473,-0.153,2.232,2,0.023,-0.015,2.437,2,-0.022,-0.346,2.390,2,-0.020,-0.754,2.411,2,0.016,-0.766,2.460,2,0.190,0.454,2.396,2,-0.345,0.590,2.242,2,-0.275,0.523,2.237,2,0.338,0.332,2.084,2,0.283,0.303,2.164,0,0,0,0,0
1.889|kb,155381387948820000,6,25,1,72057594037932713,2,-0.044,0.012,2.460,2,0.093,0.267,2.428,2,0.223,0.510,2.382,2,0.298,0.630,2.370,2,0.069,0.474,2.373,2,-0.159,0.452,2.446,2,-0.279,0.496,2.358,2,-0.344,0.513,2.315,2,0.311,0.384,2.420,2,0.342,0.152,2.304,2,0.329,0.234,2.200,2,0.304,0.282,2.146,2,-0.102,0.043,2.421,2,-0.218,0.146,2.030,1,-0.503,-0.099,2.253,2,-0.482,-0.145,2.215,2,0.015,-0.020,2.427,2,-0.028,-0.350,2.390,2,-0.027,-0.750,2.415,2,-0.010,-0.742,2.286,2,0.191,0.451,2.396,2,-0.385,0.582,2.283,2,-0.301,0.508,2.276,2,0.330,0.344,2.095,2,0.263,0.306,2.182,0,0,0,0,0
1.935|kb,155381391345510000,6,25,1,72057594037932713,2,-0.046,0.010,2.459,2,0.093,0.261,2.428,2,0.229,0.497,2.386,2,0.302,0.622,2.372,2,0.071,0.473,2.382,2,-0.201,0.445,2.459,2,-0.302,0.485,2.389,2,-0.367,0.505,2.355,1,0.310,0.378,2.420,2,0.341,0.100,2.360,2,0.301,0.254,2.151,2,0.296,0.288,2.152,2,-0.105,0.042,2.422,2,-0.216,0.148,2.008,1,-0.533,0.031,2.238,2,-0.495,-0.080,2.179,2,0.013,-0.022,2.425,2,-0.035,-0.350,2.391,2,-0.037,-0.745,2.416,2,-0.022,-0.744,2.287,2,0.195,0.440,2.399,2,-0.416,0.575,2.330,2,-0.345,0.515,2.307,2,0.321,0.351,2.105,2,0.245,0.308,2.189,0,0,0,0,0
1.965|kb,155381394650210000,6,25,1,72057594037932713,2,-0.048,0.008,2.459,2,0.094,0.253,2.428,2,0.235,0.485,2.386,2,0.307,0.613,2.374,2,0.073,0.471,2.387,2,-0.202,0.441,2.471,1,-0.415,0.467,2.384,1,-0.398,0.505,2.401,1,0.312,0.367,2.418,2,0.338,0.138,2.329,2,0.300,0.275,2.140,2,0.292,0.305,2.154,2,-0.107,0.040,2.423,2,-0.215,0.152,2.006,1,-0.501,0.030,2.162,2,-0.512,-0.050,2.127,2,0.011,-0.025,2.424,2,-0.042,-0.352,2.391,2,-0.036,-0.743,2.418,1,-0.025,-0.747,2.288,2,0.200,0.428,2.398,2,-0.425,0.551,2.371,2,-0.400,0.540,2.354,2,0.313,0.373,2.110,2,0.240,0.312,2.196,0,0,0,0,0
1.998|kb,155381397949130000,6,25,1,72057594037932713,2,-0.051,0.007,2.458,2,0.094,0.249,2.428,2,0.237,0.479,2.386,2,0.312,0.605,2.375,2,0.075,0.466,2.389,2,-0.143,0.440,2.498,2,-0.370,0.436,2.458,2,-0.397,0.472,2.444,2,0.380,0.303,2.445,2,0.330,0.113,2.306,2,0.314,0.254,2.193,2,0.289,0.311,2.159,2,-0.108,0.040,2.423,2,-0.207,0.160,2.002,2,-0.520,0.019,2.165,2,-0.539,-0.018,2.094,2,0.007,-0.028,2.422,2,-0.047,-0.355,2.391,2,-0.036,-0.737,2.417,2,-0.022,-0.746,2.288,2,0.201,0.422,2.399,2,-0.439,0.513,2.471,2,-0.392,0.496,2.395,2,0.309,0.379,2.122,2,0.239,0.311,2.203,0,0,0,0,0
2.024|kb,155381401342360000,6,25,1,72057594037932713,2,-0.061,0.006,2.455,2,0.091,0.249,2.427,2,0.236,0.479,2.386,2,0.318,0.598,2.378,2,0.075,0.466,2.388,2,-0.144,0.440,2.499,1,-0.385,0.427,2.483,2,-0.417,0.477,2.479,2,0.361,0.291,2.441,2,0.332,0.099,2.298,1,0.315,0.304,2.186,2,0.291,0.325,2.166,2,-0.115,0.041,2.421,2,-0.156,0.166,2.059,1,-0.481,0.012,2.218,2,-0.497,0.026,2.101,2,-0.005,-0.030,2.417,2,-0.054,-0.358,2.393,2,-0.036,-0.752,2.417,2,0.027,-0.763,2.460,2,0.201,0.423,2.399,2,-0.461,0.518,2.487,2,-0.432,0.509,2.444,2,0.305,0.394,2.131,2,0.239,0.316,2.210,0,0,0,0,0
2.062|kb,155381404643170000,6,25,1,72057594037932713,2,-0.064,0.004,2.455,2,0.092,0.242,2.428,2,0.248,0.464,2.389,2,0.323,0.590,2.380,2,0.078,0.460,2.391,2,-0.145,0.439,2.499,1,-0.371,0.431,2.519,1,-0.397,0.444,2.511,2,0.370,0.292,2.446,2,0.331,0.112,2.291,2,0.278,0.298,2.159,2,0.296,0.325,2.171,2,-0.118,0.040,2.422,1,-0.148,0.150,2.064,2,-0.526,0.047,2.114,1,-0.483,-0.001,1.983,2,-0.008,-0.032,2.417,2,-0.057,-0.360,2.394,2,-0.043,-0.722,2.414,2,-0.029,-0.728,2.285,2,0.209,0.410,2.401,2,-0.452,0.498,2.541,2,-0.409,0.469,2.470,2,0.310,0.390,2.135,2,0.240,0.319,2.219,0,0,0,0,0
2.091|kb,155381407949070000,6,25,1,72057594037932713,2,-0.068,0.004,2.453,2,0.092,0.242,2.428,2,0.248,0.464,2.389,2,0.331,0.582,2.382,2,0.080,0.461,2.387,2,-0.140,0.435,2.497,2,-0.357,0.402,2.550,2,-0.382,0.432,2.538,1,0.369,0.293,2.446,2,0.335,0.100,2.307,2,0.283,0.283,2.169,2,0.303,0.323,2.174,2,-0.121,0.040,2.420,1,-0.146,0.152,2.063,2,-0.568,0.063,2.084,2,-0.597,0.072,2.004,2,-0.012,-0.033,2.415,2,-0.066,-0.360,2.394,2,-0.044,-0.744,2.416,2,-0.002,-0.763,2.441,2,0.209,0.410,2.401,2,-0.429,0.484,2.540,2,-0.409,0.476,2.513,2,0.319,0.388,2.144,2,0.246,0.316,2.225,0,0,0,0,0
2.122|kb,155381411345500000,6,25,1,72057594037932713,2,-0.073,0.003,2.452,2,0.090,0.240,2.427,2,0.248,0.463,2.390,2,0.337,0.572,2.385,2,0.080,0.462,2.386,2,-0.135,0.432,2.496,2,-0.351,0.402,2.554,2,-0.375,0.431,2.561,1,0.365,0.291,2.445,2,0.338,0.094,2.311,2,0.273,0.284,2.190,2,0.309,0.310,2.182,2,-0.126,0.040,2.420,2,-0.162,0.165,2.081,2,-0.596,0.073,2.069,2,-0.614,0.091,1.953,2,-0.018,-0.035,2.413,2,-0.068,-0.363,2.394,2,-0.043,-0.753,2.419,2,-0.001,-0.763,2.441,2,0.209,0.409,2.401,2,-0.417,0.473,2.554,2,-0.403,0.474,2.535,2,0.331,0.376,2.147,2,0.253,0.313,2.235,0,0,0,0,0
2.154|kb,155381414652550000,6,25,1,72057594037932713,2,-0.073,0.001,2.450,2,0.096,0.224,2.427,2,0.269,0.423,2.399,2,0.343,0.563,2.387,2,0.109,0.421,2.382,2,-0.133,0.428,2.497,2,-0.345,0.401,2.566,2,-0.368,0.432,2.577,1,0.377,0.256,2.449,2,0.337,0.068,2.305,2,0.301,0.263,2.179,2,0.318,0.296,2.189,2,-0.126,0.040,2.417,2,-0.170,0.181,2.086,2,-0.571,0.118,2.013,2,-0.510,0.067,1.892,2,-0.019,-0.038,2.412,2,-0.075,-0.364,2.395,2,-0.041,-0.760,2.419,2,-0.046,-0.761,2.453,2,0.226,0.375,2.407,2,-0.413,0.477,2.591,2,-0.367,0.449,2.557,2,0.342,0.368,2.162,2,0.262,0.305,2.232,0,0,0,0,0
2.200|kb,155381417950790000,6,25,1,72057594037932713,2,-0.074,0.000,2.449,2,0.098,0.219,2.427,2,0.271,0.421,2.399,2,0.351,0.555,2.388,2,0.109,0.420,2.382,2,-0.133,0.426,2.498,2,-0.343,0.403,2.572,2,-0.362,0.433,2.576,1,0.380,0.251,2.450,2,0.342,0.051,2.323,2,0.324,0.256,2.191,2,0.330,0.295,2.195,2,-0.127,0.040,2.415,2,-0.175,0.178,2.084,2,-0.559,0.145,1.980,2,-0.512,0.091,1.859,2,-0.019,-0.040,2.411,2,-0.077,-0.365,2.395,2,-0.043,-0.742,2.418,2,-0.027,-0.733,2.289,2,0.228,0.372,2.408,2,-0.398,0.472,2.577,2,-0.385,0.472,2.547,2,0.354,0.363,2.164,2,0.273,0.294,2.238,0,0,0,0,0
2.232|kb,155381421343040000,6,25,1,72057594037932713,2,-0.075,0.000,2.446,2,0.099,0.217,2.427,2,0.273,0.419,2.399,2,0.358,0.545,2.390,2,0.110,0.418,2.382,2,-0.132,0.424,2.498,2,-0.341,0.400,2.574,2,-0.360,0.438,2.571,1,0.382,0.249,2.450,2,0.345,0.042,2.336,2,0.328,0.256,2.193,2,0.340,0.283,2.199,2,-0.127,0.041,2.411,2,-0.211,0.188,2.018,2,-0.635,0.164,1.935,2,-0.656,0.145,1.845,2,-0.020,-0.040,2.410,2,-0.079,-0.366,2.395,2,-0.045,-0.732,2.419,2,-0.028,-0.734,2.291,2,0.230,0.370,2.408,2,-0.402,0.487,2.590,2,-0.362,0.448,2.566,2,0.368,0.352,2.177,2,0.281,0.285,2.239,0,0,0,0,0
2.257|kb,155381424650220000,6,25,1,72057594037932713,2,-0.077,0.001,2.444,2,0.100,0.216,2.426,2,0.275,0.417,2.400,2,0.365,0.538,2.392,2,0.112,0.415,2.382,2,-0.130,0.424,2.496,2,-0.340,0.408,2.573,2,-0.360,0.445,2.563,1,0.383,0.247,2.450,2,0.347,0.035,2.349,2,0.357,0.206,2.231,2,0.348,0.268,2.204,2,-0.129,0.042,2.407,2,-0.217,0.161,2.027,2,-0.664,0.176,1.895,2,-0.660,0.170,1.800,2,-0.023,-0.041,2.409,2,-0.081,-0.366,2.396,2,-0.046,-0.728,2.419,2,-0.029,-0.734,2.291,2,0.232,0.368,2.408,2,-0.399,0.484,2.587,2,-0.353,0.442,2.559,2,0.379,0.337,2.174,2,0.291,0.273,2.235,0,0,0,0,0
2.302|kb,155381427949360000,6,25,1,72057594037932713,2,-0.077,0.000,2.443,2,0.101,0.214,2.426,2,0.277,0.416,2.400,2,0.371,0.531,2.394,2,0.113,0.412,2.381,2,-0.123,0.425,2.488,2,-0.338,0.426,2.555,2,-0.360,0.451,2.545,1,0.384,0.246,2.450,2,0.349,0.034,2.348,1,0.363,0.233,2.226,2,0.356,0.264,2.206,2,-0.128,0.042,2.405,2,-0.284,0.174,1.973,2,-0.703,0.195,1.857,2,-0.680,0.176,1.772,2,-0.023,-0.041,2.409,2,-0.083,-0.366,2.395,2,-0.043,-0.755,2.421,2,-0.042,-0.771,2.461,2,0.234,0.367,2.408,2,-0.396,0.498,2.555,2,-0.363,0.433,2.522,2,0.384,0.332,2.171,2,0.297,0.269,2.248,0,0,0,0,0
2.334|kb,155381431341900000,6,25,1,72057594037932713,2,-0.078,-0.001,2.442,2,0.102,0.214,2.426,2,0.279,0.416,2.400,2,0.375,0.526,2.395,2,0.114,0.412,2.381,2,-0.123,0.424,2.483,2,-0.339,0.429,2.543,2,-0.365,0.464,2.530,2,0.357,0.237,2.447,2,0.356,0.018,2.354,2,0.349,0.208,2.215,1,0.359,0.256,2.210,2,-0.130,0.042,2.403,2,-0.261,0.196,1.996,2,-0.703,0.202,1.839,2,-0.692,0.187,1.748,2,-0.025,-0.044,2.409,2,-0.084,-0.369,2.395,2,-0.043,-0.763,2.421,2,-0.048,-0.764,2.440,2,0.235,0.366,2.409,2,-0.404,0.499,2.559,2,-0.363,0.471,2.541,2,0.379,0.312,2.197,2,0.300,0.265,2.244,0,0,0,0,0
2.365|kb,155381434649930000,6,25,1,72057594037932713,2,-0.078,-0.004,2.442,2,0.104,0.210,2.427,2,0.281,0.415,2.401,2,0.379,0.522,2.396,2,0.116,0.416,2.382,2,-0.122,0.429,2.474,2,-0.342,0.431,2.522,2,-0.336,0.448,2.510,2,0.342,0.232,2.445,2,0.362,0.013,2.356,2,0.351,0.204,2.219,1,0.364,0.250,2.210,2,-0.129,0.040,2.402,2,-0.266,0.164,2.042,2,-0.643,0.202,1.831,2,-0.566,0.140,1.729,2,-0.025,-0.049,2.411,2,-0.071,-0.383,2.394,2,-0.049,-0.741,2.420,2,-0.033,-0.730,2.291,2,0.238,0.365,2.409,2,-0.408,0.512,2.542,2,-0.344,0.423,2.493,2,0.391,0.302,2.191,2,0.304,0.257,2.249,0,0,0,0,0
2.398|kb,155381437948690000,6,25,1,72057594037932713,2,-0.079,-0.005,2.440,2,0.104,0.210,2.426,2,0.283,0.414,2.401,2,0.383,0.518,2.396,2,0.116,0.416,2.382,2,-0.123,0.432,2.466,2,-0.347,0.448,2.499,2,-0.392,0.499,2.501,2,0.341,0.232,2.446,2,0.364,0.013,2.358,2,0.352,0.203,2.220,1,0.366,0.248,2.210,2,-0.130,0.040,2.397,2,-0.233,0.196,2.090,2,-0.570,0.216,1.809,2,-0.496,0.155,1.718,2,-0.026,-0.050,2.410,2,-0.070,-0.383,2.394,2,-0.052,-0.733,2.418,2,-0.034,-0.731,2.289,2,0.239,0.364,2.409,2,-0.442,0.530,2.536,2,-0.410,0.502,2.512,2,0.393,0.300,2.188,2,0.306,0.254,2.244,0,0,0,0,0
2.430|kb,155381441342130000,6,25,1,72057594037932713,2,-0.085,-0.006,2.437,2,0.104,0.209,2.426,2,0.284,0.413,2.401,2,0.384,0.515,2.395,2,0.117,0.417,2.382,2,-0.122,0.435,2.456,2,-0.346,0.439,2.489,2,-0.349,0.459,2.481,2,0.340,0.231,2.445,2,0.367,0.013,2.360,2,0.353,0.202,2.220,1,0.365,0.246,2.207,2,-0.133,0.040,2.395,2,-0.241,0.198,2.090,2,-0.580,0.213,1.806,2,-0.506,0.153,1.721,2,-0.034,-0.052,2.408,2,-0.070,-0.384,2.394,2,-0.053,-0.728,2.415,2,-0.034,-0.732,2.287,2,0.239,0.363,2.409,2,-0.419,0.519,2.513,2,-0.355,0.434,2.476,2,0.392,0.299,2.190,2,0.303,0.256,2.241,0,0,0,0,0
2.464|kb,155381444651490000,6,25,1,72057594037932713,2,-0.091,-0.006,2.435,2,0.102,0.208,2.425,2,0.285,0.413,2.401,2,0.385,0.514,2.394,2,0.117,0.418,2.382,2,-0.121,0.435,2.451,2,-0.344,0.436,2.485,2,-0.384,0.485,2.469,2,0.338,0.231,2.444,2,0.368,0.012,2.359,2,0.357,0.200,2.218,1,0.362,0.244,2.205,2,-0.138,0.040,2.393,2,-0.293,0.175,2.074,2,-0.618,0.204,1.782,2,-0.548,0.144,1.696,2,-0.042,-0.053,2.407,2,-0.086,-0.381,2.388,2,-0.055,-0.725,2.412,2,-0.036,-0.732,2.284,2,0.240,0.363,2.409,2,-0.423,0.520,2.499,2,-0.405,0.484,2.490,2,0.386,0.308,2.175,2,0.301,0.261,2.244,0,0,0,0,0
2.497|kb,155381447950550000,6,25,1,72057594037932713,2,-0.095,-0.003,2.428,2,0.101,0.208,2.422,2,0.286,0.412,2.400,2,0.386,0.513,2.391,2,0.118,0.419,2.382,2,-0.118,0.434,2.445,2,-0.343,0.405,2.468,1,-0.360,0.451,2.462,1,0.338,0.231,2.444,2,0.369,0.014,2.356,2,0.357,0.202,2.216,1,0.360,0.247,2.201,2,-0.148,0.048,2.376,2,-0.371,0.161,2.020,2,-0.627,0.205,1.765,2,-0.565,0.144,1.674,2,-0.043,-0.052,2.405,2,-0.086,-0.380,2.388,2,-0.057,-0.726,2.407,2,-0.037,-0.734,2.279,2,0.240,0.362,2.408,2,-0.404,0.485,2.474,2,-0.343,0.414,2.467,2,0.387,0.316,2.165,2,0.301,0.258,2.241,0,0,0,0,0
2.524|kb,155381451352750000,6,25,1,72057594037932713,2,-0.100,-0.003,2.429,2,0.100,0.208,2.421,2,0.287,0.412,2.399,2,0.386,0.513,2.389,2,0.118,0.419,2.382,2,-0.119,0.434,2.444,2,-0.342,0.416,2.477,2,-0.341,0.443,2.470,2,0.336,0.231,2.441,2,0.372,0.016,2.348,2,0.356,0.206,2.210,1,0.358,0.249,2.200,2,-0.152,0.048,2.378,2,-0.311,0.190,2.090,2,-0.605,0.217,1.771,2,-0.542,0.157,1.685,2,-0.047,-0.051,2.407,2,-0.079,-0.393,2.385,2,-0.060,-0.750,2.405,2,-0.060,-0.766,2.445,2,0.240,0.363,2.407,2,-0.418,0.492,2.492,2,-0.386,0.452,2.477,2,0.383,0.321,2.167,2,0.300,0.260,2.242,0,0,0,0,0
2.568|kb,155381454643210000,6,25,1,72057594037932713,2,-0.105,-0.001,2.431,2,0.097,0.209,2.421,2,0.287,0.412,2.398,2,0.383,0.512,2.383,2,0.118,0.419,2.381,2,-0.118,0.432,2.443,2,-0.341,0.415,2.479,2,-0.342,0.436,2.477,2,0.334,0.231,2.437,2,0.373,0.017,2.346,2,0.351,0.197,2.196,2,0.354,0.245,2.191,2,-0.157,0.049,2.379,2,-0.425,0.150,2.005,2,-0.638,0.206,1.745,2,-0.574,0.142,1.664,2,-0.051,-0.050,2.409,2,-0.080,-0.393,2.385,2,-0.063,-0.744,2.398,2,-0.046,-0.734,2.269,2,0.240,0.362,2.407,2,-0.419,0.489,2.498,2,-0.342,0.407,2.459,2,0.384,0.315,2.160,2,0.298,0.258,2.232,0,0,0,0,0
2.599|kb,155381457949750000,6,25,1,72057594037932713,2,-0.106,-0.002,2.430,2,0.096,0.208,2.420,2,0.286,0.411,2.397,2,0.380,0.511,2.379,2,0.117,0.420,2.381,2,-0.117,0.430,2.444,2,-0.335,0.408,2.496,2,-0.366,0.437,2.495,2,0.325,0.229,2.427,2,0.376,0.015,2.341,2,0.349,0.197,2.194,2,0.350,0.247,2.186,2,-0.159,0.048,2.380,2,-0.426,0.149,2.008,2,-0.642,0.207,1.744,2,-0.579,0.141,1.668,2,-0.052,-0.051,2.409,2,-0.081,-0.393,2.385,2,-0.066,-0.741,2.397,2,-0.050,-0.736,2.267,2,0.240,0.361,2.405,2,-0.412,0.479,2.493,2,-0.358,0.410,2.479,2,0.382,0.314,2.150,2,0.296,0.252,2.223,0,0,0,0,0
2.638|kb,155381464650280000,6,25,1,72057594037932713,2,-0.113,-0.005,2.432,2,0.090,0.204,2.418,2,0.284,0.407,2.392,2,0.370,0.508,2.366,2,0.116,0.420,2.380,2,-0.118,0.420,2.456,2,-0.326,0.404,2.537,2,-0.358,0.421,2.535,2,0.320,0.226,2.421,2,0.373,0.016,2.325,2,0.336,0.199,2.182,2,0.335,0.249,2.176,2,-0.167,0.046,2.385,2,-0.429,0.145,2.034,2,-0.646,0.202,1.764,2,-0.582,0.135,1.690,2,-0.057,-0.056,2.408,2,-0.087,-0.393,2.388,2,-0.068,-0.738,2.395,2,-0.054,-0.735,2.266,2,0.236,0.357,2.401,2,-0.413,0.457,2.542,2,-0.345,0.392,2.522,2,0.361,0.316,2.144,2,0.282,0.261,2.217,0,0,0,0,0
2.699|kb,155381467949250000,6,25,1,72057594037932713,2,-0.123,-0.004,2.432,2,0.082,0.199,2.412,2,0.277,0.390,2.372,2,0.364,0.505,2.358,2,0.113,0.420,2.377,2,-0.121,0.414,2.465,1,-0.331,0.406,2.542,2,-0.363,0.417,2.558,2,0.311,0.214,2.405,2,0.368,0.009,2.298,2,0.317,0.202,2.173,2,0.329,0.255,2.168,2,-0.177,0.049,2.386,2,-0.432,0.144,2.043,2,-0.654,0.201,1.767,2,-0.591,0.132,1.698,2,-0.066,-0.057,2.408,2,-0.090,-0.394,2.390,2,-0.068,-0.754,2.395,2,-0.064,-0.763,2.427,2,0.229,0.344,2.385,2,-0.405,0.449,2.556,2,-0.348,0.387,2.546,2,0.353,0.324,2.137,2,0.277,0.263,2.209,0,0,0,0,0
2.732|kb,155381471342440000,6,25,1,72057594037932713,2,-0.129,0.001,2.432,2,0.079,0.201,2.412,2,0.277,0.391,2.374,2,0.360,0.503,2.352,2,0.113,0.420,2.377,2,-0.120,0.410,2.475,2,-0.320,0.398,2.574,2,-0.351,0.409,2.578,2,0.312,0.215,2.405,2,0.367,0.010,2.296,2,0.316,0.199,2.166,2,0.322,0.254,2.161,2,-0.184,0.056,2.387,2,-0.434,0.145,2.050,2,-0.664,0.204,1.775,2,-0.596,0.135,1.709,2,-0.072,-0.054,2.406,2,-0.092,-0.394,2.392,2,-0.068,-0.759,2.396,2,-0.024,-0.756,2.403,2,0.228,0.345,2.386,2,-0.402,0.444,2.577,2,-0.330,0.380,2.558,2,0.348,0.321,2.130,2,0.272,0.267,2.209,0,0,0,0,0
2.764|kb,155381474650050000,6,25,1,72057594037932713,2,-0.131,-0.002,2.432,2,0.077,0.198,2.411,2,0.276,0.391,2.373,2,0.357,0.503,2.347,2,0.113,0.420,2.377,2,-0.119,0.408,2.481,2,-0.313,0.393,2.589,2,-0.350,0.409,2.600,2,0.313,0.213,2.405,2,0.348,0.025,2.260,2,0.308,0.229,2.153,2,0.320,0.267,2.153,2,-0.184,0.053,2.389,2,-0.439,0.160,2.056,2,-0.681,0.203,1.784,2,-0.609,0.136,1.719,2,-0.074,-0.057,2.405,2,-0.093,-0.395,2.394,2,-0.069,-0.764,2.397,2,-0.032,-0.758,2.405,2,0.227,0.344,2.385,2,-0.398,0.437,2.607,2,-0.330,0.379,2.575,2,0.341,0.340,2.132,2,0.266,0.271,2.203,0,0,0,0,0
2.790|kb,155381477949570000,6,25,1,72057594037932713,2,-0.129,-0.005,2.434,2,0.076,0.197,2.411,2,0.274,0.390,2.372,2,0.355,0.503,2.343,2,0.112,0.420,2.377,2,-0.119,0.406,2.490,2,-0.312,0.393,2.600,2,-0.346,0.409,2.614,2,0.313,0.213,2.403,2,0.349,0.020,2.265,2,0.306,0.221,2.152,2,0.313,0.271,2.149,2,-0.184,0.049,2.393,2,-0.444,0.153,2.071,2,-0.691,0.201,1.804,2,-0.616,0.135,1.737,2,-0.072,-0.059,2.406,2,-0.093,-0.396,2.396,2,-0.069,-0.765,2.397,2,-0.034,-0.761,2.402,2,0.226,0.343,2.384,2,-0.393,0.440,2.626,2,-0.322,0.377,2.593,2,0.338,0.344,2.120,2,0.261,0.273,2.197,0,0,0,0,0
2.835|kb,155381481345830000,6,25,1,72057594037932713,2,-0.130,-0.007,2.436,2,0.076,0.196,2.411,2,0.273,0.390,2.371,2,0.353,0.503,2.340,2,0.112,0.420,2.377,2,-0.121,0.405,2.497,2,-0.306,0.385,2.617,2,-0.339,0.409,2.629,2,0.313,0.213,2.401,2,0.346,0.018,2.267,2,0.281,0.232,2.206,2,0.305,0.270,2.152,2,-0.184,0.046,2.396,2,-0.448,0.152,2.077,2,-0.700,0.201,1.820,2,-0.626,0.136,1.749,2,-0.072,-0.061,2.407,2,-0.094,-0.396,2.397,2,-0.069,-0.767,2.397,2,-0.047,-0.765,2.404,2,0.225,0.343,2.384,2,-0.382,0.440,2.635,2,-0.325,0.382,2.600,2,0.334,0.337,2.114,2,0.257,0.273,2.198,0,0,0,0,0
2.866|kb,155381484650400000,6,25,1,72057594037932713,2,-0.129,-0.009,2.437,2,0.075,0.196,2.410,2,0.272,0.390,2.370,2,0.349,0.502,2.335,2,0.111,0.420,2.377,2,-0.123,0.403,2.502,2,-0.308,0.384,2.621,2,-0.342,0.411,2.636,2,0.313,0.213,2.399,2,0.344,0.016,2.267,2,0.297,0.222,2.137,2,0.302,0.268,2.144,2,-0.184,0.044,2.397,2,-0.451,0.149,2.084,2,-0.706,0.200,1.828,2,-0.633,0.136,1.755,2,-0.071,-0.063,2.407,2,-0.095,-0.396,2.397,2,-0.069,-0.767,2.396,2,-0.034,-0.761,2.402,2,0.224,0.343,2.383,2,-0.376,0.432,2.641,2,-0.318,0.406,2.621,2,0.330,0.335,2.104,2,0.253,0.270,2.191,0,0,0,0,0
2.897|kb,155381487948820000,6,25,1,72057594037932713,2,-0.129,-0.009,2.437,2,0.075,0.195,2.410,2,0.271,0.391,2.369,2,0.347,0.502,2.332,2,0.111,0.420,2.376,2,-0.128,0.401,2.509,2,-0.315,0.384,2.627,2,-0.341,0.409,2.636,2,0.313,0.213,2.398,2,0.336,0.021,2.257,2,0.296,0.222,2.136,2,0.299,0.270,2.141,2,-0.184,0.044,2.398,2,-0.453,0.148,2.093,2,-0.731,0.189,1.870,2,-0.663,0.128,1.782,2,-0.071,-0.063,2.407,2,-0.097,-0.396,2.397,2,-0.069,-0.768,2.395,2,-0.035,-0.762,2.399,2,0.223,0.343,2.382,2,-0.373,0.425,2.662,2,-0.355,0.406,2.635,2,0.320,0.338,2.115,2,0.247,0.266,2.191,0,0,0,0,0
2.922|kb,155381491342860000,6,25,1,72057594037932713,2,-0.131,-0.010,2.438,2,0.071,0.195,2.406,2,0.263,0.394,2.353,2,0.345,0.502,2.328,2,0.106,0.421,2.372,2,-0.128,0.400,2.509,2,-0.314,0.385,2.629,2,-0.338,0.405,2.633,2,0.314,0.212,2.387,2,0.333,0.012,2.256,2,0.302,0.250,2.133,2,0.295,0.270,2.139,2,-0.186,0.043,2.398,2,-0.454,0.146,2.098,2,-0.798,0.175,1.857,2,-0.764,0.171,1.763,2,-0.073,-0.063,2.408,2,-0.099,-0.395,2.397,2,-0.069,-0.769,2.393,2,-0.048,-0.767,2.400,2,0.216,0.345,2.370,2,-0.380,0.428,2.658,2,-0.337,0.390,2.618,2,0.319,0.337,2.107,2,0.242,0.268,2.185,0,0,0,0,0
2.967|kb,155381494651960000,6,25,1,72057594037932713,2,-0.132,-0.009,2.439,2,0.069,0.196,2.405,2,0.261,0.395,2.352,2,0.344,0.502,2.324,2,0.105,0.422,2.370,2,-0.130,0.400,2.511,2,-0.318,0.387,2.627,2,-0.353,0.407,2.634,2,0.316,0.209,2.386,2,0.331,0.017,2.243,2,0.302,0.251,2.131,2,0.291,0.267,2.137,2,-0.187,0.044,2.400,2,-0.416,0.141,2.147,2,-0.793,0.174,1.861,2,-0.701,0.113,1.786,2,-0.073,-0.063,2.408,2,-0.102,-0.395,2.398,2,-0.071,-0.752,2.393,2,-0.070,-0.739,2.265,2,0.214,0.346,2.368,2,-0.388,0.424,2.660,2,-0.342,0.383,2.616,2,0.312,0.334,2.108,2,0.242,0.261,2.182,0,0,0,0,0
2.999|kb,155381497949050000,6,25,1,72057594037932713,2,-0.132,-0.010,2.440,2,0.068,0.196,2.405,2,0.260,0.396,2.350,2,0.343,0.502,2.323,2,0.103,0.423,2.368,2,-0.132,0.399,2.511,2,-0.321,0.386,2.626,1,-0.357,0.406,2.624,2,0.314,0.210,2.383,2,0.330,0.010,2.253,2,0.303,0.252,2.128,2,0.290,0.267,2.133,2,-0.187,0.043,2.402,2,-0.415,0.140,2.147,2,-0.793,0.154,1.876,2,-0.709,0.095,1.796,2,-0.074,-0.064,2.409,2,-0.103,-0.395,2.399,2,-0.071,-0.743,2.393,2,-0.071,-0.739,2.265,2,0.213,0.347,2.366,2,-0.393,0.426,2.647,2,-0.380,0.409,2.631,2,0.308,0.332,2.108,2,0.240,0.253,2.180,0,0,0,0,0
3.030|kb,155381501342320000,6,25,1,72057594037932713,2,-0.133,-0.011,2.441,2,0.067,0.196,2.404,2,0.258,0.397,2.349,2,0.341,0.502,2.320,2,0.102,0.424,2.367,2,-0.134,0.398,2.511,2,-0.325,0.386,2.625,2,-0.348,0.397,2.615,2,0.312,0.210,2.380,2,0.297,0.063,2.187,2,0.307,0.204,2.141,2,0.290,0.268,2.129,2,-0.188,0.042,2.404,2,-0.413,0.136,2.145,2,-0.795,0.138,1.896,2,-0.718,0.082,1.810,2,-0.074,-0.064,2.410,2,-0.103,-0.395,2.399,2,-0.070,-0.753,2.393,2,-0.048,-0.763,2.406,2,0.211,0.347,2.365,2,-0.394,0.425,2.632,2,-0.322,0.370,2.590,2,0.302,0.332,2.119,2,0.252,0.247,2.154,0,0,0,0,0
3.064|kb,155381504650050000,6,25,1,72057594037932713,2,-0.135,-0.011,2.443,2,0.065,0.195,2.403,2,0.256,0.395,2.347,2,0.339,0.502,2.318,2,0.099,0.423,2.364,2,-0.135,0.398,2.511,2,-0.327,0.385,2.621,2,-0.360,0.402,2.610,2,0.308,0.210,2.375,2,0.328,0.000,2.265,2,0.309,0.288,2.139,2,0.287,0.265,2.129,2,-0.190,0.042,2.405,2,-0.411,0.133,2.142,2,-0.798,0.122,1.918,2,-0.728,0.069,1.826,2,-0.076,-0.065,2.411,2,-0.103,-0.394,2.400,2,-0.071,-0.761,2.393,2,-0.048,-0.765,2.405,2,0.209,0.346,2.363,2,-0.420,0.434,2.656,2,-0.343,0.373,2.593,2,0.305,0.325,2.091,2,0.264,0.291,2.145,0,0,0,0,0
3.090|kb,155381507949240000,6,25,1,72057594037932713,2,-0.136,-0.011,2.443,2,0.063,0.195,2.403,2,0.253,0.394,2.346,2,0.336,0.504,2.314,2,0.097,0.424,2.362,2,-0.136,0.398,2.510,2,-0.329,0.384,2.619,2,-0.364,0.402,2.614,2,0.307,0.211,2.375,2,0.328,0.000,2.267,2,0.292,0.243,2.122,2,0.299,0.295,2.120,2,-0.191,0.042,2.406,2,-0.477,0.108,2.091,2,-0.785,0.104,1.968,2,-0.725,0.051,1.862,2,-0.077,-0.064,2.411,2,-0.103,-0.394,2.401,2,-0.071,-0.764,2.393,2,-0.052,-0.762,2.411,2,0.206,0.345,2.362,2,-0.420,0.432,2.662,2,-0.364,0.384,2.605,2,0.301,0.333,2.094,2,0.284,0.329,2.139,0,0,0,0,0
3.137|kb,155381511346140000,6,25,1,72057594037932713,2,-0.139,-0.010,2.445,2,0.061,0.196,2.402,2,0.253,0.397,2.344,2,0.333,0.507,2.312,2,0.095,0.426,2.362,2,-0.137,0.399,2.510,2,-0.330,0.384,2.618,2,-0.368,0.404,2.618,2,0.305,0.211,2.373,2,0.329,0.000,2.268,2,0.301,0.286,2.141,2,0.299,0.351,2.147,2,-0.193,0.043,2.407,2,-0.473,0.102,2.077,2,-0.773,0.093,1.998,1,-0.731,0.040,1.880,2,-0.081,-0.063,2.412,2,-0.103,-0.395,2.403,2,-0.072,-0.754,2.394,2,-0.076,-0.741,2.267,2,0.205,0.348,2.361,2,-0.427,0.428,2.673,2,-0.425,0.422,2.666,2,0.298,0.431,2.180,2,0.299,0.362,2.184,0,0,0,0,0
3.167|kb,155381514650670000,6,25,1,72057594037932713,2,-0.135,-0.013,2.451,2,0.063,0.196,2.406,2,0.255,0.398,2.348,2,0.331,0.510,2.310,2,0.096,0.426,2.363,2,-0.137,0.399,2.509,2,-0.330,0.383,2.618,2,-0.366,0.402,2.617,2,0.307,0.214,2.379,2,0.327,0.004,2.268,2,0.296,0.245,2.114,2,0.298,0.300,2.117,2,-0.189,0.038,2.414,2,-0.487,0.083,2.068,2,-0.807,0.073,2.081,2,-0.828,0.055,1.973,2,-0.077,-0.064,2.418,2,-0.124,-0.389,2.422,2,-0.085,-0.802,2.404,1,-0.085,-0.804,2.277,2,0.208,0.349,2.365,2,-0.425,0.425,2.667,2,-0.416,0.420,2.657,2,0.299,0.329,2.083,2,0.281,0.332,2.133,0,0,0,0,0
3.198|kb,155381517948960000,6,25,1,72057594037932713,2,-0.134,-0.014,2.454,2,0.062,0.196,2.406,2,0.250,0.402,2.342,2,0.327,0.514,2.306,2,0.093,0.430,2.360,2,-0.138,0.400,2.509,2,-0.330,0.383,2.618,2,-0.359,0.398,2.617,2,0.306,0.216,2.377,2,0.326,0.005,2.269,2,0.296,0.246,2.113,1,0.295,0.300,2.112,2,-0.188,0.035,2.418,2,-0.407,0.095,2.107,2,-0.805,0.052,2.133,2,-0.824,0.059,2.026,2,-0.076,-0.064,2.421,2,-0.124,-0.389,2.421,2,-0.086,-0.795,2.403,1,-0.086,-0.805,2.277,2,0.204,0.351,2.361,2,-0.405,0.422,2.623,2,-0.342,0.381,2.595,2,0.298,0.329,2.079,2,0.281,0.331,2.133,0,0,0,0,0
3.230|kb,155381521341920000,6,25,1,72057594037932713,2,-0.133,-0.016,2.457,2,0.062,0.197,2.406,2,0.246,0.406,2.338,2,0.323,0.517,2.304,2,0.090,0.432,2.359,2,-0.140,0.400,2.510,2,-0.331,0.380,2.622,2,-0.359,0.393,2.629,2,0.300,0.226,2.370,2,0.298,0.062,2.192,2,0.288,0.276,2.103,1,0.290,0.310,2.112,2,-0.186,0.032,2.422,2,-0.378,0.096,2.109,2,-0.720,0.048,2.157,1,-0.712,-0.006,2.030,2,-0.075,-0.064,2.423,2,-0.122,-0.389,2.420,2,-0.085,-0.795,2.403,1,-0.088,-0.806,2.276,2,0.201,0.354,2.358,2,-0.424,0.421,2.686,2,-0.422,0.415,2.673,2,0.285,0.343,2.109,2,0.271,0.321,2.122,0,0,0,0,0
3.263|kb,155381524650050000,6,25,1,72057594037932713,2,-0.125,-0.020,2.459,2,0.063,0.195,2.406,2,0.245,0.405,2.339,2,0.318,0.521,2.299,2,0.091,0.429,2.361,2,-0.140,0.400,2.510,2,-0.329,0.378,2.624,2,-0.343,0.384,2.626,2,0.309,0.235,2.365,2,0.325,0.021,2.260,2,0.285,0.244,2.114,1,0.284,0.296,2.107,2,-0.181,0.027,2.423,2,-0.426,0.089,2.078,2,-0.713,0.034,2.222,2,-0.772,0.039,2.126,2,-0.065,-0.067,2.425,2,-0.111,-0.394,2.412,2,-0.070,-0.751,2.393,2,-0.067,-0.769,2.409,2,0.201,0.353,2.358,2,-0.394,0.410,2.629,2,-0.317,0.361,2.602,2,0.287,0.338,2.081,2,0.261,0.312,2.124,0,0,0,0,0
3.288|kb,155381527950430000,6,25,1,72057594037932713,2,-0.123,-0.022,2.460,2,0.063,0.194,2.406,2,0.245,0.404,2.339,2,0.313,0.525,2.296,2,0.092,0.421,2.363,2,-0.140,0.400,2.511,2,-0.327,0.375,2.628,1,-0.359,0.384,2.643,2,0.307,0.235,2.364,2,0.329,0.022,2.260,2,0.281,0.246,2.112,1,0.277,0.299,2.104,2,-0.180,0.025,2.424,2,-0.337,0.111,2.072,2,-0.690,0.026,2.248,2,-0.742,0.019,2.188,2,-0.063,-0.069,2.426,2,-0.105,-0.396,2.412,2,-0.064,-0.758,2.392,2,-0.083,-0.764,2.416,2,0.200,0.353,2.359,2,-0.417,0.402,2.706,2,-0.377,0.377,2.660,2,0.281,0.340,2.072,2,0.217,0.287,2.159,0,0,0,0,0
3.332|kb,155381531343820000,6,25,1,72057594037932713,2,-0.122,-0.022,2.460,2,0.063,0.194,2.406,2,0.244,0.404,2.339,2,0.308,0.529,2.292,2,0.090,0.421,2.362,2,-0.141,0.400,2.514,2,-0.322,0.369,2.637,2,-0.353,0.376,2.650,2,0.307,0.239,2.363,2,0.320,0.029,2.251,2,0.279,0.180,2.141,2,0.257,0.253,2.109,2,-0.179,0.025,2.424,2,-0.337,0.111,2.073,2,-0.663,0.016,2.303,2,-0.710,0.015,2.224,2,-0.061,-0.068,2.426,2,-0.103,-0.395,2.412,2,-0.061,-0.763,2.392,2,-0.086,-0.770,2.403,2,0.200,0.352,2.359,2,-0.413,0.398,2.705,2,-0.312,0.373,2.632,2,0.281,0.318,2.065,2,0.216,0.281,2.155,0,0,0,0,0
3.363|kb,155381534649980000,6,25,1,72057594037932713,2,-0.121,-0.023,2.460,2,0.060,0.194,2.403,2,0.222,0.405,2.323,2,0.302,0.532,2.287,2,0.087,0.416,2.360,2,-0.143,0.397,2.519,2,-0.318,0.359,2.649,2,-0.345,0.369,2.660,2,0.312,0.244,2.361,2,0.317,0.036,2.243,2,0.278,0.207,2.127,2,0.251,0.274,2.098,2,-0.178,0.024,2.425,2,-0.313,0.146,2.041,2,-0.566,0.039,2.250,2,-0.578,-0.022,2.136,2,-0.059,-0.069,2.426,2,-0.091,-0.397,2.409,2,-0.060,-0.754,2.393,2,-0.070,-0.743,2.269,2,0.183,0.353,2.346,2,-0.407,0.389,2.715,2,-0.312,0.352,2.635,2,0.264,0.343,2.061,2,0.209,0.280,2.143,0,0,0,0,0
3.387|kb,155381537948730000,6,25,1,72057594037932713,2,-0.118,-0.025,2.461,2,0.057,0.193,2.401,2,0.216,0.405,2.320,2,0.296,0.536,2.282,2,0.084,0.414,2.358,2,-0.144,0.392,2.527,2,-0.318,0.354,2.657,2,-0.361,0.372,2.672,2,0.322,0.255,2.356,2,0.313,0.045,2.243,2,0.273,0.212,2.127,2,0.240,0.277,2.089,2,-0.176,0.022,2.425,2,-0.321,0.117,2.055,2,-0.583,0.019,2.298,2,-0.654,-0.018,2.274,2,-0.055,-0.071,2.427,2,-0.084,-0.400,2.408,2,-0.060,-0.750,2.393,2,-0.070,-0.743,2.269,2,0.177,0.353,2.342,2,-0.401,0.383,2.725,2,-0.395,0.377,2.712,2,0.255,0.345,2.046,2,0.201,0.290,2.142,0,0,0,0,0
3.435|kb,155381541343280000,6,25,1,72057594037932713,2,-0.116,-0.026,2.462,2,0.056,0.193,2.400,2,0.212,0.406,2.318,2,0.288,0.541,2.278,2,0.082,0.415,2.358,2,-0.146,0.382,2.543,2,-0.319,0.346,2.676,2,-0.357,0.370,2.690,2,0.324,0.259,2.354,2,0.312,0.049,2.240,2,0.235,0.254,2.095,2,0.230,0.260,2.089,2,-0.175,0.021,2.426,2,-0.325,0.115,2.058,2,-0.587,0.007,2.320,2,-0.637,-0.042,2.289,2,-0.052,-0.072,2.429,2,-0.070,-0.401,2.406,2,-0.061,-0.749,2.393,2,-0.069,-0.743,2.269,2,0.174,0.354,2.341,2,-0.393,0.375,2.723,2,-0.323,0.364,2.666,2,0.251,0.314,2.040,2,0.192,0.290,2.135,0,0,0,0,0
3.466|kb,155381544649990000,6,25,1,72057594037932713,2,-0.109,-0.027,2.468,2,0.057,0.193,2.401,2,0.214,0.407,2.320,2,0.281,0.544,2.273,2,0.082,0.413,2.357,2,-0.143,0.381,2.548,2,-0.311,0.345,2.686,1,-0.348,0.362,2.704,2,0.324,0.261,2.352,2,0.309,0.060,2.223,2,0.208,0.230,2.096,2,0.218,0.281,2.077,2,-0.165,0.017,2.438,2,-0.330,0.111,2.066,1,-0.591,0.001,2.336,2,-0.633,-0.055,2.271,2,-0.048,-0.071,2.430,2,-0.059,-0.401,2.405,2,-0.063,-0.747,2.393,2,-0.069,-0.744,2.269,2,0.176,0.355,2.342,2,-0.382,0.371,2.748,2,-0.320,0.345,2.671,2,0.237,0.342,2.028,2,0.183,0.302,2.131,0,0,0,0,0
3.498|kb,155381547949050000,6,25,1,72057594037932713,2,-0.105,-0.026,2.470,2,0.057,0.194,2.401,2,0.213,0.409,2.319,2,0.272,0.551,2.266,2,0.080,0.414,2.357,2,-0.137,0.374,2.557,2,-0.333,0.353,2.720,1,-0.352,0.364,2.732,2,0.323,0.264,2.349,2,0.298,0.083,2.192,2,0.196,0.259,2.075,2,0.207,0.286,2.068,2,-0.162,0.017,2.441,2,-0.378,0.065,2.148,1,-0.588,-0.026,2.367,2,-0.587,-0.026,2.274,2,-0.045,-0.070,2.431,2,-0.051,-0.400,2.404,2,-0.064,-0.762,2.392,2,-0.033,-0.771,2.389,2,0.175,0.356,2.342,2,-0.360,0.360,2.749,2,-0.344,0.356,2.715,2,0.224,0.347,2.027,2,0.172,0.314,2.122,0,0,0,0,0
3.531|kb,155381551342320000,6,25,1,72057594037932713,2,-0.102,-0.023,2.472,2,0.058,0.197,2.402,2,0.212,0.413,2.318,2,0.260,0.559,2.261,2,0.079,0.416,2.357,2,-0.126,0.369,2.568,2,-0.297,0.346,2.718,1,-0.328,0.355,2.738,2,0.322,0.270,2.344,2,0.293,0.090,2.187,2,0.241,0.221,2.097,2,0.196,0.291,2.059,2,-0.158,0.020,2.444,2,-0.328,0.110,2.131,1,-0.530,0.024,2.342,2,-0.582,-0.039,2.266,2,-0.043,-0.066,2.432,2,-0.033,-0.396,2.400,2,-0.062,-0.761,2.390,2,-0.065,-0.744,2.266,2,0.174,0.360,2.341,2,-0.345,0.360,2.751,2,-0.316,0.343,2.710,2,0.212,0.350,2.011,2,0.164,0.319,2.109,0,0,0,0,0
3.563|kb,155381554650350000,6,25,1,72057594037932713,2,-0.081,-0.022,2.481,2,0.062,0.199,2.403,2,0.211,0.415,2.318,2,0.248,0.565,2.259,2,0.071,0.421,2.355,2,-0.121,0.366,2.574,2,-0.295,0.344,2.740,1,-0.315,0.354,2.757,2,0.321,0.289,2.328,2,0.290,0.096,2.188,2,0.198,0.269,2.058,2,0.182,0.319,2.043,2,-0.138,0.017,2.456,2,-0.328,0.110,2.134,2,-0.542,-0.047,2.290,2,-0.629,-0.055,2.223,2,-0.021,-0.061,2.437,2,-0.028,-0.392,2.399,2,-0.052,-0.748,2.388,2,-0.059,-0.734,2.263,2,0.174,0.361,2.341,2,-0.325,0.348,2.776,2,-0.309,0.344,2.741,2,0.195,0.386,1.999,2,0.153,0.333,2.096,0,0,0,0,0
3.588|kb,155381557949240000,6,25,1,72057594037932713,2,-0.076,-0.022,2.483,2,0.064,0.201,2.404,2,0.209,0.419,2.317,2,0.235,0.570,2.257,2,0.066,0.425,2.355,2,-0.112,0.367,2.585,1,-0.292,0.345,2.759,1,-0.304,0.356,2.773,2,0.311,0.328,2.294,2,0.276,0.121,2.179,2,0.191,0.292,2.042,2,0.170,0.331,2.033,2,-0.134,0.016,2.457,2,-0.315,0.119,2.132,2,-0.299,-0.059,2.337,1,-0.408,-0.102,2.324,2,-0.014,-0.059,2.438,2,-0.024,-0.390,2.399,2,-0.058,-0.770,2.393,2,-0.030,-0.774,2.394,2,0.174,0.364,2.341,2,-0.306,0.352,2.773,2,-0.297,0.346,2.758,2,0.182,0.401,1.992,2,0.143,0.346,2.085,0,0,0,0,0
3.635|kb,155381561344000000,6,25,1,72057594037932713,2,-0.078,-0.005,2.482,2,0.059,0.226,2.398,2,0.191,0.456,2.299,2,0.220,0.590,2.249,2,0.048,0.436,2.350,2,-0.093,0.374,2.573,1,-0.295,0.340,2.792,2,-0.362,0.329,2.869,2,0.305,0.336,2.291,2,0.269,0.139,2.158,2,0.146,0.303,2.043,2,0.158,0.351,2.021,2,-0.137,0.029,2.460,2,-0.312,0.122,2.131,2,-0.308,-0.056,2.342,1,-0.408,-0.114,2.319,2,-0.018,-0.038,2.434,2,-0.010,-0.369,2.397,2,-0.061,-0.775,2.394,2,-0.031,-0.774,2.398,2,0.159,0.400,2.326,1,-0.364,0.326,2.869,1,-0.355,0.320,2.854,2,0.169,0.420,1.980,2,0.128,0.369,2.081,0,0,0,0,0
3.666|kb,155381564649900000,6,25,1,72057594037932713,2,-0.065,-0.005,2.484,2,0.061,0.228,2.398,2,0.189,0.459,2.299,2,0.204,0.603,2.248,2,0.048,0.435,2.350,2,-0.100,0.372,2.598,1,-0.295,0.338,2.822,2,-0.360,0.326,2.901,2,0.304,0.338,2.290,2,0.263,0.146,2.151,2,0.147,0.296,2.010,2,0.147,0.370,2.014,2,-0.126,0.027,2.464,2,-0.304,0.120,2.141,2,-0.311,-0.063,2.349,1,-0.408,-0.126,2.326,2,0.000,-0.036,2.434,2,0.001,-0.368,2.396,2,-0.063,-0.776,2.395,2,-0.033,-0.776,2.395,2,0.158,0.402,2.326,1,-0.363,0.323,2.900,1,-0.353,0.317,2.886,2,0.159,0.419,1.984,2,0.127,0.376,2.042,0,0,0,0,0
3.698|kb,155381567948660000,6,25,1,72057594037932713,2,-0.044,-0.008,2.488,2,0.065,0.231,2.399,2,0.185,0.464,2.299,2,0.184,0.620,2.243,2,0.043,0.439,2.351,2,-0.100,0.372,2.601,2,-0.222,0.335,2.777,1,-0.257,0.351,2.791,2,0.302,0.344,2.286,2,0.251,0.167,2.130,2,0.144,0.368,2.008,2,0.142,0.393,2.003,2,-0.108,0.021,2.470,2,-0.296,0.115,2.158,2,-0.306,-0.074,2.364,2,-0.402,-0.138,2.335,2,0.022,-0.036,2.435,2,0.003,-0.367,2.395,2,-0.062,-0.772,2.398,2,-0.074,-0.751,2.275,2,0.157,0.406,2.326,2,-0.276,0.354,2.815,2,-0.243,0.326,2.763,2,0.147,0.463,1.979,2,0.110,0.408,2.062,0,0,0,0,0
3.723|kb,155381571342270000,6,25,1,72057594037932713,2,-0.028,-0.002,2.493,2,0.063,0.242,2.401,2,0.136,0.500,2.297,2,0.162,0.635,2.244,2,0.007,0.465,2.356,2,-0.109,0.378,2.613,2,-0.229,0.331,2.789,1,-0.266,0.353,2.799,2,0.278,0.400,2.263,2,0.257,0.194,2.142,2,0.143,0.353,2.008,2,0.139,0.401,1.995,2,-0.092,0.022,2.477,2,-0.294,0.092,2.184,2,-0.300,-0.089,2.385,2,-0.395,-0.165,2.358,2,0.038,-0.026,2.439,2,0.009,-0.356,2.396,2,-0.059,-0.770,2.401,2,-0.028,-0.765,2.428,2,0.118,0.440,2.326,2,-0.302,0.353,2.876,2,-0.252,0.329,2.800,2,0.153,0.459,1.947,2,0.106,0.417,2.044,0,0,0,0,0
3.769|kb,155381574652310000,6,25,1,72057594037932713,2,-0.017,0.007,2.497,2,0.061,0.254,2.402,2,0.133,0.504,2.296,2,0.136,0.658,2.244,2,0.006,0.466,2.357,2,-0.112,0.388,2.615,2,-0.270,0.342,2.784,1,-0.302,0.364,2.814,2,0.276,0.403,2.262,2,0.248,0.211,2.119,2,0.130,0.371,1.994,2,0.141,0.414,1.990,2,-0.084,0.031,2.481,2,-0.298,0.071,2.196,2,-0.293,-0.104,2.395,2,-0.385,-0.185,2.371,2,0.051,-0.018,2.443,2,0.022,-0.349,2.396,2,-0.057,-0.777,2.419,2,-0.024,-0.783,2.432,2,0.115,0.443,2.325,2,-0.334,0.362,2.880,2,-0.328,0.360,2.869,2,0.153,0.472,1.948,2,0.101,0.434,2.040,0,0,0,0,0
3.799|kb,155381577953290000,6,25,1,72057594037932713,2,-0.007,0.015,2.498,2,0.056,0.262,2.398,2,0.100,0.511,2.281,2,0.118,0.664,2.242,2,-0.018,0.489,2.372,2,-0.138,0.394,2.624,2,-0.281,0.342,2.783,2,-0.321,0.361,2.786,2,0.267,0.434,2.253,2,0.253,0.231,2.125,2,0.179,0.370,2.022,2,0.145,0.431,1.981,2,-0.076,0.039,2.482,2,-0.296,0.062,2.198,2,-0.284,-0.123,2.412,2,-0.373,-0.218,2.378,2,0.061,-0.009,2.444,2,0.029,-0.339,2.393,2,-0.012,-0.746,2.416,2,-0.042,-0.744,2.297,2,0.092,0.451,2.313,2,-0.369,0.365,2.848,2,-0.356,0.356,2.837,2,0.155,0.490,1.937,2,0.100,0.448,2.037,0,0,0,0,0
3.830|kb,155381581342200000,6,25,1,72057594037932713,2,0.005,0.024,2.498,2,0.057,0.280,2.393,2,0.098,0.534,2.272,2,0.096,0.674,2.246,2,-0.027,0.496,2.376,2,-0.145,0.394,2.627,2,-0.309,0.344,2.765,2,-0.356,0.366,2.775,2,0.261,0.435,2.253,2,0.270,0.240,2.112,2,0.175,0.414,1.987,2,0.154,0.437,1.977,2,-0.063,0.046,2.484,2,-0.285,0.057,2.203,2,-0.286,-0.161,2.442,2,-0.333,-0.253,2.401,2,0.073,0.002,2.443,2,0.036,-0.331,2.389,2,0.032,-0.738,2.399,2,0.004,-0.753,2.427,2,0.089,0.472,2.305,2,-0.415,0.376,2.827,2,-0.334,0.336,2.774,2,0.156,0.499,1.945,2,0.108,0.446,2.027,0,0,0,0,0
3.856|kb,155381584650190000,6,25,1,72057594037932713,2,0.007,0.028,2.501,2,0.056,0.287,2.395,2,0.097,0.541,2.275,2,0.082,0.679,2.248,2,-0.041,0.501,2.382,2,-0.162,0.398,2.630,2,-0.357,0.364,2.732,2,-0.404,0.378,2.747,2,0.252,0.420,2.261,2,0.276,0.242,2.099,2,0.175,0.419,1.984,2,0.166,0.446,1.973,2,-0.060,0.051,2.488,2,-0.281,0.048,2.206,2,-0.281,-0.209,2.456,2,-0.331,-0.284,2.401,2,0.075,0.006,2.444,2,0.044,-0.328,2.384,2,0.024,-0.737,2.428,2,-0.013,-0.730,2.308,2,0.088,0.479,2.307,2,-0.466,0.385,2.782,2,-0.391,0.347,2.768,2,0.157,0.509,1.942,2,0.117,0.447,2.022,0,0,0,0,0
3.901|kb,155381587950830000,6,25,1,72057594037932713,2,0.011,0.033,2.504,2,0.055,0.293,2.400,2,0.092,0.547,2.285,2,0.068,0.683,2.250,2,-0.054,0.505,2.387,2,-0.187,0.404,2.625,2,-0.391,0.366,2.707,2,-0.457,0.392,2.715,1,0.249,0.417,2.266,2,0.292,0.249,2.097,2,0.196,0.426,1.978,2,0.184,0.450,1.970,2,-0.055,0.053,2.492,2,-0.279,0.023,2.214,2,-0.251,-0.262,2.462,2,-0.309,-0.321,2.402,2,0.077,0.013,2.447,2,0.047,-0.327,2.382,2,0.039,-0.733,2.442,2,0.001,-0.735,2.321,2,0.083,0.485,2.316,2,-0.521,0.402,2.732,2,-0.430,0.360,2.718,2,0.162,0.513,1.935,2,0.131,0.442,2.019,0,0,0,0,0
3.931|kb,155381591342560000,6,25,1,72057594037932713,2,0.010,0.037,2.510,2,0.049,0.298,2.409,2,0.082,0.553,2.296,2,0.053,0.688,2.255,2,-0.065,0.506,2.392,2,-0.210,0.408,2.617,2,-0.426,0.373,2.668,2,-0.496,0.403,2.675,2,0.173,0.446,2.284,2,0.298,0.296,2.135,2,0.205,0.431,1.965,2,0.205,0.444,1.976,2,-0.055,0.055,2.498,2,-0.279,-0.036,2.236,2,-0.202,-0.285,2.491,2,-0.253,-0.348,2.424,2,0.075,0.019,2.453,2,0.049,-0.328,2.381,2,0.064,-0.746,2.460,2,0.014,-0.760,2.447,2,0.074,0.490,2.327,2,-0.561,0.417,2.679,2,-0.497,0.377,2.690,2,0.184,0.505,1.919,2,0.147,0.434,2.019,0,0,0,0,0
3.956|kb,155381594650080000,6,25,1,72057594037932713,2,0.011,0.037,2.515,2,0.046,0.299,2.413,2,0.074,0.553,2.301,2,0.040,0.689,2.259,2,-0.065,0.505,2.393,2,-0.234,0.407,2.609,2,-0.460,0.387,2.620,2,-0.498,0.410,2.612,2,0.174,0.449,2.284,2,0.323,0.307,2.162,2,0.223,0.417,1.977,2,0.229,0.436,1.981,2,-0.052,0.053,2.504,2,-0.274,-0.055,2.247,2,-0.165,-0.311,2.503,2,-0.211,-0.380,2.441,2,0.075,0.020,2.456,2,0.050,-0.337,2.388,2,0.070,-0.751,2.464,2,0.020,-0.761,2.447,2,0.068,0.491,2.331,2,-0.567,0.441,2.603,2,-0.524,0.389,2.639,2,0.211,0.493,1.912,2,0.175,0.434,2.018,0,0,0,0,0
4.001|kb,155381597950030000,6,25,1,72057594037932713,2,0.018,0.032,2.522,2,0.044,0.296,2.417,2,0.064,0.551,2.306,2,0.023,0.684,2.268,2,-0.106,0.484,2.421,2,-0.262,0.402,2.594,2,-0.490,0.400,2.573,2,-0.552,0.436,2.563,2,0.175,0.457,2.283,2,0.339,0.312,2.192,2,0.257,0.407,1.991,2,0.255,0.424,1.994,2,-0.043,0.045,2.513,2,-0.265,-0.103,2.279,2,-0.126,-0.333,2.514,2,-0.170,-0.409,2.461,2,0.079,0.018,2.462,2,0.055,-0.359,2.403,2,0.082,-0.752,2.471,2,0.022,-0.759,2.446,2,0.060,0.489,2.336,2,-0.612,0.461,2.548,2,-0.571,0.410,2.588,2,0.233,0.480,1.928,2,0.189,0.408,2.026,0,0,0,0,0
4.031|kb,155381601342060000,6,25,1,72057594037932713,2,0.024,0.024,2.527,2,0.040,0.291,2.422,2,0.049,0.546,2.311,2,0.012,0.681,2.272,2,-0.112,0.477,2.426,2,-0.274,0.400,2.580,2,-0.496,0.411,2.520,2,-0.552,0.444,2.502,2,0.175,0.457,2.284,2,0.344,0.313,2.203,2,0.270,0.404,1.996,2,0.278,0.412,2.009,2,-0.036,0.035,2.517,2,-0.250,-0.154,2.312,2,-0.106,-0.335,2.522,2,-0.141,-0.438,2.476,2,0.084,0.012,2.466,2,0.060,-0.364,2.408,2,0.085,-0.754,2.475,2,0.022,-0.760,2.448,2,0.048,0.483,2.341,2,-0.610,0.474,2.473,2,-0.571,0.412,2.518,2,0.258,0.465,1.939,2,0.212,0.394,2.037,0,0,0,0,0
4.065|kb,155381604642360000,6,25,1,72057594037932713,2,0.031,0.014,2.533,2,0.037,0.284,2.428,2,0.040,0.542,2.315,2,-0.003,0.674,2.277,2,-0.124,0.468,2.434,2,-0.291,0.394,2.566,2,-0.501,0.418,2.471,2,-0.540,0.446,2.447,2,0.173,0.456,2.287,2,0.355,0.313,2.280,2,0.305,0.380,2.039,2,0.303,0.393,2.033,2,-0.029,0.024,2.522,2,-0.223,-0.216,2.362,2,-0.080,-0.350,2.536,2,-0.108,-0.470,2.498,2,0.090,0.004,2.474,2,0.065,-0.371,2.418,2,0.085,-0.755,2.475,2,0.029,-0.765,2.453,2,0.040,0.479,2.346,2,-0.609,0.483,2.411,2,-0.571,0.418,2.454,2,0.292,0.447,1.955,2,0.235,0.379,2.049,0,0,0,0,0
4.098|kb,155381607949240000,6,25,1,72057594037932713,2,0.037,0.007,2.538,2,0.033,0.278,2.434,2,0.023,0.536,2.324,2,-0.018,0.670,2.283,2,-0.134,0.460,2.440,2,-0.334,0.370,2.544,2,-0.513,0.423,2.405,2,-0.535,0.453,2.391,2,0.167,0.454,2.293,2,0.352,0.314,2.284,1,0.318,0.382,2.058,2,0.323,0.378,2.053,2,-0.023,0.015,2.526,2,-0.222,-0.221,2.367,1,-0.057,-0.379,2.559,2,-0.074,-0.487,2.529,2,0.096,-0.001,2.479,2,0.065,-0.379,2.427,2,0.082,-0.757,2.478,2,0.012,-0.759,2.466,2,0.027,0.473,2.353,2,-0.598,0.494,2.351,2,-0.561,0.420,2.395,2,0.312,0.427,1.995,2,0.254,0.364,2.058,0,0,0,0,0
4.131|kb,155381611341820000,6,25,1,72057594037932713,2,0.041,0.003,2.541,2,0.031,0.275,2.437,2,0.016,0.534,2.326,2,-0.031,0.665,2.288,2,-0.142,0.456,2.444,2,-0.343,0.365,2.526,2,-0.496,0.424,2.358,2,-0.521,0.455,2.341,2,0.159,0.451,2.300,2,0.348,0.315,2.306,2,0.339,0.362,2.073,1,0.349,0.382,2.053,2,-0.018,0.008,2.530,2,-0.173,-0.276,2.419,1,-0.067,-0.464,2.569,1,-0.100,-0.525,2.459,2,0.099,-0.004,2.481,2,0.064,-0.378,2.430,2,0.079,-0.757,2.477,2,0.012,-0.760,2.467,2,0.021,0.470,2.356,2,-0.578,0.498,2.296,2,-0.549,0.419,2.332,2,0.365,0.399,2.008,2,0.305,0.398,2.020,0,0,0,0,0
4.160|kb,155381614650200000,6,25,1,72057594037932713,2,0.048,-0.001,2.547,2,0.029,0.271,2.443,2,0.004,0.531,2.332,2,-0.045,0.663,2.296,2,-0.151,0.448,2.451,2,-0.349,0.360,2.511,2,-0.488,0.425,2.332,2,-0.502,0.452,2.303,2,0.150,0.450,2.308,2,0.337,0.331,2.357,2,0.355,0.326,2.114,1,0.365,0.348,2.087,2,-0.011,0.003,2.538,2,-0.160,-0.287,2.438,1,-0.026,-0.509,2.618,1,-0.033,-0.560,2.585,2,0.107,-0.006,2.487,2,0.064,-0.378,2.433,2,0.076,-0.758,2.481,2,0.013,-0.760,2.468,2,0.011,0.467,2.362,2,-0.547,0.503,2.248,2,-0.557,0.434,2.279,2,0.385,0.379,2.015,2,0.328,0.380,2.039,0,0,0,0,0
4.186|kb,155381617950710000,6,25,1,72057594037932713,2,0.053,-0.005,2.552,2,0.026,0.268,2.446,2,-0.005,0.528,2.334,2,-0.056,0.658,2.300,2,-0.157,0.443,2.454,2,-0.361,0.349,2.485,2,-0.460,0.425,2.285,2,-0.474,0.449,2.263,2,0.143,0.448,2.311,2,0.333,0.335,2.360,2,0.365,0.312,2.125,1,0.381,0.326,2.102,2,-0.007,-0.001,2.543,2,-0.139,-0.303,2.462,1,0.003,-0.543,2.654,2,0.015,-0.598,2.544,2,0.112,-0.008,2.491,2,0.065,-0.378,2.433,2,0.075,-0.761,2.482,2,0.030,-0.776,2.457,2,0.004,0.464,2.364,2,-0.508,0.502,2.200,2,-0.523,0.433,2.228,2,0.404,0.358,2.040,2,0.350,0.353,2.048,0,0,0,0,0
4.231|kb,155381621342050000,6,25,1,72057594037932713,2,0.056,-0.007,2.555,2,0.023,0.264,2.451,2,-0.019,0.523,2.339,2,-0.068,0.653,2.305,2,-0.163,0.437,2.455,2,-0.369,0.338,2.469,2,-0.442,0.407,2.255,2,-0.444,0.449,2.225,2,0.136,0.445,2.315,2,0.330,0.338,2.361,2,0.380,0.294,2.132,1,0.405,0.305,2.112,2,-0.005,-0.005,2.545,2,-0.081,-0.327,2.480,1,0.067,-0.556,2.698,1,0.074,-0.622,2.591,2,0.117,-0.010,2.496,2,0.068,-0.381,2.435,2,0.074,-0.765,2.486,2,0.027,-0.779,2.452,2,-0.007,0.459,2.369,2,-0.469,0.504,2.153,2,-0.488,0.430,2.188,2,0.418,0.326,2.028,2,0.370,0.326,2.060,0,0,0,0,0
4.263|kb,155381624650130000,6,25,1,72057594037932713,2,0.061,-0.013,2.559,2,0.019,0.258,2.455,2,-0.028,0.517,2.342,2,-0.078,0.649,2.311,2,-0.169,0.430,2.455,2,-0.374,0.327,2.462,2,-0.403,0.414,2.243,2,-0.408,0.450,2.192,2,0.128,0.441,2.319,2,0.327,0.339,2.360,2,0.408,0.264,2.149,1,0.425,0.281,2.125,2,-0.001,-0.013,2.550,2,-0.063,-0.337,2.480,1,0.061,-0.553,2.696,1,0.074,-0.622,2.591,2,0.122,-0.013,2.499,2,0.075,-0.389,2.436,2,0.074,-0.768,2.487,2,0.027,-0.779,2.451,2,-0.016,0.453,2.373,2,-0.420,0.508,2.123,2,-0.456,0.447,2.130,2,0.445,0.297,2.051,2,0.392,0.288,2.090,0,0,0,0,0
4.289|kb,155381627948840000,6,25,1,72057594037932713,2,0.065,-0.017,2.563,2,0.017,0.253,2.458,2,-0.036,0.512,2.345,2,-0.088,0.643,2.317,2,-0.174,0.425,2.455,2,-0.376,0.327,2.390,2,-0.368,0.428,2.175,2,-0.372,0.448,2.166,2,0.122,0.437,2.322,2,0.324,0.339,2.359,2,0.435,0.235,2.178,2,0.432,0.250,2.148,2,0.003,-0.019,2.553,2,-0.039,-0.346,2.482,1,0.063,-0.561,2.694,1,0.080,-0.634,2.590,2,0.126,-0.016,2.502,2,0.074,-0.387,2.439,2,0.073,-0.770,2.487,2,0.023,-0.778,2.458,2,-0.023,0.448,2.376,2,-0.377,0.499,2.114,2,-0.412,0.446,2.095,2,0.478,0.268,2.073,2,0.355,0.236,2.105,0,0,0,0,0
4.334|kb,155381631343440000,6,25,1,72057594037932713,2,0.068,-0.022,2.567,2,0.014,0.248,2.463,2,-0.043,0.508,2.349,2,-0.097,0.638,2.321,2,-0.177,0.420,2.454,2,-0.375,0.323,2.372,2,-0.349,0.423,2.158,2,-0.337,0.453,2.142,2,0.113,0.433,2.324,2,0.318,0.337,2.357,2,0.445,0.221,2.195,2,0.446,0.231,2.168,2,0.006,-0.025,2.557,2,-0.017,-0.354,2.486,2,0.210,-0.553,2.755,1,0.228,-0.640,2.666,2,0.128,-0.019,2.507,2,0.070,-0.378,2.447,2,0.073,-0.770,2.486,2,0.023,-0.778,2.456,2,-0.028,0.444,2.380,2,-0.326,0.507,2.068,2,-0.368,0.428,2.095,2,0.499,0.241,2.087,2,0.373,0.214,2.126,0,0,0,0,0
4.365|kb,155381634650320000,6,25,1,72057594037932713,2,0.071,-0.026,2.572,2,0.011,0.243,2.467,2,-0.051,0.501,2.351,2,-0.104,0.634,2.325,2,-0.181,0.415,2.454,2,-0.373,0.311,2.365,2,-0.315,0.415,2.160,2,-0.304,0.452,2.129,2,0.107,0.429,2.327,2,0.318,0.331,2.359,2,0.457,0.203,2.219,2,0.461,0.215,2.187,2,0.009,-0.031,2.562,1,-0.005,-0.361,2.496,2,0.175,-0.537,2.727,2,0.129,-0.619,2.630,2,0.132,-0.021,2.512,2,0.070,-0.375,2.451,2,0.072,-0.773,2.486,2,0.023,-0.780,2.455,2,-0.035,0.438,2.382,2,-0.288,0.507,2.066,2,-0.334,0.421,2.078,2,0.508,0.226,2.110,2,0.392,0.194,2.141,0,0,0,0,0
4.397|kb,155381637948780000,6,25,1,72057594037932713,2,0.074,-0.031,2.575,2,0.009,0.238,2.469,2,-0.058,0.497,2.353,2,-0.109,0.631,2.329,2,-0.184,0.409,2.451,2,-0.368,0.322,2.327,2,-0.288,0.428,2.130,2,-0.267,0.458,2.114,2,0.099,0.423,2.330,2,0.317,0.326,2.361,2,0.473,0.191,2.251,2,0.474,0.200,2.204,2,0.012,-0.039,2.565,1,0.042,-0.406,2.482,2,0.262,-0.514,2.767,2,0.275,-0.587,2.791,2,0.135,-0.024,2.516,2,0.077,-0.369,2.449,2,0.071,-0.772,2.485,2,0.006,-0.765,2.488,2,-0.041,0.433,2.384,2,-0.232,0.509,2.049,2,-0.302,0.420,2.065,2,0.533,0.203,2.136,2,0.413,0.179,2.164,0,0,0,0,0
4.422|kb,155381641342260000,6,25,1,72057594037932713,2,0.079,-0.035,2.576,2,0.010,0.237,2.469,2,-0.058,0.497,2.353,2,-0.112,0.629,2.331,2,-0.185,0.409,2.450,2,-0.359,0.321,2.312,2,-0.237,0.447,2.114,2,-0.234,0.459,2.106,2,0.091,0.417,2.332,2,0.315,0.319,2.364,2,0.475,0.178,2.271,2,0.466,0.192,2.249,2,0.018,-0.047,2.565,1,0.062,-0.423,2.475,2,0.245,-0.497,2.722,1,0.240,-0.572,2.645,2,0.138,-0.024,2.516,1,0.083,-0.365,2.448,2,0.070,-0.758,2.483,2,0.038,-0.764,2.366,2,-0.041,0.433,2.384,2,-0.198,0.509,2.040,2,-0.264,0.429,2.052,2,0.525,0.192,2.171,2,0.425,0.161,2.182,0,0,0,0,0
4.468|kb,155381644655600000,6,25,1,72057594037932713,2,0.087,-0.040,2.574,2,0.010,0.231,2.469,2,-0.069,0.487,2.355,2,-0.115,0.626,2.331,2,-0.192,0.396,2.442,2,-0.333,0.324,2.260,2,-0.204,0.459,2.100,2,-0.199,0.465,2.099,2,0.089,0.413,2.333,2,0.314,0.312,2.371,2,0.481,0.168,2.298,2,0.478,0.183,2.266,2,0.025,-0.054,2.562,2,0.079,-0.456,2.455,2,0.305,-0.500,2.772,2,0.334,-0.559,2.808,2,0.147,-0.026,2.515,2,0.093,-0.352,2.441,2,0.071,-0.751,2.482,2,0.043,-0.762,2.364,2,-0.049,0.424,2.385,2,-0.178,0.505,2.028,2,-0.235,0.427,2.046,2,0.531,0.178,2.185,2,0.434,0.152,2.211,0,0,0,0,0
4.498|kb,155381647949050000,6,25,1,72057594037932713,2,0.093,-0.046,2.576,2,0.010,0.226,2.470,2,-0.071,0.485,2.354,2,-0.116,0.627,2.332,2,-0.192,0.381,2.436,2,-0.339,0.321,2.255,2,-0.194,0.440,2.113,2,-0.174,0.458,2.104,2,0.088,0.410,2.335,2,0.315,0.304,2.378,2,0.486,0.162,2.313,2,0.485,0.175,2.289,2,0.031,-0.063,2.563,2,0.219,-0.402,2.742,2,0.434,-0.506,2.927,2,0.406,-0.614,2.894,2,0.153,-0.030,2.518,1,0.092,-0.353,2.440,2,0.071,-0.753,2.481,2,0.027,-0.773,2.453,2,-0.050,0.421,2.385,2,-0.127,0.504,2.072,2,-0.191,0.447,2.029,2,0.543,0.169,2.214,2,0.442,0.143,2.230,0,0,0,0,0
4.523|kb,155381651341850000,6,25,1,72057594037932713,2,0.097,-0.051,2.578,2,0.012,0.221,2.472,2,-0.071,0.482,2.354,2,-0.118,0.626,2.332,2,-0.192,0.376,2.435,2,-0.351,0.319,2.265,2,-0.168,0.448,2.115,1,-0.137,0.466,2.105,2,0.088,0.405,2.337,2,0.316,0.296,2.386,2,0.493,0.157,2.330,2,0.521,0.160,2.287,2,0.034,-0.068,2.564,1,0.223,-0.405,2.745,2,0.469,-0.530,2.969,2,0.449,-0.606,2.938,2,0.158,-0.034,2.522,2,0.077,-0.384,2.439,2,0.072,-0.760,2.481,2,0.000,-0.770,2.502,2,-0.050,0.418,2.386,2,-0.091,0.498,2.079,2,-0.158,0.451,2.031,2,0.584,0.149,2.249,2,0.533,0.152,2.220,0,0,0,0,0
4.568|kb,155381654651080000,6,25,1,72057594037932713,2,0.104,-0.057,2.584,2,0.016,0.208,2.476,2,-0.071,0.460,2.357,2,-0.121,0.622,2.333,2,-0.181,0.349,2.434,2,-0.331,0.330,2.246,2,-0.150,0.447,2.120,1,-0.117,0.460,2.113,2,0.087,0.400,2.340,2,0.319,0.286,2.398,2,0.498,0.146,2.360,1,0.542,0.149,2.304,2,0.040,-0.074,2.568,1,0.231,-0.408,2.753,2,0.496,-0.546,2.994,2,0.479,-0.646,2.955,2,0.166,-0.039,2.530,2,0.081,-0.391,2.443,2,0.073,-0.756,2.483,2,0.053,-0.763,2.362,2,-0.049,0.399,2.389,2,-0.068,0.492,2.080,2,-0.142,0.440,2.051,2,0.593,0.141,2.282,2,0.525,0.134,2.260,0,0,0,0,0
4.599|kb,155381657949110000,6,25,1,72057594037932713,2,0.130,-0.063,2.569,2,0.028,0.197,2.472,2,-0.065,0.448,2.360,2,-0.126,0.608,2.332,2,-0.181,0.346,2.433,2,-0.337,0.327,2.250,2,-0.146,0.425,2.113,1,-0.107,0.449,2.117,2,0.088,0.394,2.343,2,0.320,0.279,2.406,2,0.501,0.140,2.382,2,0.505,0.149,2.360,2,0.063,-0.078,2.555,1,0.284,-0.378,2.711,2,0.514,-0.575,3.021,2,0.502,-0.647,2.967,2,0.193,-0.046,2.513,2,0.081,-0.391,2.443,2,0.076,-0.758,2.482,2,0.035,-0.776,2.447,2,-0.042,0.387,2.390,2,-0.049,0.485,2.091,2,-0.107,0.447,2.051,2,0.567,0.135,2.302,2,0.471,0.115,2.318,0,0,0,0,0
4.630|kb,155381661342460000,6,25,1,72057594037932713,2,0.129,-0.066,2.570,2,0.031,0.192,2.473,2,-0.061,0.441,2.362,2,-0.125,0.600,2.332,2,-0.181,0.345,2.433,2,-0.336,0.325,2.249,2,-0.148,0.412,2.120,1,-0.104,0.436,2.124,2,0.091,0.386,2.348,2,0.322,0.272,2.418,2,0.504,0.134,2.399,2,0.509,0.140,2.382,2,0.062,-0.080,2.555,2,0.102,-0.462,2.457,2,0.276,-0.479,2.702,1,0.289,-0.545,2.636,2,0.193,-0.051,2.514,2,0.084,-0.393,2.444,2,0.076,-0.744,2.477,2,0.057,-0.753,2.356,2,-0.038,0.380,2.392,2,-0.047,0.476,2.093,2,-0.111,0.429,2.069,2,0.572,0.126,2.321,2,0.480,0.102,2.343,0,0,0,0,0
4.656|kb,155381664650370000,6,25,1,72057594037932713,2,0.134,-0.067,2.572,2,0.035,0.189,2.474,2,-0.059,0.437,2.363,2,-0.123,0.592,2.336,2,-0.182,0.346,2.433,2,-0.322,0.328,2.237,2,-0.133,0.408,2.123,1,-0.091,0.432,2.129,2,0.091,0.386,2.348,2,0.325,0.264,2.433,2,0.505,0.124,2.432,2,0.527,0.126,2.403,2,0.067,-0.081,2.558,2,0.103,-0.460,2.458,2,0.249,-0.441,2.667,1,0.286,-0.505,2.640,2,0.196,-0.051,2.517,2,0.086,-0.389,2.448,2,0.076,-0.740,2.476,2,0.057,-0.753,2.356,2,-0.036,0.377,2.393,2,-0.026,0.471,2.100,2,-0.081,0.438,2.075,2,0.595,0.116,2.359,2,0.489,0.092,2.373,0,0,0,0,0
4.701|kb,155381667950150000,6,25,1,72057594037932713,2,0.141,-0.076,2.580,2,0.043,0.179,2.482,2,-0.052,0.427,2.370,2,-0.119,0.580,2.340,2,-0.178,0.336,2.436,2,-0.307,0.329,2.231,2,-0.113,0.407,2.123,1,-0.077,0.430,2.134,2,0.100,0.363,2.364,2,0.333,0.251,2.447,2,0.516,0.115,2.447,2,0.532,0.118,2.425,2,0.073,-0.090,2.564,2,0.103,-0.460,2.458,2,0.237,-0.453,2.643,1,0.290,-0.503,2.639,2,0.204,-0.059,2.527,2,0.091,-0.389,2.452,2,0.079,-0.746,2.477,2,0.036,-0.767,2.445,2,-0.028,0.367,2.400,2,-0.011,0.463,2.110,2,-0.075,0.429,2.081,2,0.598,0.104,2.378,2,0.498,0.084,2.394,0,0,0,0,0
4.733|kb,155381671342010000,6,25,1,72057594037932713,2,0.140,-0.091,2.591,2,0.047,0.165,2.489,2,-0.042,0.413,2.376,2,-0.112,0.570,2.345,2,-0.156,0.302,2.446,2,-0.290,0.328,2.247,2,-0.104,0.398,2.122,1,-0.071,0.423,2.137,2,0.103,0.356,2.368,2,0.334,0.246,2.458,2,0.517,0.110,2.468,2,0.577,0.102,2.427,2,0.070,-0.107,2.575,2,0.104,-0.460,2.460,2,0.238,-0.463,2.626,1,0.303,-0.513,2.633,2,0.206,-0.073,2.536,2,0.094,-0.388,2.454,2,0.079,-0.743,2.476,2,0.063,-0.751,2.355,2,-0.020,0.353,2.406,2,-0.021,0.447,2.115,2,-0.068,0.424,2.088,2,0.633,0.088,2.419,2,0.587,0.089,2.382,0,0,0,0,0
4.764|kb,155381674651460000,6,25,1,72057594037932713,2,0.168,-0.104,2.631,2,0.056,0.162,2.500,2,-0.042,0.413,2.376,2,-0.106,0.561,2.350,2,-0.155,0.301,2.447,2,-0.314,0.289,2.267,2,-0.134,0.380,2.148,1,-0.086,0.401,2.151,2,0.114,0.343,2.380,2,0.339,0.237,2.473,2,0.519,0.101,2.493,2,0.578,0.090,2.457,2,0.101,-0.121,2.614,2,0.104,-0.462,2.462,2,0.240,-0.463,2.634,1,0.307,-0.517,2.637,2,0.230,-0.083,2.579,2,0.099,-0.396,2.460,2,0.078,-0.744,2.476,2,0.066,-0.754,2.357,2,-0.019,0.352,2.407,2,-0.023,0.439,2.113,2,-0.054,0.413,2.182,2,0.635,0.073,2.439,2,0.597,0.072,2.405,0,0,0,0,0
4.789|kb,155381677951370000,6,25,1,72057594037932713,2,0.146,-0.137,2.629,2,0.060,0.140,2.512,2,-0.026,0.401,2.387,2,-0.099,0.552,2.358,2,-0.119,0.273,2.458,2,-0.291,0.291,2.292,1,-0.119,0.376,2.154,1,-0.072,0.396,2.158,2,0.125,0.338,2.389,2,0.350,0.229,2.486,2,0.525,0.088,2.519,2,0.568,0.082,2.485,2,0.061,-0.162,2.606,1,0.058,-0.487,2.516,1,0.356,-0.441,2.823,1,0.396,-0.491,2.821,2,0.223,-0.108,2.581,1,0.072,-0.391,2.458,2,0.080,-0.774,2.489,2,0.028,-0.779,2.448,2,-0.005,0.337,2.420,2,-0.016,0.430,2.123,2,-0.047,0.406,2.194,2,0.638,0.064,2.459,2,0.553,0.064,2.447,0,0,0,0,0
4.834|kb,155381681346600000,6,25,1,72057594037932713,2,0.178,-0.130,2.650,2,0.078,0.131,2.530,2,-0.016,0.386,2.401,2,-0.087,0.541,2.370,2,-0.120,0.274,2.465,2,-0.288,0.287,2.295,2,-0.028,0.412,2.169,1,-0.013,0.418,2.152,2,0.131,0.328,2.398,2,0.353,0.223,2.499,2,0.531,0.085,2.525,2,0.570,0.073,2.511,2,0.114,-0.146,2.634,2,0.350,-0.403,2.867,2,0.598,-0.515,3.013,2,0.610,-0.594,3.021,2,0.238,-0.108,2.595,2,0.097,-0.404,2.470,2,0.079,-0.770,2.487,2,0.034,-0.773,2.446,2,0.007,0.324,2.435,2,0.022,0.419,2.150,2,0.018,0.412,2.157,2,0.641,0.048,2.483,2,0.526,0.040,2.493,0,0,0,0,0
4.870|kb,155381684650150000,6,25,1,72057594037932713,2,0.202,-0.142,2.655,2,0.102,0.120,2.542,2,0.003,0.377,2.417,2,-0.073,0.527,2.384,2,-0.112,0.269,2.474,2,-0.277,0.281,2.300,2,-0.080,0.350,2.192,1,-0.050,0.382,2.183,2,0.147,0.323,2.411,2,0.379,0.209,2.520,2,0.553,0.068,2.551,2,0.586,0.064,2.528,2,0.128,-0.160,2.634,2,0.141,-0.562,2.490,1,0.402,-0.481,2.841,1,0.427,-0.532,2.831,2,0.276,-0.119,2.609,1,0.173,-0.423,2.489,2,0.069,-0.785,2.490,2,0.071,-0.772,2.373,2,0.028,0.314,2.451,2,0.019,0.412,2.161,2,-0.035,0.395,2.230,2,0.663,0.046,2.510,2,0.620,0.040,2.474,0,0,0,0,0
4.901|kb,155381687949250000,6,25,1,72057594037932713,2,0.200,-0.143,2.665,2,0.103,0.118,2.550,2,0.008,0.373,2.424,2,-0.066,0.524,2.393,2,-0.107,0.264,2.495,2,-0.275,0.267,2.323,2,-0.019,0.393,2.191,1,0.002,0.402,2.182,2,0.155,0.313,2.423,2,0.382,0.205,2.529,2,0.558,0.066,2.561,2,0.592,0.058,2.547,2,0.129,-0.159,2.648,2,0.379,-0.397,2.884,2,0.687,-0.594,3.116,2,0.651,-0.652,3.070,2,0.270,-0.122,2.616,2,0.105,-0.410,2.478,2,0.069,-0.778,2.487,2,0.006,-0.765,2.490,2,0.032,0.310,2.457,2,0.036,0.405,2.179,2,0.007,0.396,2.216,2,0.664,0.039,2.523,2,0.548,0.022,2.520,0,0,0,0,0
4.931|kb,155381691342090000,6,25,1,72057594037932713,2,0.223,-0.153,2.668,2,0.123,0.109,2.561,2,0.025,0.364,2.444,2,-0.050,0.512,2.408,2,-0.095,0.260,2.506,2,-0.252,0.268,2.323,1,0.000,0.399,2.186,1,0.019,0.399,2.186,2,0.171,0.308,2.438,2,0.393,0.202,2.540,2,0.566,0.061,2.574,2,0.607,0.050,2.559,2,0.148,-0.174,2.648,1,0.375,-0.406,2.907,2,0.666,-0.605,3.064,2,0.615,-0.642,3.040,2,0.292,-0.128,2.620,2,0.081,-0.370,2.465,2,0.078,-0.783,2.498,2,0.069,-0.775,2.380,2,0.049,0.301,2.475,2,0.047,0.397,2.178,2,0.042,0.391,2.179,2,0.675,0.026,2.533,2,0.559,0.017,2.528,0,0,0,0,0
4.956|kb,155381694650170000,6,25,1,72057594037932713,2,0.212,-0.157,2.664,2,0.121,0.107,2.562,2,0.029,0.361,2.448,2,-0.039,0.511,2.420,2,-0.095,0.260,2.506,2,-0.250,0.265,2.321,2,0.021,0.395,2.232,1,0.030,0.397,2.203,2,0.181,0.303,2.448,2,0.423,0.180,2.567,2,0.600,0.040,2.586,2,0.616,0.045,2.569,2,0.138,-0.175,2.647,2,0.374,-0.409,2.898,2,0.579,-0.528,3.021,2,0.563,-0.590,2.903,2,0.279,-0.137,2.612,2,0.104,-0.413,2.482,2,0.077,-0.767,2.490,2,0.038,-0.773,2.514,2,0.051,0.299,2.478,2,0.058,0.397,2.204,2,0.064,0.389,2.210,2,0.683,0.018,2.539,2,0.571,0.009,2.532,0,0,0,0,0
5.001|kb,155381697949350000,6,25,1,72057594037932713,2,0.214,-0.159,2.666,2,0.128,0.101,2.572,2,0.047,0.353,2.474,2,-0.023,0.504,2.440,2,-0.068,0.255,2.546,2,-0.226,0.260,2.364,2,0.026,0.395,2.233,1,0.044,0.396,2.219,2,0.190,0.302,2.459,2,0.427,0.179,2.572,2,0.605,0.043,2.603,2,0.626,0.043,2.584,2,0.140,-0.176,2.649,2,0.378,-0.410,2.899,2,0.639,-0.577,3.058,2,0.619,-0.637,3.039,2,0.281,-0.139,2.613,2,0.104,-0.413,2.483,2,0.089,-0.767,2.496,2,0.038,-0.763,2.448,2,0.067,0.291,2.500,2,0.069,0.398,2.221,2,0.072,0.387,2.229,2,0.693,0.024,2.550,2,0.584,0.008,2.551,0,0,0,0,0
