0.000|kb,87697944857280000,6,25,1,72057594037956870,2,-0.149,-0.136,1.902,2,-0.149,0.184,1.911,2,-0.148,0.491,1.907,2,-0.134,0.644,1.879,2,-0.311,0.380,1.856,2,-0.415,0.125,1.871,2,-0.429,-0.109,1.763,2,-0.423,-0.195,1.726,2,0.023,0.362,1.912,2,0.045,0.112,1.910,2,0.042,-0.184,1.787,2,0.017,-0.253,1.765,2,-0.222,-0.134,1.846,2,-0.253,-0.465,1.877,2,-0.250,-0.830,1.945,2,-0.225,-0.855,1.808,2,-0.070,-0.133,1.881,2,-0.038,-0.472,1.830,2,-0.034,-0.795,1.850,1,-0.013,-0.804,1.709,2,-0.148,0.416,1.910,2,-0.417,-0.287,1.699,2,-0.382,-0.207,1.717,2,0.019,-0.305,1.744,2,-0.022,-0.217,1.763,0,0,0,0,0
0.037|kb,87697948156550000,6,25,1,72057594037956870,2,-0.149,-0.136,1.902,2,-0.149,0.184,1.911,2,-0.148,0.491,1.907,2,-0.134,0.644,1.879,2,-0.312,0.380,1.856,2,-0.416,0.125,1.871,2,-0.429,-0.109,1.763,2,-0.423,-0.194,1.727,2,0.023,0.362,1.912,2,0.045,0.112,1.910,2,0.042,-0.184,1.787,2,0.016,-0.252,1.766,2,-0.222,-0.134,1.846,2,-0.253,-0.465,1.877,2,-0.250,-0.831,1.945,2,-0.225,-0.856,1.808,2,-0.070,-0.133,1.880,2,-0.038,-0.472,1.830,2,-0.034,-0.795,1.850,1,-0.013,-0.804,1.709,2,-0.148,0.416,1.910,2,-0.417,-0.286,1.698,2,-0.382,-0.209,1.717,2,0.020,-0.329,1.741,2,-0.023,-0.223,1.762,0,0,0,0,0
0.122|kb,87697958158020000,6,25,1,72057594037956870,2,-0.149,-0.136,1.902,2,-0.149,0.184,1.911,2,-0.148,0.491,1.906,2,-0.134,0.645,1.879,2,-0.312,0.380,1.856,2,-0.416,0.125,1.871,2,-0.429,-0.109,1.763,2,-0.424,-0.195,1.725,2,0.022,0.362,1.912,2,0.045,0.112,1.909,2,0.042,-0.184,1.787,2,0.016,-0.255,1.764,2,-0.222,-0.134,1.846,2,-0.253,-0.465,1.877,2,-0.250,-0.831,1.944,2,-0.225,-0.856,1.808,2,-0.070,-0.133,1.880,2,-0.038,-0.472,1.830,2,-0.035,-0.796,1.850,1,-0.013,-0.804,1.709,2,-0.148,0.417,1.910,2,-0.417,-0.287,1.698,2,-0.382,-0.206,1.716,2,0.012,-0.332,1.738,2,-0.024,-0.221,1.761,0,0,0,0,0
0.167|kb,87697961564370000,6,25,1,72057594037956870,2,-0.149,-0.136,1.902,2,-0.149,0.185,1.911,2,-0.148,0.492,1.906,2,-0.135,0.645,1.878,2,-0.312,0.380,1.855,2,-0.416,0.125,1.871,2,-0.429,-0.109,1.762,2,-0.424,-0.195,1.724,2,0.022,0.362,1.912,2,0.045,0.112,1.909,2,0.042,-0.184,1.787,2,0.016,-0.255,1.764,2,-0.222,-0.134,1.846,2,-0.253,-0.465,1.877,2,-0.250,-0.830,1.944,2,-0.225,-0.856,1.808,2,-0.070,-0.133,1.880,2,-0.039,-0.472,1.830,2,-0.034,-0.795,1.850,1,-0.013,-0.804,1.708,2,-0.148,0.417,1.909,2,-0.417,-0.285,1.696,2,-0.382,-0.206,1.716,2,0.010,-0.336,1.738,2,-0.024,-0.215,1.761,0,0,0,0,0
0.191|kb,87697964857910000,6,25,1,72057594037956870,2,-0.149,-0.136,1.902,2,-0.149,0.185,1.911,2,-0.148,0.492,1.906,2,-0.135,0.645,1.878,2,-0.312,0.380,1.855,2,-0.416,0.125,1.871,2,-0.429,-0.109,1.762,2,-0.424,-0.194,1.721,2,0.022,0.362,1.912,2,0.045,0.112,1.909,2,0.042,-0.184,1.787,2,0.017,-0.257,1.764,2,-0.222,-0.134,1.846,2,-0.254,-0.465,1.877,2,-0.250,-0.830,1.944,2,-0.225,-0.856,1.808,2,-0.070,-0.133,1.880,2,-0.039,-0.472,1.830,2,-0.034,-0.795,1.850,1,-0.013,-0.804,1.708,2,-0.149,0.417,1.909,2,-0.417,-0.284,1.694,2,-0.383,-0.206,1.715,2,0.010,-0.340,1.738,2,-0.023,-0.251,1.758,0,0,0,0,0
0.236|kb,87697968157010000,6,25,1,72057594037956870,2,-0.149,-0.136,1.902,2,-0.149,0.185,1.911,2,-0.148,0.492,1.905,2,-0.136,0.645,1.877,2,-0.312,0.380,1.855,2,-0.416,0.126,1.871,2,-0.430,-0.108,1.760,2,-0.425,-0.189,1.717,2,0.022,0.362,1.911,2,0.045,0.112,1.909,2,0.046,-0.164,1.794,2,0.021,-0.248,1.764,2,-0.222,-0.134,1.846,2,-0.254,-0.465,1.877,2,-0.249,-0.830,1.944,2,-0.225,-0.856,1.807,2,-0.070,-0.133,1.880,2,-0.039,-0.476,1.829,2,-0.035,-0.798,1.849,1,-0.014,-0.806,1.708,2,-0.149,0.417,1.909,2,-0.417,-0.279,1.688,2,-0.383,-0.206,1.714,2,0.013,-0.334,1.733,2,-0.021,-0.223,1.761,0,0,0,0,0
0.268|kb,87697971564650000,6,25,1,72057594037956870,2,-0.149,-0.136,1.902,2,-0.149,0.185,1.911,2,-0.148,0.492,1.905,2,-0.136,0.645,1.877,2,-0.312,0.380,1.855,2,-0.417,0.127,1.871,2,-0.431,-0.106,1.757,2,-0.426,-0.187,1.711,2,0.017,0.366,1.900,2,0.045,0.111,1.909,2,0.047,-0.174,1.789,2,0.023,-0.255,1.760,2,-0.222,-0.133,1.847,2,-0.254,-0.465,1.876,2,-0.249,-0.831,1.943,2,-0.228,-0.856,1.806,2,-0.070,-0.133,1.880,2,-0.039,-0.478,1.829,2,-0.035,-0.798,1.849,1,-0.018,-0.806,1.708,2,-0.149,0.417,1.909,2,-0.418,-0.277,1.686,2,-0.384,-0.195,1.701,2,0.012,-0.339,1.734,2,-0.020,-0.237,1.762,0,0,0,0,0
0.299|kb,87697974856000000,6,25,1,72057594037956870,2,-0.149,-0.136,1.902,2,-0.149,0.185,1.910,2,-0.149,0.491,1.903,2,-0.137,0.645,1.874,2,-0.312,0.380,1.855,2,-0.418,0.127,1.871,2,-0.432,-0.104,1.752,2,-0.426,-0.181,1.703,2,0.017,0.366,1.900,2,0.046,0.111,1.909,2,0.047,-0.176,1.787,2,0.026,-0.257,1.756,2,-0.222,-0.133,1.847,2,-0.254,-0.465,1.875,2,-0.249,-0.831,1.942,2,-0.228,-0.856,1.805,2,-0.070,-0.133,1.881,2,-0.039,-0.479,1.829,2,-0.035,-0.797,1.849,1,-0.018,-0.806,1.707,2,-0.149,0.417,1.908,2,-0.416,-0.267,1.671,2,-0.383,-0.192,1.698,2,0.016,-0.336,1.728,2,-0.016,-0.241,1.762,0,0,0,0,0
0.325|kb,87697978156090000,6,25,1,72057594037956870,2,-0.149,-0.136,1.902,2,-0.149,0.185,1.910,2,-0.149,0.491,1.903,2,-0.139,0.645,1.871,2,-0.312,0.380,1.855,2,-0.420,0.130,1.871,2,-0.433,-0.100,1.745,2,-0.426,-0.174,1.694,2,0.017,0.366,1.901,2,0.046,0.109,1.909,2,0.050,-0.169,1.789,2,0.031,-0.254,1.754,2,-0.222,-0.133,1.848,2,-0.253,-0.466,1.874,2,-0.249,-0.832,1.940,2,-0.228,-0.856,1.803,2,-0.070,-0.133,1.881,2,-0.039,-0.481,1.829,2,-0.036,-0.799,1.849,1,-0.019,-0.808,1.707,2,-0.150,0.416,1.907,2,-0.415,-0.257,1.659,2,-0.381,-0.188,1.689,2,0.021,-0.334,1.723,2,-0.012,-0.237,1.766,0,0,0,0,0
0.365|kb,87697981567270000,6,25,1,72057594037956870,2,-0.149,-0.136,1.903,2,-0.150,0.184,1.910,2,-0.150,0.490,1.902,2,-0.140,0.644,1.867,2,-0.312,0.379,1.855,2,-0.421,0.132,1.871,2,-0.434,-0.094,1.732,2,-0.426,-0.167,1.680,2,0.017,0.366,1.901,2,0.047,0.109,1.910,2,0.051,-0.167,1.788,2,0.035,-0.253,1.751,2,-0.222,-0.133,1.849,2,-0.253,-0.468,1.873,2,-0.247,-0.834,1.938,2,-0.225,-0.858,1.800,2,-0.070,-0.133,1.881,2,-0.041,-0.484,1.829,2,-0.036,-0.799,1.848,1,-0.018,-0.807,1.707,2,-0.150,0.416,1.906,2,-0.416,-0.246,1.646,2,-0.379,-0.184,1.677,2,0.027,-0.331,1.718,2,-0.008,-0.235,1.771,0,0,0,0,0
0.388|kb,87697984855720000,6,25,1,72057594037956870,2,-0.150,-0.136,1.904,2,-0.150,0.184,1.910,2,-0.151,0.490,1.899,2,-0.142,0.643,1.863,2,-0.313,0.379,1.855,2,-0.424,0.135,1.871,2,-0.435,-0.085,1.717,2,-0.425,-0.156,1.665,2,0.017,0.366,1.901,2,0.048,0.108,1.910,2,0.055,-0.173,1.783,2,0.044,-0.253,1.743,2,-0.222,-0.133,1.851,2,-0.253,-0.469,1.873,2,-0.247,-0.835,1.937,2,-0.225,-0.859,1.799,2,-0.071,-0.133,1.881,2,-0.041,-0.486,1.830,2,-0.036,-0.799,1.848,1,-0.018,-0.808,1.707,2,-0.151,0.416,1.905,2,-0.413,-0.231,1.629,2,-0.379,-0.170,1.659,2,0.032,-0.324,1.710,2,0.002,-0.223,1.784,0,0,0,0,0
0.432|kb,87697988156020000,6,25,1,72057594037956870,2,-0.150,-0.136,1.905,2,-0.150,0.184,1.910,2,-0.152,0.490,1.895,2,-0.143,0.643,1.858,2,-0.313,0.379,1.854,2,-0.428,0.140,1.869,2,-0.435,-0.074,1.702,2,-0.424,-0.141,1.644,2,0.017,0.366,1.901,2,0.051,0.108,1.910,2,0.059,-0.168,1.780,2,0.055,-0.249,1.730,2,-0.223,-0.134,1.853,2,-0.253,-0.470,1.872,2,-0.247,-0.836,1.937,2,-0.225,-0.859,1.799,2,-0.071,-0.133,1.882,2,-0.042,-0.488,1.831,2,-0.036,-0.800,1.848,2,-0.019,-0.808,1.706,2,-0.152,0.415,1.902,2,-0.410,-0.212,1.607,2,-0.379,-0.148,1.642,2,0.044,-0.322,1.700,2,0.015,-0.263,1.764,0,0,0,0,0
0.454|kb,87697991563830000,6,25,1,72057594037956870,2,-0.151,-0.136,1.907,2,-0.151,0.184,1.909,2,-0.153,0.490,1.892,2,-0.145,0.643,1.853,2,-0.315,0.379,1.854,2,-0.434,0.148,1.866,2,-0.436,-0.057,1.682,2,-0.426,-0.125,1.621,2,0.017,0.367,1.901,2,0.054,0.109,1.910,2,0.067,-0.164,1.773,2,0.068,-0.242,1.720,2,-0.223,-0.133,1.856,2,-0.254,-0.470,1.873,2,-0.247,-0.836,1.937,2,-0.225,-0.859,1.799,2,-0.072,-0.133,1.883,2,-0.043,-0.487,1.833,2,-0.037,-0.802,1.850,1,-0.019,-0.810,1.708,2,-0.152,0.415,1.899,2,-0.411,-0.192,1.583,2,-0.380,-0.126,1.625,2,0.057,-0.316,1.690,2,0.034,-0.239,1.713,0,0,0,0,0
0.499|kb,87697994856000000,6,25,1,72057594037956870,2,-0.151,-0.136,1.909,2,-0.151,0.184,1.909,2,-0.153,0.489,1.890,2,-0.147,0.642,1.848,2,-0.316,0.379,1.852,2,-0.441,0.158,1.861,2,-0.437,-0.043,1.657,2,-0.427,-0.103,1.596,2,0.015,0.369,1.900,2,0.060,0.110,1.910,2,0.077,-0.158,1.766,2,0.080,-0.232,1.711,2,-0.224,-0.134,1.857,2,-0.254,-0.470,1.873,2,-0.247,-0.836,1.937,2,-0.225,-0.859,1.799,2,-0.072,-0.133,1.884,2,-0.045,-0.488,1.838,2,-0.037,-0.801,1.852,1,-0.019,-0.808,1.710,2,-0.153,0.415,1.897,2,-0.416,-0.167,1.553,2,-0.383,-0.102,1.601,2,0.070,-0.311,1.690,2,0.044,-0.213,1.714,0,0,0,0,0
0.521|kb,87697998155610000,6,25,1,72057594037956870,2,-0.152,-0.136,1.910,2,-0.153,0.184,1.907,2,-0.156,0.489,1.884,2,-0.149,0.641,1.842,2,-0.318,0.379,1.850,2,-0.448,0.169,1.856,2,-0.440,-0.023,1.632,2,-0.429,-0.079,1.568,2,0.014,0.370,1.898,2,0.068,0.112,1.908,2,0.093,-0.148,1.751,2,0.095,-0.218,1.695,2,-0.225,-0.133,1.858,2,-0.254,-0.470,1.872,2,-0.247,-0.836,1.937,2,-0.225,-0.860,1.799,2,-0.073,-0.133,1.885,2,-0.046,-0.487,1.841,2,-0.038,-0.801,1.854,1,-0.019,-0.807,1.711,2,-0.155,0.415,1.893,2,-0.412,-0.138,1.526,2,-0.388,-0.070,1.578,2,0.093,-0.287,1.663,2,0.057,-0.229,1.684,0,0,0,0,0
0.566|kb,87698001564700000,6,25,1,72057594037956870,2,-0.154,-0.135,1.911,2,-0.155,0.184,1.905,2,-0.157,0.489,1.879,2,-0.151,0.641,1.837,2,-0.320,0.379,1.847,2,-0.454,0.179,1.850,2,-0.444,-0.001,1.616,2,-0.434,-0.052,1.546,2,0.013,0.371,1.897,2,0.076,0.119,1.908,2,0.109,-0.135,1.737,2,0.110,-0.205,1.678,2,-0.227,-0.133,1.860,2,-0.255,-0.471,1.872,2,-0.247,-0.837,1.937,2,-0.224,-0.861,1.799,2,-0.074,-0.132,1.885,2,-0.050,-0.480,1.846,2,-0.037,-0.801,1.855,1,-0.018,-0.805,1.713,2,-0.157,0.415,1.888,2,-0.409,-0.113,1.487,2,-0.399,-0.038,1.540,2,0.118,-0.282,1.599,2,0.106,-0.285,1.653,0,0,0,0,0
0.588|kb,87698004855460000,6,25,1,72057594037956870,2,-0.155,-0.135,1.912,2,-0.157,0.184,1.903,2,-0.159,0.489,1.874,2,-0.154,0.641,1.831,2,-0.324,0.380,1.843,2,-0.462,0.189,1.842,2,-0.453,0.019,1.589,2,-0.441,-0.027,1.523,2,0.010,0.373,1.895,2,0.084,0.123,1.905,2,0.127,-0.121,1.718,2,0.129,-0.186,1.657,2,-0.228,-0.132,1.861,2,-0.255,-0.472,1.872,2,-0.249,-0.838,1.935,2,-0.226,-0.861,1.797,2,-0.076,-0.132,1.886,2,-0.052,-0.478,1.847,2,-0.038,-0.803,1.856,2,-0.018,-0.806,1.714,2,-0.159,0.415,1.884,2,-0.412,-0.084,1.464,2,-0.407,-0.010,1.523,2,0.117,-0.272,1.601,2,0.095,-0.179,1.647,0,0,0,0,0
0.632|kb,87698008158100000,6,25,1,72057594037956870,2,-0.159,-0.134,1.912,2,-0.160,0.184,1.901,2,-0.162,0.488,1.871,2,-0.157,0.640,1.825,2,-0.327,0.380,1.838,2,-0.471,0.195,1.833,2,-0.471,0.057,1.594,2,-0.449,-0.004,1.501,2,0.007,0.374,1.893,2,0.091,0.135,1.904,2,0.144,-0.104,1.698,2,0.149,-0.165,1.632,2,-0.232,-0.132,1.862,2,-0.256,-0.473,1.871,2,-0.249,-0.838,1.935,2,-0.225,-0.862,1.797,2,-0.079,-0.131,1.886,2,-0.053,-0.476,1.848,2,-0.039,-0.804,1.857,1,-0.018,-0.806,1.715,2,-0.162,0.414,1.881,2,-0.425,-0.058,1.440,2,-0.415,0.010,1.490,2,0.133,-0.216,1.519,2,0.134,-0.231,1.602,0,0,0,0,0
0.655|kb,87698011566080000,6,25,1,72057594037956870,2,-0.162,-0.134,1.912,2,-0.163,0.183,1.900,2,-0.164,0.487,1.870,2,-0.160,0.639,1.819,2,-0.330,0.381,1.834,2,-0.520,0.191,1.788,2,-0.480,0.069,1.583,2,-0.462,0.015,1.480,2,0.005,0.374,1.891,2,0.100,0.144,1.899,2,0.164,-0.075,1.684,2,0.169,-0.138,1.613,2,-0.234,-0.132,1.862,2,-0.258,-0.479,1.869,2,-0.250,-0.844,1.934,2,-0.225,-0.868,1.797,2,-0.082,-0.131,1.886,2,-0.053,-0.476,1.848,2,-0.039,-0.805,1.857,1,-0.019,-0.807,1.716,2,-0.164,0.413,1.880,2,-0.442,-0.034,1.416,2,-0.421,0.013,1.491,2,0.157,-0.193,1.519,2,0.168,-0.209,1.591,0,0,0,0,0
0.699|kb,87698014857400000,6,25,1,72057594037956870,2,-0.164,-0.134,1.912,2,-0.166,0.183,1.898,2,-0.167,0.485,1.867,2,-0.162,0.637,1.815,2,-0.334,0.381,1.831,2,-0.524,0.196,1.785,2,-0.496,0.093,1.567,2,-0.478,0.032,1.462,2,0.002,0.374,1.889,2,0.107,0.162,1.897,2,0.183,-0.047,1.668,2,0.190,-0.107,1.588,2,-0.237,-0.131,1.862,2,-0.259,-0.479,1.867,2,-0.251,-0.843,1.932,2,-0.226,-0.868,1.795,2,-0.085,-0.131,1.886,2,-0.054,-0.474,1.848,2,-0.039,-0.805,1.857,2,-0.018,-0.807,1.716,2,-0.167,0.412,1.877,2,-0.465,-0.020,1.397,2,-0.438,0.027,1.480,2,0.178,-0.158,1.465,2,0.181,-0.186,1.588,0,0,0,0,0
0.722|kb,87698018158630000,6,25,1,72057594037956870,2,-0.167,-0.134,1.912,2,-0.170,0.182,1.895,2,-0.173,0.484,1.862,2,-0.165,0.636,1.810,2,-0.336,0.381,1.826,2,-0.531,0.203,1.777,2,-0.497,0.073,1.513,2,-0.494,0.049,1.444,2,0.000,0.374,1.886,2,0.116,0.168,1.890,2,0.200,-0.020,1.647,2,0.211,-0.077,1.557,2,-0.239,-0.132,1.861,2,-0.261,-0.481,1.865,2,-0.252,-0.844,1.929,2,-0.226,-0.869,1.793,2,-0.087,-0.131,1.886,2,-0.055,-0.473,1.846,2,-0.040,-0.805,1.856,1,-0.019,-0.807,1.716,2,-0.172,0.410,1.873,2,-0.475,0.006,1.399,2,-0.458,0.076,1.436,2,0.192,-0.120,1.447,2,0.204,-0.144,1.555,0,0,0,0,0
0.766|kb,87698021564730000,6,25,1,72057594037956870,2,-0.169,-0.134,1.911,2,-0.172,0.182,1.893,2,-0.174,0.484,1.859,2,-0.168,0.635,1.806,2,-0.339,0.380,1.823,2,-0.537,0.211,1.772,2,-0.526,0.122,1.522,2,-0.513,0.067,1.432,2,-0.002,0.375,1.884,2,0.127,0.175,1.881,2,0.217,0.018,1.642,2,0.232,-0.041,1.537,2,-0.242,-0.131,1.860,2,-0.262,-0.481,1.863,2,-0.252,-0.844,1.928,2,-0.226,-0.870,1.792,2,-0.089,-0.130,1.886,2,-0.056,-0.473,1.846,2,-0.041,-0.804,1.856,2,-0.019,-0.807,1.716,2,-0.174,0.410,1.870,2,-0.498,0.020,1.384,2,-0.476,0.061,1.450,2,0.222,-0.081,1.432,2,0.228,-0.109,1.559,0,0,0,0,0
0.788|kb,87698024855880000,6,25,1,72057594037956870,2,-0.170,-0.133,1.910,2,-0.175,0.182,1.891,2,-0.178,0.484,1.855,2,-0.172,0.634,1.802,2,-0.342,0.380,1.820,2,-0.548,0.222,1.767,2,-0.535,0.130,1.511,2,-0.531,0.083,1.423,2,-0.005,0.376,1.880,2,0.136,0.185,1.871,2,0.234,0.054,1.630,2,0.254,-0.003,1.512,2,-0.243,-0.131,1.859,2,-0.263,-0.482,1.861,2,-0.253,-0.844,1.927,2,-0.227,-0.871,1.791,2,-0.091,-0.130,1.885,2,-0.057,-0.472,1.845,2,-0.041,-0.803,1.855,2,-0.020,-0.806,1.715,2,-0.177,0.410,1.867,2,-0.517,0.043,1.384,2,-0.488,0.096,1.417,2,0.242,-0.036,1.416,2,0.264,-0.055,1.506,0,0,0,0,0
0.833|kb,87698028158180000,6,25,1,72057594037956870,2,-0.172,-0.134,1.909,2,-0.177,0.181,1.888,2,-0.181,0.483,1.852,2,-0.174,0.634,1.797,2,-0.346,0.380,1.817,2,-0.555,0.230,1.762,2,-0.545,0.137,1.503,2,-0.549,0.097,1.418,2,-0.007,0.376,1.876,2,0.145,0.193,1.861,2,0.240,0.101,1.653,2,0.267,0.033,1.482,2,-0.245,-0.132,1.858,2,-0.264,-0.484,1.859,2,-0.253,-0.845,1.926,2,-0.227,-0.873,1.790,2,-0.092,-0.130,1.884,2,-0.058,-0.473,1.844,2,-0.041,-0.803,1.855,1,-0.020,-0.806,1.715,2,-0.180,0.409,1.863,2,-0.537,0.059,1.379,2,-0.510,0.086,1.397,2,0.265,-0.001,1.401,2,0.300,0.005,1.459,0,0,0,0,0
0.855|kb,87698031563850000,6,25,1,72057594037956870,2,-0.175,-0.133,1.908,2,-0.179,0.181,1.886,2,-0.182,0.482,1.850,2,-0.177,0.633,1.794,2,-0.349,0.380,1.815,2,-0.559,0.234,1.761,2,-0.554,0.142,1.502,2,-0.565,0.110,1.414,2,-0.008,0.375,1.871,2,0.158,0.206,1.845,2,0.267,0.123,1.647,2,0.282,0.069,1.458,2,-0.247,-0.131,1.857,2,-0.264,-0.484,1.858,2,-0.253,-0.845,1.925,2,-0.229,-0.873,1.789,2,-0.095,-0.130,1.882,2,-0.058,-0.473,1.844,2,-0.041,-0.802,1.855,1,-0.021,-0.805,1.715,2,-0.182,0.409,1.861,2,-0.550,0.065,1.372,2,-0.526,0.121,1.415,2,0.276,0.040,1.381,2,0.314,0.043,1.437,0,0,0,0,0
0.899|kb,87698034855590000,6,25,1,72057594037956870,2,-0.177,-0.133,1.906,2,-0.182,0.181,1.883,2,-0.184,0.482,1.846,2,-0.180,0.633,1.790,2,-0.351,0.380,1.813,2,-0.565,0.238,1.760,2,-0.562,0.141,1.495,2,-0.579,0.121,1.413,2,-0.010,0.375,1.865,2,0.165,0.214,1.835,2,0.274,0.138,1.634,2,0.293,0.100,1.430,2,-0.250,-0.131,1.855,2,-0.265,-0.485,1.857,2,-0.253,-0.846,1.925,2,-0.230,-0.873,1.788,2,-0.097,-0.130,1.880,2,-0.059,-0.472,1.843,2,-0.042,-0.801,1.855,2,-0.023,-0.804,1.715,2,-0.184,0.409,1.858,2,-0.576,0.093,1.378,2,-0.549,0.091,1.403,2,0.296,0.071,1.372,2,0.293,0.049,1.392,0,0,0,0,0
0.921|kb,87698038158070000,6,25,1,72057594037956870,2,-0.178,-0.133,1.905,2,-0.183,0.181,1.881,2,-0.186,0.482,1.843,2,-0.183,0.633,1.786,2,-0.354,0.380,1.810,2,-0.571,0.243,1.760,2,-0.591,0.167,1.531,2,-0.592,0.129,1.415,2,-0.010,0.375,1.859,2,0.173,0.227,1.815,2,0.288,0.159,1.614,2,0.299,0.139,1.411,2,-0.251,-0.131,1.854,2,-0.266,-0.484,1.856,2,-0.254,-0.845,1.924,2,-0.232,-0.873,1.787,2,-0.098,-0.129,1.879,2,-0.060,-0.471,1.843,2,-0.042,-0.800,1.855,2,-0.024,-0.804,1.715,2,-0.186,0.409,1.855,2,-0.588,0.096,1.380,2,-0.562,0.097,1.413,2,0.303,0.109,1.351,2,0.309,0.097,1.369,0,0,0,0,0
0.966|kb,87698041564720000,6,25,1,72057594037956870,2,-0.179,-0.133,1.903,2,-0.184,0.181,1.878,2,-0.187,0.482,1.839,2,-0.186,0.632,1.782,2,-0.356,0.379,1.809,2,-0.576,0.245,1.762,2,-0.592,0.168,1.534,2,-0.604,0.134,1.419,2,-0.010,0.375,1.852,2,0.179,0.236,1.804,2,0.282,0.197,1.589,2,0.301,0.170,1.394,2,-0.252,-0.131,1.852,2,-0.266,-0.484,1.854,2,-0.254,-0.845,1.923,2,-0.234,-0.874,1.787,2,-0.099,-0.129,1.877,2,-0.061,-0.472,1.842,2,-0.042,-0.800,1.855,2,-0.027,-0.805,1.715,2,-0.187,0.409,1.851,2,-0.595,0.094,1.387,2,-0.572,0.102,1.418,2,0.303,0.140,1.340,2,0.336,0.146,1.391,0,0,0,0,0
0.987|kb,87698044856550000,6,25,1,72057594037956870,2,-0.181,-0.133,1.901,2,-0.186,0.181,1.876,2,-0.189,0.482,1.836,2,-0.189,0.631,1.777,2,-0.359,0.379,1.807,2,-0.581,0.247,1.765,2,-0.601,0.168,1.537,2,-0.613,0.137,1.427,2,-0.011,0.374,1.844,2,0.185,0.247,1.786,2,0.289,0.199,1.573,2,0.299,0.196,1.371,2,-0.254,-0.131,1.851,2,-0.267,-0.485,1.853,2,-0.254,-0.846,1.923,2,-0.236,-0.874,1.786,2,-0.101,-0.129,1.875,2,-0.061,-0.473,1.841,2,-0.043,-0.800,1.855,2,-0.029,-0.804,1.714,2,-0.188,0.408,1.848,2,-0.606,0.103,1.394,2,-0.585,0.102,1.421,2,0.279,0.159,1.295,2,0.324,0.185,1.349,0,0,0,0,0
1.035|kb,87698048159840000,6,25,1,72057594037956870,2,-0.182,-0.133,1.900,2,-0.187,0.180,1.873,2,-0.190,0.480,1.833,2,-0.192,0.629,1.773,2,-0.363,0.377,1.806,2,-0.584,0.249,1.769,2,-0.609,0.167,1.543,2,-0.620,0.135,1.435,2,-0.012,0.374,1.837,2,0.187,0.255,1.773,2,0.292,0.209,1.560,2,0.292,0.218,1.353,2,-0.255,-0.132,1.850,2,-0.268,-0.485,1.851,2,-0.254,-0.846,1.922,1,-0.238,-0.875,1.785,2,-0.101,-0.129,1.873,2,-0.061,-0.476,1.836,2,-0.043,-0.798,1.852,2,-0.031,-0.804,1.711,2,-0.189,0.407,1.845,2,-0.616,0.094,1.400,2,-0.587,0.110,1.447,2,0.276,0.188,1.290,2,0.300,0.238,1.333,0,0,0,0,0
1.069|kb,87698051566110000,6,25,1,72057594037956870,2,-0.183,-0.133,1.898,2,-0.187,0.179,1.871,2,-0.190,0.478,1.829,2,-0.195,0.626,1.768,2,-0.365,0.376,1.805,2,-0.589,0.249,1.776,2,-0.613,0.165,1.551,2,-0.627,0.131,1.444,2,-0.013,0.373,1.827,2,0.190,0.262,1.760,2,0.284,0.230,1.540,2,0.281,0.238,1.335,2,-0.256,-0.132,1.849,2,-0.268,-0.487,1.849,2,-0.254,-0.847,1.922,1,-0.241,-0.877,1.785,2,-0.102,-0.129,1.870,2,-0.060,-0.478,1.823,2,-0.039,-0.809,1.838,1,-0.030,-0.816,1.696,2,-0.190,0.405,1.842,2,-0.626,0.083,1.398,2,-0.599,0.101,1.455,2,0.273,0.218,1.283,2,0.293,0.258,1.312,0,0,0,0,0
1.112|kb,87698058156560000,6,25,1,72057594037956870,2,-0.186,-0.137,1.893,2,-0.190,0.174,1.863,2,-0.191,0.472,1.818,2,-0.199,0.619,1.757,2,-0.369,0.373,1.803,2,-0.593,0.243,1.792,2,-0.622,0.152,1.571,2,-0.634,0.112,1.473,2,-0.016,0.368,1.809,2,0.191,0.271,1.731,2,0.279,0.245,1.507,2,0.255,0.269,1.301,2,-0.259,-0.135,1.846,2,-0.272,-0.489,1.831,2,-0.254,-0.846,1.913,1,-0.246,-0.879,1.777,2,-0.106,-0.132,1.863,2,-0.056,-0.475,1.780,2,-0.034,-0.783,1.790,2,-0.031,-0.784,1.648,2,-0.191,0.399,1.832,2,-0.633,0.064,1.428,2,-0.608,0.077,1.479,2,0.241,0.251,1.246,2,0.216,0.263,1.284,0,0,0,0,0
1.161|kb,87698061566380000,6,25,1,72057594037956870,2,-0.188,-0.139,1.890,2,-0.190,0.171,1.859,2,-0.191,0.467,1.812,2,-0.200,0.614,1.750,2,-0.371,0.370,1.802,2,-0.593,0.240,1.801,2,-0.625,0.143,1.581,2,-0.635,0.099,1.487,2,-0.017,0.365,1.800,2,0.189,0.274,1.710,2,0.239,0.274,1.391,2,0.239,0.281,1.282,2,-0.261,-0.138,1.845,2,-0.273,-0.491,1.817,2,-0.254,-0.844,1.903,1,-0.248,-0.881,1.769,2,-0.107,-0.134,1.859,2,-0.054,-0.480,1.757,2,-0.035,-0.780,1.771,1,-0.035,-0.778,1.629,2,-0.191,0.395,1.826,2,-0.632,0.050,1.447,2,-0.608,0.067,1.499,2,0.224,0.261,1.232,2,0.232,0.240,1.243,0,0,0,0,0
1.201|kb,87698064855520000,6,25,1,72057594037956870,2,-0.188,-0.143,1.887,2,-0.190,0.166,1.854,2,-0.189,0.462,1.806,2,-0.200,0.608,1.743,2,-0.371,0.367,1.801,2,-0.592,0.236,1.809,2,-0.626,0.132,1.593,2,-0.637,0.085,1.505,2,-0.016,0.360,1.790,2,0.189,0.276,1.691,2,0.236,0.277,1.371,2,0.224,0.288,1.262,2,-0.262,-0.141,1.843,2,-0.273,-0.495,1.803,2,-0.254,-0.845,1.894,1,-0.252,-0.885,1.761,2,-0.107,-0.138,1.854,2,-0.054,-0.480,1.744,2,-0.035,-0.781,1.751,2,-0.038,-0.776,1.609,2,-0.189,0.390,1.820,2,-0.634,0.036,1.455,2,-0.610,0.056,1.520,2,0.207,0.266,1.212,2,0.210,0.250,1.220,0,0,0,0,0
1.227|kb,87698068155730000,6,25,1,72057594037956870,2,-0.188,-0.146,1.885,2,-0.188,0.162,1.848,2,-0.186,0.457,1.796,2,-0.199,0.604,1.734,2,-0.371,0.364,1.801,2,-0.591,0.232,1.819,2,-0.626,0.122,1.607,2,-0.638,0.071,1.522,2,-0.015,0.356,1.780,2,0.210,0.271,1.630,2,0.230,0.279,1.367,2,0.209,0.294,1.241,2,-0.262,-0.144,1.842,2,-0.273,-0.496,1.797,2,-0.255,-0.847,1.889,1,-0.255,-0.886,1.755,2,-0.106,-0.142,1.850,2,-0.054,-0.479,1.732,2,-0.028,-0.782,1.725,1,-0.034,-0.773,1.584,2,-0.186,0.385,1.811,2,-0.638,0.020,1.474,2,-0.612,0.036,1.528,2,0.190,0.277,1.197,2,0.191,0.255,1.197,0,0,0,0,0
1.268|kb,87698071566230000,6,25,1,72057594037956870,2,-0.187,-0.148,1.882,2,-0.186,0.160,1.842,2,-0.182,0.454,1.786,2,-0.197,0.600,1.723,2,-0.370,0.362,1.799,2,-0.589,0.229,1.826,2,-0.626,0.103,1.624,2,-0.639,0.058,1.541,2,-0.013,0.352,1.767,2,0.214,0.267,1.616,2,0.222,0.282,1.360,2,0.195,0.300,1.225,2,-0.261,-0.146,1.840,2,-0.272,-0.496,1.796,2,-0.254,-0.847,1.888,1,-0.259,-0.886,1.755,2,-0.105,-0.144,1.846,2,-0.054,-0.473,1.723,2,-0.025,-0.787,1.706,1,-0.057,-0.804,1.642,2,-0.183,0.383,1.803,2,-0.638,0.005,1.489,2,-0.610,0.028,1.552,2,0.171,0.289,1.183,2,0.194,0.264,1.194,0,0,0,0,0
1.294|kb,87698074855580000,6,25,1,72057594037956870,2,-0.186,-0.148,1.880,2,-0.181,0.160,1.834,2,-0.173,0.456,1.771,2,-0.194,0.599,1.706,2,-0.368,0.361,1.796,2,-0.582,0.227,1.835,2,-0.624,0.099,1.635,2,-0.638,0.045,1.561,2,-0.009,0.352,1.750,2,0.214,0.264,1.570,2,0.205,0.287,1.329,2,0.177,0.304,1.206,2,-0.261,-0.146,1.840,2,-0.272,-0.496,1.796,2,-0.254,-0.848,1.888,1,-0.264,-0.886,1.755,2,-0.104,-0.143,1.842,2,-0.053,-0.466,1.715,2,-0.028,-0.786,1.694,1,-0.045,-0.796,1.621,2,-0.175,0.384,1.789,2,-0.635,-0.008,1.504,2,-0.609,0.012,1.567,2,0.149,0.292,1.159,2,0.132,0.273,1.147,0,0,0,0,0
1.335|kb,87698078155490000,6,25,1,72057594037956870,2,-0.184,-0.146,1.879,2,-0.177,0.162,1.828,2,-0.167,0.457,1.760,2,-0.190,0.599,1.694,2,-0.362,0.363,1.790,2,-0.569,0.229,1.845,2,-0.619,0.083,1.661,2,-0.637,0.037,1.587,2,-0.006,0.357,1.733,2,0.218,0.262,1.526,2,0.193,0.293,1.287,2,0.162,0.307,1.191,2,-0.259,-0.144,1.840,2,-0.270,-0.497,1.800,2,-0.254,-0.849,1.890,1,-0.268,-0.887,1.757,2,-0.101,-0.140,1.839,2,-0.053,-0.446,1.713,2,-0.034,-0.760,1.689,1,-0.054,-0.741,1.553,2,-0.170,0.385,1.779,2,-0.637,-0.017,1.541,2,-0.608,0.000,1.588,2,0.126,0.287,1.132,2,0.160,0.271,1.163,0,0,0,0,0
1.361|kb,87698081566200000,6,25,1,72057594037956870,2,-0.181,-0.142,1.878,2,-0.170,0.166,1.820,2,-0.155,0.461,1.741,2,-0.185,0.600,1.674,2,-0.352,0.366,1.782,2,-0.557,0.232,1.853,2,-0.616,0.085,1.672,2,-0.635,0.027,1.608,2,-0.002,0.362,1.709,2,0.183,0.268,1.553,2,0.190,0.289,1.300,2,0.147,0.309,1.173,2,-0.256,-0.141,1.841,2,-0.269,-0.494,1.809,2,-0.255,-0.850,1.894,1,-0.274,-0.885,1.760,2,-0.099,-0.137,1.836,2,-0.054,-0.433,1.714,2,-0.038,-0.747,1.684,2,-0.062,-0.729,1.550,2,-0.159,0.389,1.764,2,-0.638,-0.024,1.562,2,-0.603,-0.011,1.607,2,0.112,0.303,1.122,2,0.118,0.274,1.132,0,0,0,0,0
1.401|kb,87698084857300000,6,25,1,72057594037956870,2,-0.179,-0.139,1.877,2,-0.165,0.168,1.812,2,-0.148,0.460,1.723,2,-0.178,0.597,1.654,2,-0.343,0.369,1.773,2,-0.542,0.236,1.859,2,-0.611,0.083,1.688,2,-0.629,0.023,1.630,2,0.002,0.366,1.684,2,0.184,0.267,1.529,2,0.190,0.289,1.287,2,0.134,0.309,1.155,2,-0.253,-0.137,1.842,2,-0.267,-0.493,1.825,2,-0.255,-0.855,1.900,1,-0.279,-0.884,1.766,2,-0.096,-0.135,1.835,2,-0.054,-0.433,1.715,2,-0.040,-0.747,1.683,2,-0.068,-0.730,1.551,2,-0.153,0.389,1.748,2,-0.636,-0.024,1.590,2,-0.598,-0.015,1.630,2,0.091,0.299,1.098,2,0.109,0.270,1.108,0,0,0,0,0
1.427|kb,87698088158580000,6,25,1,72057594037956870,2,-0.176,-0.138,1.878,2,-0.158,0.168,1.803,2,-0.138,0.457,1.704,2,-0.172,0.593,1.637,2,-0.333,0.369,1.765,2,-0.529,0.240,1.864,2,-0.605,0.080,1.702,2,-0.626,0.017,1.648,2,0.006,0.357,1.660,2,0.189,0.256,1.487,2,0.145,0.290,1.195,2,0.116,0.303,1.131,2,-0.249,-0.135,1.845,2,-0.264,-0.491,1.838,2,-0.254,-0.860,1.907,1,-0.284,-0.883,1.775,2,-0.094,-0.134,1.834,2,-0.055,-0.433,1.716,2,-0.041,-0.747,1.682,2,-0.074,-0.731,1.553,2,-0.143,0.387,1.731,2,-0.636,-0.031,1.606,2,-0.592,-0.022,1.645,2,0.071,0.297,1.074,2,0.149,0.296,1.115,0,0,0,0,0
1.468|kb,87698091564720000,6,25,1,72057594037956870,2,-0.171,-0.137,1.879,2,-0.156,0.167,1.802,2,-0.138,0.457,1.704,2,-0.165,0.581,1.623,2,-0.325,0.367,1.760,2,-0.517,0.243,1.869,2,-0.599,0.072,1.723,2,-0.624,0.010,1.667,2,0.006,0.356,1.661,2,0.189,0.249,1.464,2,0.146,0.290,1.179,2,0.101,0.299,1.111,2,-0.244,-0.135,1.849,2,-0.259,-0.495,1.852,2,-0.252,-0.867,1.918,1,-0.280,-0.887,1.787,2,-0.089,-0.134,1.833,2,-0.056,-0.431,1.719,2,-0.045,-0.746,1.682,2,-0.077,-0.729,1.553,2,-0.143,0.387,1.731,2,-0.636,-0.036,1.623,2,-0.593,-0.033,1.663,2,0.048,0.290,1.049,2,0.074,0.260,1.062,0,0,0,0,0
1.494|kb,87698094858350000,6,25,1,72057594037956870,2,-0.165,-0.138,1.881,2,-0.151,0.164,1.798,2,-0.133,0.451,1.692,2,-0.159,0.570,1.607,2,-0.324,0.366,1.759,2,-0.479,0.215,1.877,2,-0.598,0.069,1.730,2,-0.618,0.008,1.689,2,0.006,0.345,1.645,2,0.186,0.236,1.423,2,0.147,0.283,1.180,2,0.084,0.292,1.091,2,-0.236,-0.135,1.856,2,-0.254,-0.502,1.860,2,-0.245,-0.868,1.931,1,-0.278,-0.894,1.803,2,-0.085,-0.134,1.832,2,-0.057,-0.431,1.721,2,-0.050,-0.747,1.680,2,-0.087,-0.730,1.554,2,-0.137,0.381,1.721,2,-0.636,-0.040,1.649,2,-0.585,-0.034,1.684,2,0.031,0.282,1.031,2,0.117,0.284,1.073,0,0,0,0,0
1.537|kb,87698098156680000,6,25,1,72057594037956870,2,-0.155,-0.138,1.885,2,-0.133,0.156,1.780,2,-0.108,0.434,1.642,2,-0.154,0.564,1.586,2,-0.307,0.355,1.746,2,-0.478,0.215,1.877,2,-0.600,0.055,1.749,2,-0.614,0.006,1.710,2,0.009,0.311,1.586,2,0.184,0.224,1.397,2,0.090,0.279,1.097,2,0.063,0.285,1.071,2,-0.224,-0.135,1.864,2,-0.251,-0.502,1.863,2,-0.234,-0.853,1.958,1,-0.281,-0.893,1.842,2,-0.079,-0.136,1.832,2,-0.057,-0.431,1.722,2,-0.056,-0.747,1.676,2,-0.105,-0.732,1.559,2,-0.112,0.365,1.677,2,-0.634,-0.040,1.675,2,-0.581,-0.040,1.703,2,0.009,0.275,1.013,2,0.097,0.277,1.049,0,0,0,0,0
1.566|kb,87698101566240000,6,25,1,72057594037956870,2,-0.148,-0.138,1.887,2,-0.126,0.154,1.765,2,-0.105,0.431,1.613,2,-0.150,0.553,1.572,2,-0.308,0.356,1.746,2,-0.472,0.214,1.880,2,-0.597,0.050,1.761,2,-0.614,-0.010,1.725,2,0.009,0.309,1.585,2,0.175,0.214,1.371,2,0.096,0.266,1.113,2,0.042,0.277,1.057,2,-0.216,-0.133,1.869,2,-0.248,-0.500,1.868,2,-0.221,-0.833,1.991,1,-0.268,-0.887,1.881,2,-0.073,-0.136,1.831,2,-0.056,-0.418,1.724,2,-0.058,-0.736,1.671,2,-0.108,-0.722,1.556,2,-0.110,0.363,1.655,2,-0.636,-0.049,1.704,2,-0.580,-0.043,1.725,2,-0.013,0.270,1.003,2,0.010,0.244,1.004,0,0,0,0,0
1.593|kb,87698104858240000,6,25,1,72057594037956870,2,-0.142,-0.140,1.891,2,-0.124,0.146,1.760,2,-0.109,0.413,1.602,2,-0.146,0.543,1.558,2,-0.287,0.340,1.731,2,-0.461,0.213,1.887,2,-0.591,0.046,1.780,2,-0.609,-0.015,1.745,2,0.010,0.274,1.563,2,0.177,0.187,1.319,2,0.030,0.257,1.070,2,0.019,0.270,1.045,2,-0.211,-0.134,1.874,2,-0.246,-0.500,1.874,2,-0.207,-0.816,2.021,1,-0.259,-0.880,1.920,2,-0.067,-0.139,1.832,2,-0.056,-0.414,1.724,2,-0.061,-0.734,1.667,2,-0.115,-0.719,1.557,2,-0.112,0.348,1.644,2,-0.635,-0.055,1.724,2,-0.572,-0.050,1.747,2,-0.036,0.268,0.992,2,-0.010,0.235,0.987,0,0,0,0,0
1.635|kb,87698108159730000,6,25,1,72057594037956870,2,-0.135,-0.144,1.898,2,-0.114,0.153,1.740,2,-0.093,0.450,1.539,2,-0.158,0.565,1.531,2,-0.280,0.336,1.726,2,-0.457,0.212,1.890,2,-0.586,0.040,1.791,2,-0.605,-0.021,1.762,2,0.009,0.265,1.559,2,0.173,0.181,1.313,2,0.048,0.238,1.097,2,-0.004,0.262,1.039,2,-0.204,-0.137,1.883,2,-0.201,-0.476,1.870,2,-0.194,-0.793,2.032,1,-0.252,-0.851,1.931,2,-0.059,-0.145,1.837,2,-0.055,-0.411,1.725,2,-0.061,-0.735,1.664,2,-0.116,-0.721,1.559,2,-0.097,0.379,1.589,2,-0.629,-0.060,1.748,2,-0.564,-0.052,1.764,2,-0.065,0.259,0.988,2,-0.036,0.228,0.979,0,0,0,0,0
1.660|kb,87698111563690000,6,25,1,72057594037956870,2,-0.131,-0.155,1.906,2,-0.113,0.153,1.735,2,-0.092,0.455,1.531,2,-0.153,0.566,1.514,2,-0.277,0.332,1.723,2,-0.451,0.210,1.895,2,-0.580,0.034,1.804,2,-0.597,-0.027,1.781,2,0.005,0.256,1.557,2,0.161,0.170,1.311,2,0.045,0.233,1.097,2,-0.030,0.250,1.036,2,-0.200,-0.145,1.890,2,-0.240,-0.505,1.923,2,-0.197,-0.815,2.083,1,-0.251,-0.881,1.986,2,-0.058,-0.158,1.845,2,-0.054,-0.420,1.721,2,-0.062,-0.737,1.664,2,-0.117,-0.722,1.561,2,-0.097,0.381,1.584,2,-0.623,-0.067,1.768,2,-0.558,-0.068,1.784,2,-0.090,0.253,0.989,2,-0.071,0.220,0.974,0,0,0,0,0
1.701|kb,87698114860520000,6,25,1,72057594037956870,2,-0.127,-0.171,1.919,2,-0.112,0.151,1.733,2,-0.093,0.454,1.527,2,-0.144,0.566,1.503,2,-0.275,0.328,1.720,2,-0.447,0.209,1.898,2,-0.568,0.021,1.822,2,-0.581,-0.018,1.807,2,0.001,0.248,1.557,2,0.149,0.149,1.279,2,0.008,0.220,1.085,2,-0.062,0.242,1.033,2,-0.194,-0.159,1.900,2,-0.239,-0.509,1.936,2,-0.192,-0.817,2.100,1,-0.246,-0.884,2.004,2,-0.055,-0.175,1.861,2,-0.053,-0.431,1.721,2,-0.061,-0.754,1.663,2,-0.117,-0.739,1.562,2,-0.097,0.380,1.581,2,-0.611,-0.075,1.787,2,-0.547,-0.067,1.806,2,-0.125,0.241,0.989,2,-0.093,0.213,0.979,0,0,0,0,0
1.723|kb,87698118157740000,6,25,1,72057594037956870,2,-0.123,-0.171,1.920,2,-0.111,0.149,1.732,2,-0.095,0.451,1.525,2,-0.135,0.563,1.495,2,-0.272,0.319,1.719,2,-0.442,0.209,1.903,2,-0.555,0.013,1.836,2,-0.571,-0.032,1.823,2,0.001,0.250,1.556,2,0.165,0.140,1.292,2,-0.005,0.215,1.085,2,-0.086,0.233,1.039,2,-0.189,-0.161,1.902,2,-0.232,-0.495,1.960,2,-0.187,-0.808,2.122,1,-0.241,-0.872,2.024,2,-0.052,-0.174,1.862,2,-0.052,-0.431,1.726,2,-0.060,-0.756,1.671,1,-0.114,-0.741,1.570,2,-0.098,0.378,1.579,2,-0.596,-0.079,1.801,2,-0.529,-0.065,1.829,2,-0.153,0.233,0.993,2,-0.103,0.201,0.985,0,0,0,0,0
1.766|kb,87698121565120000,6,25,1,72057594037956870,2,-0.112,-0.164,1.921,2,-0.110,0.144,1.727,2,-0.110,0.423,1.504,2,-0.124,0.556,1.496,1,-0.281,0.288,1.700,2,-0.436,0.211,1.907,2,-0.543,0.009,1.848,2,-0.554,-0.038,1.840,2,0.027,0.330,1.534,2,0.160,0.146,1.296,2,-0.037,0.202,1.085,2,-0.111,0.223,1.043,2,-0.179,-0.159,1.900,2,-0.228,-0.484,1.977,2,-0.175,-0.784,2.157,1,-0.208,-0.858,2.056,2,-0.038,-0.160,1.867,2,-0.040,-0.418,1.735,2,-0.059,-0.750,1.680,2,-0.094,-0.739,1.577,2,-0.108,0.357,1.563,2,-0.578,-0.087,1.825,2,-0.516,-0.073,1.853,2,-0.178,0.221,1.001,2,-0.132,0.193,0.989,0,0,0,0,0
1.787|kb,87698124855620000,6,25,1,72057594037956870,2,-0.094,-0.158,1.923,2,-0.105,0.139,1.725,2,-0.111,0.418,1.504,2,-0.122,0.548,1.492,1,-0.281,0.286,1.699,2,-0.431,0.211,1.912,2,-0.529,0.003,1.865,2,-0.537,-0.042,1.858,2,0.026,0.330,1.534,2,0.099,0.148,1.268,2,-0.079,0.198,1.080,2,-0.129,0.212,1.055,2,-0.161,-0.157,1.900,2,-0.223,-0.466,1.998,1,-0.171,-0.777,2.174,1,-0.205,-0.844,2.069,2,-0.022,-0.153,1.869,2,-0.040,-0.413,1.744,2,-0.057,-0.755,1.690,2,-0.091,-0.742,1.587,2,-0.108,0.351,1.562,2,-0.555,-0.093,1.847,2,-0.505,-0.072,1.887,2,-0.202,0.215,1.018,2,-0.153,0.183,1.004,0,0,0,0,0
1.833|kb,87698128156130000,6,25,1,72057594037956870,2,-0.091,-0.157,1.926,2,-0.104,0.137,1.725,2,-0.111,0.413,1.504,2,-0.121,0.541,1.487,1,-0.281,0.285,1.699,2,-0.428,0.207,1.923,2,-0.518,-0.006,1.880,2,-0.521,-0.050,1.873,2,0.025,0.325,1.531,2,0.097,0.144,1.265,2,-0.084,0.190,1.088,2,-0.153,0.201,1.066,2,-0.158,-0.155,1.905,2,-0.213,-0.464,2.015,1,-0.170,-0.710,2.159,2,-0.128,-0.733,2.008,2,-0.021,-0.152,1.872,2,-0.042,-0.414,1.751,2,-0.055,-0.759,1.695,2,-0.089,-0.745,1.593,2,-0.109,0.347,1.562,2,-0.531,-0.101,1.868,2,-0.482,-0.069,1.889,2,-0.222,0.204,1.036,2,-0.182,0.172,1.017,0,0,0,0,0
1.855|kb,87698131563980000,6,25,1,72057594037956870,2,-0.090,-0.155,1.933,2,-0.103,0.135,1.727,2,-0.111,0.407,1.505,2,-0.124,0.526,1.479,1,-0.281,0.283,1.699,2,-0.427,0.196,1.939,2,-0.504,-0.021,1.894,2,-0.505,-0.059,1.889,2,0.023,0.318,1.529,2,0.094,0.129,1.267,2,-0.094,0.175,1.101,2,-0.172,0.190,1.078,2,-0.156,-0.152,1.911,2,-0.204,-0.471,2.039,1,-0.170,-0.693,2.162,2,-0.127,-0.742,2.025,2,-0.021,-0.151,1.878,2,-0.042,-0.411,1.753,2,-0.055,-0.761,1.695,2,-0.090,-0.746,1.595,2,-0.109,0.341,1.564,2,-0.519,-0.105,1.888,2,-0.468,-0.081,1.899,2,-0.242,0.193,1.051,2,-0.192,0.160,1.027,0,0,0,0,0
1.899|kb,87698134856020000,6,25,1,72057594037956870,2,-0.080,-0.139,1.957,2,-0.099,0.133,1.735,2,-0.109,0.399,1.509,2,-0.130,0.510,1.475,2,-0.264,0.310,1.681,2,-0.403,0.200,1.920,2,-0.495,-0.014,1.913,2,-0.486,-0.051,1.906,2,0.018,0.298,1.523,2,0.093,0.110,1.282,2,-0.106,0.160,1.116,2,-0.187,0.177,1.093,2,-0.140,-0.123,1.945,2,-0.196,-0.457,2.047,1,-0.167,-0.674,2.168,2,-0.125,-0.738,2.036,2,-0.015,-0.145,1.894,2,-0.044,-0.431,1.746,2,-0.056,-0.768,1.694,2,-0.096,-0.754,1.599,2,-0.107,0.335,1.568,2,-0.503,-0.112,1.900,2,-0.446,-0.083,1.921,2,-0.258,0.182,1.071,2,-0.224,0.152,1.046,0,0,0,0,0
1.920|kb,87698138155720000,6,25,1,72057594037956870,2,-0.068,-0.129,1.981,2,-0.084,0.112,1.766,2,-0.099,0.337,1.537,2,-0.130,0.475,1.493,2,-0.261,0.312,1.679,2,-0.389,0.190,1.919,2,-0.485,-0.021,1.931,2,-0.474,-0.061,1.924,2,0.016,0.290,1.523,2,0.090,0.106,1.283,2,-0.118,0.144,1.133,2,-0.202,0.163,1.112,2,-0.130,-0.114,1.968,2,-0.193,-0.452,2.057,1,-0.164,-0.649,2.170,2,-0.124,-0.727,2.042,2,-0.004,-0.138,1.917,2,-0.044,-0.434,1.745,2,-0.057,-0.773,1.692,2,-0.097,-0.760,1.601,2,-0.095,0.281,1.598,2,-0.485,-0.122,1.928,2,-0.434,-0.095,1.938,2,-0.274,0.171,1.096,2,-0.233,0.137,1.064,0,0,0,0,0
1.964|kb,87698141563780000,6,25,1,72057594037956870,2,0.007,-0.068,2.027,2,-0.050,0.129,1.790,2,-0.099,0.332,1.539,2,-0.134,0.458,1.496,2,-0.260,0.311,1.679,2,-0.380,0.180,1.920,2,-0.474,-0.028,1.952,2,-0.461,-0.074,1.937,2,0.008,0.269,1.527,2,0.068,0.109,1.348,2,-0.127,0.129,1.146,2,-0.209,0.146,1.128,2,-0.058,-0.057,2.025,2,-0.174,-0.403,2.056,1,-0.157,-0.637,2.175,2,-0.123,-0.722,2.045,2,0.072,-0.076,1.952,2,-0.035,-0.401,1.760,2,-0.046,-0.747,1.707,2,-0.086,-0.737,1.629,2,-0.093,0.280,1.601,2,-0.466,-0.136,1.947,2,-0.421,-0.105,1.945,2,-0.281,0.150,1.109,2,-0.244,0.117,1.084,0,0,0,0,0
1.987|kb,87698144855520000,6,25,1,72057594037956870,2,0.011,-0.072,2.031,2,-0.048,0.125,1.794,2,-0.100,0.318,1.545,2,-0.138,0.443,1.500,2,-0.253,0.284,1.694,2,-0.377,0.158,1.934,2,-0.461,-0.052,1.976,2,-0.452,-0.088,1.955,2,-0.008,0.224,1.543,2,0.073,0.062,1.306,2,-0.122,0.094,1.168,2,-0.221,0.132,1.148,2,-0.053,-0.061,2.031,2,-0.176,-0.402,2.068,1,-0.155,-0.619,2.183,2,-0.123,-0.710,2.054,2,0.075,-0.080,1.954,2,-0.035,-0.402,1.760,2,-0.047,-0.751,1.704,2,-0.093,-0.737,1.631,2,-0.090,0.270,1.608,2,-0.462,-0.147,1.958,2,-0.411,-0.120,1.963,2,-0.294,0.141,1.138,2,-0.247,0.107,1.108,0,0,0,0,0
2.033|kb,87698148157660000,6,25,1,72057594037956870,2,0.008,-0.096,2.039,2,-0.048,0.104,1.806,2,-0.101,0.298,1.561,2,-0.142,0.429,1.507,2,-0.255,0.266,1.707,2,-0.375,0.134,1.946,2,-0.458,-0.073,1.997,2,-0.444,-0.097,1.971,2,-0.008,0.218,1.546,2,0.072,0.059,1.312,2,-0.129,0.086,1.182,2,-0.227,0.116,1.167,2,-0.055,-0.083,2.039,2,-0.182,-0.421,2.079,2,-0.082,-0.586,2.212,2,-0.057,-0.675,2.087,2,0.072,-0.106,1.962,2,-0.040,-0.409,1.755,2,-0.061,-0.777,1.683,2,-0.105,-0.762,1.609,2,-0.089,0.250,1.625,2,-0.452,-0.162,1.978,2,-0.402,-0.131,1.975,2,-0.298,0.126,1.156,2,-0.263,0.091,1.130,0,0,0,0,0
2.055|kb,87698151563290000,6,25,1,72057594037956870,2,0.007,-0.103,2.045,2,-0.049,0.095,1.813,2,-0.103,0.287,1.568,2,-0.146,0.416,1.514,2,-0.256,0.253,1.718,2,-0.371,0.111,1.954,2,-0.455,-0.092,2.016,2,-0.437,-0.110,1.989,2,-0.009,0.206,1.553,2,0.065,0.060,1.363,2,-0.126,0.074,1.201,2,-0.232,0.104,1.184,2,-0.056,-0.090,2.046,2,-0.181,-0.427,2.090,2,-0.095,-0.598,2.209,2,-0.057,-0.683,2.092,2,0.070,-0.113,1.966,2,-0.030,-0.432,1.760,2,-0.050,-0.778,1.699,2,-0.070,-0.753,1.628,2,-0.090,0.240,1.631,2,-0.445,-0.175,1.996,2,-0.395,-0.142,1.988,2,-0.306,0.114,1.174,2,-0.258,0.078,1.149,0,0,0,0,0
2.099|kb,87698154856270000,6,25,1,72057594037956870,2,0.006,-0.114,2.046,2,-0.050,0.085,1.818,2,-0.104,0.277,1.577,2,-0.149,0.405,1.521,2,-0.255,0.243,1.723,2,-0.370,0.102,1.959,2,-0.447,-0.101,2.031,2,-0.430,-0.119,2.003,2,-0.011,0.196,1.560,2,0.077,0.018,1.327,2,-0.138,0.068,1.212,2,-0.237,0.094,1.199,2,-0.057,-0.099,2.049,2,-0.183,-0.435,2.095,2,-0.104,-0.610,2.209,2,-0.059,-0.690,2.094,2,0.068,-0.126,1.966,2,-0.034,-0.441,1.756,2,-0.052,-0.783,1.694,2,-0.075,-0.761,1.621,2,-0.091,0.230,1.639,2,-0.435,-0.182,2.007,2,-0.388,-0.148,2.001,2,-0.309,0.103,1.191,2,-0.269,0.066,1.166,0,0,0,0,0
2.122|kb,87698158156140000,6,25,1,72057594037956870,2,0.004,-0.127,2.051,2,-0.052,0.072,1.825,2,-0.107,0.265,1.587,2,-0.152,0.395,1.529,2,-0.255,0.229,1.734,2,-0.368,0.084,1.970,2,-0.434,-0.116,2.053,2,-0.427,-0.148,2.018,2,-0.011,0.188,1.567,2,0.070,0.016,1.329,2,-0.146,0.063,1.221,2,-0.238,0.085,1.216,2,-0.058,-0.113,2.055,2,-0.184,-0.444,2.106,2,-0.108,-0.621,2.215,2,-0.059,-0.698,2.101,2,0.067,-0.137,1.970,2,-0.036,-0.449,1.754,2,-0.051,-0.783,1.694,1,-0.081,-0.764,1.616,2,-0.094,0.217,1.649,2,-0.436,-0.198,2.032,2,-0.383,-0.161,2.021,2,-0.314,0.093,1.210,2,-0.270,0.059,1.182,0,0,0,0,0
2.166|kb,87698161563650000,6,25,1,72057594037956870,2,0.012,-0.129,2.060,2,-0.050,0.067,1.833,2,-0.108,0.257,1.595,2,-0.154,0.387,1.537,2,-0.256,0.219,1.742,2,-0.369,0.077,1.979,2,-0.436,-0.125,2.059,2,-0.424,-0.158,2.032,2,-0.012,0.181,1.576,2,0.071,0.013,1.341,2,-0.151,0.058,1.231,2,-0.243,0.080,1.228,2,-0.050,-0.115,2.066,2,-0.183,-0.446,2.112,2,-0.108,-0.624,2.220,2,-0.058,-0.701,2.105,2,0.075,-0.138,1.978,2,-0.034,-0.446,1.758,2,-0.048,-0.776,1.696,2,-0.081,-0.760,1.619,2,-0.094,0.211,1.656,2,-0.436,-0.206,2.052,2,-0.380,-0.171,2.037,2,-0.317,0.087,1.224,2,-0.271,0.054,1.197,0,0,0,0,0
2.187|kb,87698164855690000,6,25,1,72057594037956870,2,0.012,-0.142,2.066,2,-0.050,0.057,1.840,2,-0.110,0.250,1.601,2,-0.156,0.380,1.543,2,-0.257,0.211,1.752,2,-0.368,0.069,1.990,2,-0.436,-0.133,2.068,2,-0.423,-0.166,2.045,2,-0.013,0.175,1.583,2,0.065,0.011,1.348,2,-0.223,0.075,1.237,2,-0.266,0.080,1.237,2,-0.051,-0.129,2.071,2,-0.182,-0.450,2.117,2,-0.105,-0.627,2.226,2,-0.056,-0.704,2.109,2,0.074,-0.150,1.984,2,-0.036,-0.452,1.756,2,-0.049,-0.779,1.694,2,-0.085,-0.763,1.615,2,-0.095,0.203,1.663,2,-0.425,-0.213,2.070,2,-0.380,-0.173,2.048,2,-0.322,0.078,1.236,2,-0.262,0.048,1.221,0,0,0,0,0
2.233|kb,87698168155600000,6,25,1,72057594037956870,2,0.012,-0.147,2.071,2,-0.051,0.052,1.846,2,-0.110,0.245,1.607,2,-0.158,0.375,1.548,2,-0.257,0.207,1.757,2,-0.366,0.064,1.995,2,-0.436,-0.137,2.075,2,-0.424,-0.169,2.055,2,-0.013,0.171,1.590,2,0.068,0.007,1.358,2,-0.145,0.026,1.250,2,-0.242,0.070,1.244,2,-0.051,-0.134,2.077,2,-0.180,-0.455,2.122,2,-0.100,-0.633,2.232,2,-0.055,-0.708,2.113,2,0.074,-0.155,1.989,2,-0.036,-0.454,1.756,2,-0.048,-0.778,1.693,2,-0.087,-0.763,1.614,2,-0.096,0.198,1.669,2,-0.431,-0.215,2.073,2,-0.382,-0.181,2.056,2,-0.317,0.078,1.238,2,-0.276,0.044,1.213,0,0,0,0,0
2.254|kb,87698171566270000,6,25,1,72057594037956870,2,0.016,-0.145,2.081,2,-0.049,0.050,1.853,2,-0.110,0.240,1.613,2,-0.159,0.370,1.553,2,-0.258,0.203,1.762,2,-0.366,0.060,2.000,2,-0.436,-0.140,2.082,2,-0.426,-0.172,2.063,2,-0.013,0.167,1.594,2,0.068,0.006,1.365,2,-0.142,0.026,1.250,2,-0.242,0.066,1.248,2,-0.047,-0.132,2.087,2,-0.179,-0.456,2.123,2,-0.098,-0.635,2.234,2,-0.054,-0.709,2.113,2,0.079,-0.153,1.997,2,-0.033,-0.449,1.761,2,-0.044,-0.771,1.696,2,-0.084,-0.758,1.618,2,-0.095,0.194,1.676,2,-0.423,-0.219,2.081,2,-0.384,-0.182,2.065,2,-0.316,0.072,1.243,2,-0.223,0.041,1.262,0,0,0,0,0
2.299|kb,87698174855920000,6,25,1,72057594037956870,2,0.016,-0.150,2.082,2,-0.049,0.047,1.855,2,-0.110,0.238,1.616,2,-0.160,0.367,1.556,2,-0.259,0.200,1.766,2,-0.368,0.057,2.005,2,-0.436,-0.142,2.087,2,-0.428,-0.176,2.066,2,-0.013,0.163,1.597,2,0.070,0.004,1.369,2,-0.139,0.026,1.252,2,-0.240,0.064,1.249,2,-0.047,-0.136,2.089,2,-0.177,-0.463,2.125,2,-0.093,-0.642,2.238,2,-0.052,-0.714,2.115,2,0.079,-0.158,1.999,2,-0.033,-0.441,1.758,2,-0.057,-0.766,1.674,2,-0.101,-0.769,1.600,2,-0.095,0.191,1.678,2,-0.434,-0.227,2.083,2,-0.384,-0.190,2.071,2,-0.316,0.073,1.243,2,-0.273,0.037,1.215,0,0,0,0,0
2.321|kb,87698178158050000,6,25,1,72057594037956870,2,0.013,-0.155,2.085,2,-0.050,0.044,1.858,2,-0.111,0.236,1.618,2,-0.160,0.365,1.558,2,-0.260,0.198,1.770,2,-0.369,0.055,2.008,2,-0.437,-0.145,2.091,2,-0.432,-0.178,2.071,2,-0.014,0.162,1.601,2,0.070,0.003,1.372,2,-0.137,0.025,1.253,2,-0.238,0.064,1.248,2,-0.051,-0.142,2.091,2,-0.177,-0.463,2.125,2,-0.092,-0.643,2.239,2,-0.051,-0.714,2.115,2,0.076,-0.163,2.001,2,-0.033,-0.442,1.759,2,-0.058,-0.772,1.671,1,-0.101,-0.769,1.599,2,-0.096,0.189,1.680,2,-0.437,-0.224,2.080,2,-0.389,-0.193,2.072,2,-0.312,0.070,1.243,2,-0.271,0.037,1.217,0,0,0,0,0
2.366|kb,87698181564060000,6,25,1,72057594037956870,2,0.013,-0.155,2.085,2,-0.050,0.043,1.858,2,-0.111,0.236,1.618,2,-0.160,0.364,1.559,2,-0.260,0.198,1.770,2,-0.370,0.055,2.007,2,-0.438,-0.144,2.092,2,-0.435,-0.179,2.068,2,-0.014,0.161,1.601,2,0.070,0.003,1.373,2,-0.136,0.025,1.253,2,-0.236,0.064,1.244,2,-0.051,-0.142,2.091,2,-0.177,-0.462,2.125,2,-0.091,-0.644,2.240,2,-0.051,-0.714,2.115,2,0.076,-0.163,2.001,2,-0.032,-0.460,1.764,2,-0.047,-0.792,1.683,2,-0.095,-0.761,1.611,2,-0.096,0.189,1.681,2,-0.444,-0.228,2.077,2,-0.391,-0.198,2.076,2,-0.311,0.070,1.237,2,-0.273,0.037,1.213,0,0,0,0,0
2.388|kb,87698184858930000,6,25,1,72057594037956870,2,0.012,-0.155,2.085,2,-0.050,0.044,1.858,2,-0.111,0.236,1.618,2,-0.160,0.364,1.559,2,-0.260,0.199,1.769,2,-0.370,0.056,2.006,2,-0.439,-0.143,2.092,2,-0.439,-0.179,2.063,2,-0.014,0.162,1.601,2,0.071,0.004,1.373,2,-0.135,0.026,1.253,2,-0.234,0.066,1.236,2,-0.052,-0.142,2.091,2,-0.177,-0.458,2.125,2,-0.091,-0.641,2.240,2,-0.052,-0.711,2.114,2,0.075,-0.163,2.002,2,-0.032,-0.460,1.765,2,-0.047,-0.790,1.683,2,-0.094,-0.761,1.612,2,-0.096,0.189,1.681,2,-0.447,-0.229,2.077,2,-0.394,-0.195,2.069,2,-0.308,0.071,1.230,2,-0.271,0.033,1.202,0,0,0,0,0
2.433|kb,87698188156230000,6,25,1,72057594037956870,2,0.009,-0.150,2.082,2,-0.052,0.046,1.856,2,-0.111,0.237,1.617,2,-0.160,0.366,1.557,2,-0.263,0.202,1.767,2,-0.374,0.056,2.002,2,-0.440,-0.142,2.089,2,-0.441,-0.178,2.052,2,-0.014,0.163,1.600,2,0.073,0.004,1.370,2,-0.154,0.052,1.239,2,-0.230,0.069,1.226,2,-0.055,-0.136,2.087,2,-0.178,-0.455,2.124,2,-0.091,-0.639,2.240,2,-0.053,-0.709,2.113,2,0.072,-0.159,1.999,2,-0.033,-0.459,1.765,2,-0.047,-0.788,1.683,2,-0.094,-0.763,1.615,2,-0.097,0.190,1.679,2,-0.450,-0.229,2.073,2,-0.396,-0.196,2.058,2,-0.302,0.075,1.217,2,-0.259,0.042,1.192,0,0,0,0,0
2.454|kb,87698191563740000,6,25,1,72057594037956870,2,0.003,-0.143,2.073,2,-0.055,0.053,1.848,2,-0.112,0.244,1.608,2,-0.161,0.371,1.549,2,-0.265,0.212,1.754,2,-0.377,0.063,1.987,2,-0.445,-0.134,2.076,2,-0.444,-0.173,2.039,2,-0.013,0.168,1.592,2,0.078,0.007,1.361,2,-0.142,0.049,1.236,2,-0.228,0.074,1.213,2,-0.061,-0.128,2.077,2,-0.178,-0.454,2.123,2,-0.091,-0.640,2.240,2,-0.054,-0.709,2.112,2,0.067,-0.153,1.993,2,-0.035,-0.456,1.763,2,-0.052,-0.785,1.679,2,-0.091,-0.770,1.620,2,-0.098,0.197,1.671,2,-0.450,-0.227,2.056,2,-0.401,-0.190,2.045,2,-0.300,0.078,1.202,2,-0.254,0.047,1.179,0,0,0,0,0
2.498|kb,87698194858180000,6,25,1,72057594037956870,2,0.001,-0.139,2.070,2,-0.057,0.059,1.842,2,-0.112,0.251,1.599,2,-0.160,0.381,1.538,2,-0.267,0.222,1.743,2,-0.384,0.070,1.973,2,-0.450,-0.130,2.058,2,-0.449,-0.169,2.019,2,-0.011,0.177,1.581,2,0.085,0.012,1.335,2,-0.133,0.050,1.228,2,-0.221,0.078,1.197,2,-0.063,-0.124,2.071,2,-0.181,-0.449,2.117,2,-0.092,-0.637,2.237,2,-0.056,-0.704,2.108,2,0.065,-0.147,1.992,2,-0.036,-0.452,1.763,2,-0.052,-0.784,1.680,1,-0.095,-0.782,1.610,2,-0.099,0.204,1.662,2,-0.449,-0.220,2.035,2,-0.403,-0.187,2.022,2,-0.291,0.082,1.186,2,-0.244,0.047,1.162,0,0,0,0,0
2.520|kb,87698198158170000,6,25,1,72057594037956870,2,-0.003,-0.132,2.062,2,-0.057,0.067,1.831,2,-0.109,0.260,1.585,2,-0.160,0.387,1.528,2,-0.269,0.232,1.731,2,-0.390,0.077,1.957,2,-0.461,-0.129,2.024,2,-0.454,-0.148,1.992,2,-0.010,0.185,1.570,2,0.078,0.058,1.367,2,-0.124,0.056,1.212,2,-0.209,0.084,1.177,2,-0.067,-0.118,2.060,2,-0.185,-0.449,2.107,2,-0.094,-0.637,2.232,2,-0.059,-0.702,2.101,2,0.061,-0.140,1.987,2,-0.038,-0.448,1.762,2,-0.050,-0.781,1.683,2,-0.085,-0.765,1.623,2,-0.096,0.212,1.649,2,-0.460,-0.218,2.001,2,-0.408,-0.180,1.999,2,-0.281,0.085,1.161,2,-0.230,0.054,1.143,0,0,0,0,0
2.567|kb,87698201565380000,6,25,1,72057594037956870,2,-0.005,-0.124,2.052,2,-0.057,0.076,1.821,2,-0.108,0.269,1.576,2,-0.158,0.395,1.520,2,-0.272,0.241,1.726,2,-0.399,0.081,1.946,2,-0.469,-0.131,1.998,2,-0.463,-0.148,1.966,2,-0.007,0.193,1.562,2,0.089,0.049,1.333,2,-0.123,0.064,1.194,2,-0.198,0.090,1.159,2,-0.068,-0.112,2.050,2,-0.189,-0.453,2.086,2,-0.095,-0.637,2.219,2,-0.060,-0.700,2.089,2,0.059,-0.131,1.977,2,-0.039,-0.443,1.759,2,-0.048,-0.778,1.686,2,-0.084,-0.761,1.624,2,-0.096,0.222,1.640,2,-0.468,-0.214,1.977,2,-0.417,-0.178,1.971,2,-0.268,0.093,1.143,2,-0.225,0.063,1.124,0,0,0,0,0
2.593|kb,87698204855880000,6,25,1,72057594037956870,2,-0.007,-0.121,2.045,2,-0.058,0.080,1.814,2,-0.107,0.275,1.568,2,-0.157,0.403,1.513,2,-0.272,0.252,1.713,2,-0.404,0.091,1.929,2,-0.480,-0.126,1.948,2,-0.472,-0.164,1.931,2,-0.004,0.203,1.553,2,0.095,0.051,1.309,2,-0.110,0.074,1.171,2,-0.186,0.097,1.137,2,-0.072,-0.110,2.040,2,-0.196,-0.454,2.060,2,-0.097,-0.631,2.199,2,-0.062,-0.692,2.072,2,0.058,-0.128,1.972,2,-0.043,-0.438,1.751,2,-0.045,-0.773,1.682,2,-0.084,-0.756,1.619,2,-0.095,0.227,1.632,2,-0.480,-0.218,1.939,2,-0.430,-0.183,1.941,2,-0.257,0.101,1.127,2,-0.188,0.075,1.156,0,0,0,0,0
2.634|kb,87698208156910000,6,25,1,72057594037956870,2,-0.013,-0.123,2.035,2,-0.060,0.083,1.804,2,-0.105,0.284,1.557,2,-0.154,0.409,1.508,2,-0.272,0.260,1.704,2,-0.412,0.100,1.917,2,-0.481,-0.122,1.912,2,-0.481,-0.163,1.891,2,-0.001,0.210,1.546,2,0.098,0.056,1.303,2,-0.078,0.084,1.177,2,-0.162,0.101,1.118,2,-0.079,-0.113,2.028,2,-0.204,-0.460,2.023,2,-0.100,-0.623,2.172,2,-0.062,-0.681,2.050,2,0.053,-0.128,1.965,2,-0.049,-0.434,1.738,2,-0.045,-0.769,1.669,1,-0.086,-0.752,1.605,2,-0.094,0.234,1.622,2,-0.490,-0.217,1.887,2,-0.436,-0.180,1.895,2,-0.234,0.106,1.098,2,-0.173,0.079,1.132,0,0,0,0,0
2.659|kb,87698211565140000,6,25,1,72057594037956870,2,-0.087,-0.205,1.935,2,-0.097,0.051,1.748,2,-0.105,0.289,1.554,2,-0.151,0.417,1.505,2,-0.274,0.267,1.702,2,-0.423,0.107,1.909,2,-0.487,-0.116,1.879,2,-0.490,-0.163,1.854,2,0.005,0.217,1.541,2,0.098,0.092,1.332,2,-0.096,0.095,1.119,2,-0.144,0.108,1.100,2,-0.154,-0.195,1.921,2,-0.225,-0.499,2.000,2,-0.123,-0.653,2.147,2,-0.075,-0.701,2.034,2,-0.016,-0.206,1.872,2,-0.063,-0.472,1.700,2,-0.061,-0.709,1.652,2,-0.123,-0.653,1.676,2,-0.099,0.236,1.611,2,-0.499,-0.219,1.845,2,-0.451,-0.197,1.867,2,-0.215,0.111,1.078,2,-0.175,0.076,1.056,0,0,0,0,0
2.701|kb,87698214858980000,6,25,1,72057594037956870,2,-0.087,-0.207,1.933,2,-0.098,0.051,1.747,2,-0.107,0.297,1.548,2,-0.148,0.425,1.503,2,-0.276,0.267,1.704,2,-0.436,0.107,1.902,2,-0.496,-0.113,1.840,2,-0.498,-0.157,1.814,2,0.006,0.219,1.540,2,0.099,0.102,1.337,2,-0.039,0.092,1.125,2,-0.123,0.115,1.084,2,-0.154,-0.197,1.920,2,-0.235,-0.505,1.959,2,-0.137,-0.647,2.109,2,-0.082,-0.694,2.004,2,-0.017,-0.208,1.870,2,-0.064,-0.482,1.683,2,-0.064,-0.638,1.653,2,-0.083,-0.619,1.629,2,-0.103,0.240,1.603,2,-0.504,-0.217,1.796,2,-0.458,-0.201,1.824,2,-0.193,0.118,1.058,2,-0.144,0.089,1.017,0,0,0,0,0
2.722|kb,87698218158120000,6,25,1,72057594037956870,2,-0.088,-0.212,1.925,2,-0.099,0.051,1.743,2,-0.110,0.305,1.542,2,-0.146,0.434,1.503,2,-0.277,0.267,1.706,2,-0.444,0.111,1.879,2,-0.501,-0.105,1.800,2,-0.504,-0.158,1.771,2,0.007,0.222,1.539,2,0.107,0.109,1.342,2,-0.033,0.095,1.121,2,-0.102,0.122,1.072,2,-0.156,-0.203,1.913,2,-0.239,-0.519,1.931,1,-0.146,-0.655,2.069,2,-0.083,-0.701,1.978,2,-0.017,-0.213,1.861,2,-0.067,-0.462,1.684,2,-0.067,-0.706,1.626,1,-0.117,-0.774,1.513,2,-0.106,0.244,1.597,2,-0.512,-0.217,1.747,2,-0.465,-0.200,1.780,2,-0.166,0.126,1.041,2,-0.075,0.124,1.031,0,0,0,0,0
2.766|kb,87698221563920000,6,25,1,72057594037956870,2,-0.091,-0.216,1.919,2,-0.102,0.053,1.737,2,-0.113,0.314,1.536,2,-0.145,0.445,1.505,2,-0.279,0.265,1.708,2,-0.449,0.110,1.858,2,-0.506,-0.098,1.760,2,-0.510,-0.156,1.726,2,0.007,0.228,1.541,2,0.120,0.118,1.350,2,-0.020,0.104,1.115,2,-0.080,0.129,1.063,2,-0.161,-0.209,1.904,2,-0.242,-0.513,1.891,1,-0.155,-0.644,2.019,2,-0.086,-0.695,1.938,2,-0.019,-0.215,1.856,2,-0.068,-0.462,1.681,2,-0.066,-0.747,1.607,1,-0.116,-0.771,1.502,2,-0.109,0.251,1.590,2,-0.516,-0.212,1.700,2,-0.467,-0.196,1.729,2,-0.141,0.131,1.028,2,-0.027,0.126,1.038,0,0,0,0,0
2.787|kb,87698224855920000,6,25,1,72057594037956870,2,-0.097,-0.219,1.913,2,-0.105,0.054,1.734,2,-0.114,0.319,1.536,2,-0.146,0.450,1.508,2,-0.280,0.263,1.709,2,-0.464,0.106,1.839,2,-0.511,-0.095,1.719,2,-0.515,-0.149,1.682,2,0.008,0.231,1.542,2,0.130,0.128,1.353,2,0.011,0.116,1.113,2,-0.051,0.138,1.059,2,-0.167,-0.212,1.897,2,-0.243,-0.513,1.870,1,-0.159,-0.643,1.996,2,-0.087,-0.696,1.917,2,-0.022,-0.217,1.852,2,-0.070,-0.483,1.662,2,-0.065,-0.807,1.597,1,-0.115,-0.796,1.501,2,-0.111,0.254,1.589,2,-0.519,-0.204,1.652,2,-0.469,-0.185,1.683,2,-0.111,0.139,1.020,2,-0.067,0.114,0.990,0,0,0,0,0
2.833|kb,87698228156680000,6,25,1,72057594037956870,2,-0.105,-0.218,1.908,2,-0.110,0.058,1.736,2,-0.119,0.329,1.552,2,-0.149,0.456,1.514,2,-0.287,0.265,1.705,2,-0.475,0.109,1.812,2,-0.516,-0.089,1.684,2,-0.515,-0.141,1.638,2,0.009,0.240,1.561,2,0.165,0.104,1.304,2,0.037,0.130,1.100,2,-0.022,0.146,1.062,2,-0.179,-0.210,1.890,2,-0.244,-0.502,1.843,1,-0.167,-0.640,1.967,2,-0.094,-0.697,1.886,2,-0.027,-0.217,1.849,2,-0.070,-0.484,1.662,2,-0.065,-0.823,1.593,1,-0.109,-0.795,1.495,2,-0.116,0.262,1.599,2,-0.520,-0.192,1.601,2,-0.472,-0.180,1.639,2,-0.083,0.150,1.023,2,-0.022,0.133,1.004,0,0,0,0,0
2.861|kb,87698231563590000,6,25,1,72057594037956870,2,-0.113,-0.214,1.906,2,-0.117,0.064,1.743,2,-0.123,0.337,1.573,2,-0.152,0.460,1.517,2,-0.293,0.271,1.700,2,-0.483,0.116,1.785,2,-0.517,-0.071,1.639,2,-0.512,-0.130,1.590,2,0.006,0.242,1.571,2,0.169,0.110,1.317,2,0.049,0.136,1.107,2,0.005,0.157,1.066,2,-0.187,-0.206,1.885,2,-0.246,-0.496,1.829,2,-0.220,-0.705,1.891,1,-0.196,-0.757,1.779,2,-0.034,-0.213,1.849,2,-0.069,-0.485,1.671,2,-0.066,-0.832,1.592,1,-0.107,-0.792,1.493,2,-0.122,0.270,1.617,2,-0.514,-0.180,1.544,2,-0.469,-0.169,1.592,2,-0.052,0.157,1.022,2,0.007,0.142,1.010,0,0,0,0,0
2.901|kb,87698234864320000,6,25,1,72057594037956870,2,-0.135,-0.189,1.946,2,-0.132,0.087,1.768,2,-0.129,0.351,1.579,2,-0.156,0.468,1.522,2,-0.292,0.271,1.700,2,-0.486,0.125,1.759,2,-0.520,-0.062,1.612,2,-0.506,-0.124,1.542,2,-0.005,0.245,1.587,2,0.149,0.142,1.314,2,0.043,0.171,1.070,2,0.036,0.165,1.077,2,-0.205,-0.182,1.919,2,-0.245,-0.500,1.823,2,-0.208,-0.722,1.885,1,-0.200,-0.764,1.747,2,-0.058,-0.191,1.895,2,-0.069,-0.477,1.697,2,-0.069,-0.711,1.642,2,-0.014,-0.631,1.563,2,-0.130,0.286,1.627,2,-0.504,-0.169,1.499,2,-0.463,-0.158,1.551,2,-0.019,0.165,1.026,2,0.067,0.162,1.042,0,0,0,0,0
2.926|kb,87698238155760000,6,25,1,72057594037956870,2,-0.143,-0.193,1.942,2,-0.136,0.088,1.768,2,-0.134,0.361,1.583,2,-0.158,0.477,1.525,2,-0.313,0.293,1.688,2,-0.489,0.137,1.730,2,-0.514,-0.043,1.573,2,-0.499,-0.109,1.500,2,-0.008,0.248,1.597,2,0.185,0.140,1.378,2,0.058,0.165,1.111,2,0.062,0.175,1.084,2,-0.217,-0.185,1.919,1,-0.245,-0.503,1.821,2,-0.216,-0.788,1.863,1,-0.242,-0.858,1.749,2,-0.064,-0.196,1.886,2,-0.049,-0.426,1.698,2,-0.062,-0.708,1.673,2,-0.095,-0.750,1.556,2,-0.135,0.293,1.630,2,-0.493,-0.159,1.454,2,-0.455,-0.146,1.508,2,0.011,0.166,1.030,2,0.109,0.172,1.073,0,0,0,0,0
2.967|kb,87698241565710000,6,25,1,72057594037956870,2,-0.151,-0.173,1.924,2,-0.144,0.102,1.765,2,-0.139,0.373,1.589,2,-0.162,0.483,1.528,2,-0.317,0.299,1.682,2,-0.493,0.148,1.704,2,-0.509,-0.028,1.530,2,-0.488,-0.099,1.456,2,-0.009,0.267,1.603,2,0.182,0.153,1.427,2,0.110,0.176,1.140,2,0.095,0.182,1.101,2,-0.226,-0.165,1.898,2,-0.245,-0.505,1.818,2,-0.220,-0.879,1.849,1,-0.244,-0.895,1.729,2,-0.070,-0.174,1.872,2,-0.054,-0.465,1.744,2,-0.057,-0.761,1.678,1,-0.082,-0.774,1.561,2,-0.141,0.307,1.635,2,-0.483,-0.147,1.413,2,-0.445,-0.133,1.464,2,0.049,0.176,1.042,2,0.128,0.178,1.070,0,0,0,0,0
2.989|kb,87698244855950000,6,25,1,72057594037956870,2,-0.163,-0.151,1.956,2,-0.148,0.109,1.772,2,-0.140,0.373,1.589,2,-0.165,0.489,1.531,2,-0.322,0.304,1.678,2,-0.499,0.152,1.682,2,-0.506,-0.020,1.504,2,-0.476,-0.086,1.421,2,-0.006,0.275,1.610,2,0.182,0.167,1.498,2,0.127,0.180,1.213,2,0.120,0.190,1.115,2,-0.234,-0.147,1.923,2,-0.246,-0.506,1.817,2,-0.221,-0.902,1.849,1,-0.241,-0.897,1.730,2,-0.086,-0.149,1.913,2,-0.054,-0.458,1.751,2,-0.049,-0.773,1.693,1,-0.071,-0.774,1.581,2,-0.141,0.307,1.636,2,-0.473,-0.130,1.374,2,-0.434,-0.124,1.423,2,0.077,0.184,1.058,2,0.157,0.190,1.093,0,0,0,0,0
3.026|kb,87698248156930000,6,25,1,72057594037956870,2,-0.164,-0.166,1.955,2,-0.155,0.109,1.779,2,-0.151,0.381,1.601,2,-0.167,0.492,1.536,2,-0.325,0.303,1.674,2,-0.504,0.151,1.654,2,-0.506,-0.012,1.477,2,-0.462,-0.077,1.387,2,-0.004,0.281,1.622,2,0.187,0.173,1.515,2,0.145,0.187,1.229,2,0.146,0.195,1.131,2,-0.241,-0.160,1.927,1,-0.252,-0.511,1.820,2,-0.224,-0.913,1.849,1,-0.238,-0.894,1.727,2,-0.080,-0.168,1.906,2,-0.045,-0.415,1.751,2,-0.045,-0.774,1.706,2,-0.062,-0.767,1.593,2,-0.153,0.314,1.648,2,-0.452,-0.122,1.342,2,-0.420,-0.117,1.400,2,0.105,0.189,1.076,2,0.160,0.174,1.090,0,0,0,0,0
3.066|kb,87698251565890000,6,25,1,72057594037956870,2,-0.172,-0.166,1.947,2,-0.166,0.106,1.789,2,-0.168,0.364,1.639,2,-0.169,0.483,1.556,2,-0.329,0.302,1.671,2,-0.506,0.150,1.640,2,-0.497,0.002,1.448,2,-0.443,-0.071,1.347,2,-0.005,0.283,1.638,2,0.200,0.188,1.530,2,0.204,0.179,1.259,2,0.171,0.199,1.150,2,-0.250,-0.160,1.912,2,-0.256,-0.504,1.818,2,-0.225,-0.916,1.848,1,-0.232,-0.891,1.723,2,-0.087,-0.167,1.903,2,-0.060,-0.458,1.774,2,-0.040,-0.786,1.716,2,-0.050,-0.769,1.600,2,-0.168,0.302,1.677,2,-0.434,-0.110,1.306,2,-0.406,-0.114,1.357,2,0.136,0.194,1.096,2,0.215,0.193,1.146,0,0,0,0,0
3.092|kb,87698254858110000,6,25,1,72057594037956870,2,-0.189,-0.158,1.973,2,-0.171,0.106,1.799,2,-0.164,0.362,1.635,2,-0.170,0.488,1.557,2,-0.329,0.302,1.671,2,-0.499,0.147,1.610,2,-0.486,0.002,1.417,2,-0.427,-0.062,1.319,2,-0.006,0.283,1.655,2,0.207,0.193,1.545,2,0.212,0.184,1.270,2,0.196,0.204,1.172,2,-0.261,-0.153,1.932,2,-0.260,-0.501,1.818,2,-0.224,-0.911,1.850,1,-0.228,-0.894,1.726,2,-0.111,-0.157,1.941,2,-0.061,-0.466,1.776,2,-0.041,-0.796,1.747,2,-0.049,-0.785,1.632,2,-0.167,0.301,1.677,2,-0.415,-0.103,1.276,2,-0.392,-0.108,1.351,2,0.174,0.205,1.120,2,0.233,0.196,1.158,0,0,0,0,0
3.133|kb,87698258157210000,6,25,1,72057594037956870,2,-0.192,-0.175,1.968,2,-0.180,0.095,1.812,2,-0.170,0.358,1.651,2,-0.172,0.482,1.571,2,-0.337,0.294,1.665,2,-0.506,0.139,1.597,2,-0.482,0.001,1.400,2,-0.410,-0.056,1.294,2,-0.005,0.284,1.669,2,0.210,0.197,1.606,2,0.239,0.188,1.315,2,0.219,0.204,1.195,2,-0.268,-0.169,1.930,1,-0.271,-0.500,1.819,2,-0.225,-0.903,1.851,1,-0.222,-0.890,1.722,2,-0.110,-0.177,1.930,2,-0.060,-0.422,1.778,2,-0.047,-0.829,1.795,1,-0.048,-0.831,1.671,2,-0.174,0.294,1.694,2,-0.396,-0.092,1.264,2,-0.376,-0.104,1.320,2,0.195,0.199,1.143,2,0.251,0.196,1.171,0,0,0,0,0
3.159|kb,87698261567490000,6,25,1,72057594037956870,2,-0.205,-0.165,1.979,2,-0.188,0.106,1.814,2,-0.175,0.374,1.640,2,-0.171,0.494,1.561,2,-0.337,0.295,1.665,2,-0.500,0.140,1.581,2,-0.477,0.009,1.379,2,-0.392,-0.048,1.272,2,-0.006,0.286,1.682,2,0.208,0.205,1.607,2,0.244,0.194,1.342,2,0.242,0.202,1.223,2,-0.278,-0.160,1.937,2,-0.272,-0.497,1.819,2,-0.225,-0.897,1.851,1,-0.220,-0.890,1.724,2,-0.126,-0.165,1.945,2,-0.073,-0.509,1.811,2,-0.073,-0.845,1.878,1,-0.070,-0.865,1.753,2,-0.178,0.308,1.687,2,-0.381,-0.080,1.242,2,-0.358,-0.095,1.271,2,0.224,0.195,1.170,2,0.273,0.197,1.195,0,0,0,0,0
3.199|kb,87698264857950000,6,25,1,72057594037956870,2,-0.213,-0.176,1.975,2,-0.196,0.097,1.821,2,-0.181,0.360,1.663,2,-0.173,0.481,1.582,2,-0.340,0.290,1.660,2,-0.529,0.143,1.516,2,-0.438,0.005,1.340,2,-0.374,-0.040,1.254,2,-0.007,0.287,1.695,2,0.214,0.205,1.659,2,0.251,0.195,1.343,2,0.265,0.197,1.247,2,-0.289,-0.171,1.931,1,-0.274,-0.497,1.819,2,-0.228,-0.890,1.851,1,-0.216,-0.886,1.723,2,-0.130,-0.175,1.943,2,-0.074,-0.432,1.824,2,-0.077,-0.803,1.916,1,-0.067,-0.835,1.787,2,-0.185,0.296,1.704,2,-0.353,-0.075,1.231,2,-0.335,-0.024,1.240,2,0.249,0.184,1.190,2,0.294,0.193,1.222,0,0,0,0,0
3.222|kb,87698268158810000,6,25,1,72057594037956870,2,-0.220,-0.167,1.981,2,-0.200,0.101,1.827,2,-0.182,0.360,1.664,2,-0.172,0.483,1.585,2,-0.341,0.291,1.655,2,-0.526,0.144,1.515,2,-0.430,0.013,1.335,2,-0.355,-0.031,1.242,2,-0.009,0.289,1.706,2,0.212,0.205,1.677,2,0.281,0.191,1.388,2,0.287,0.191,1.281,2,-0.292,-0.164,1.934,2,-0.277,-0.493,1.819,2,-0.229,-0.887,1.851,1,-0.214,-0.886,1.724,2,-0.141,-0.164,1.954,2,-0.085,-0.512,1.865,2,-0.108,-0.844,1.995,1,-0.093,-0.893,1.872,2,-0.187,0.297,1.706,2,-0.333,-0.066,1.221,2,-0.316,-0.013,1.227,2,0.277,0.186,1.231,2,0.322,0.178,1.257,0,0,0,0,0
3.266|kb,87698271565370000,6,25,1,72057594037956870,2,-0.230,-0.168,1.994,2,-0.206,0.102,1.834,2,-0.184,0.361,1.665,2,-0.171,0.486,1.587,2,-0.341,0.289,1.652,2,-0.521,0.146,1.504,2,-0.422,0.017,1.324,2,-0.338,-0.021,1.232,2,-0.010,0.290,1.713,2,0.216,0.208,1.690,2,0.291,0.186,1.404,2,0.306,0.183,1.312,2,-0.299,-0.165,1.940,1,-0.283,-0.492,1.819,2,-0.240,-0.856,1.852,2,-0.222,-0.853,1.726,2,-0.153,-0.165,1.973,2,-0.095,-0.431,1.896,2,-0.129,-0.794,2.024,2,-0.109,-0.829,1.894,2,-0.189,0.298,1.709,2,-0.309,-0.050,1.212,2,-0.297,-0.067,1.225,2,0.303,0.170,1.261,2,0.336,0.179,1.279,0,0,0,0,0
3.288|kb,87698274855830000,6,25,1,72057594037956870,2,-0.233,-0.175,1.985,2,-0.208,0.101,1.834,2,-0.186,0.362,1.667,2,-0.170,0.488,1.590,2,-0.341,0.289,1.646,2,-0.513,0.145,1.477,2,-0.395,0.018,1.308,2,-0.318,-0.013,1.225,2,-0.012,0.294,1.726,2,0.204,0.204,1.736,2,0.337,0.173,1.537,2,0.323,0.175,1.352,2,-0.303,-0.172,1.930,1,-0.290,-0.491,1.819,2,-0.241,-0.853,1.853,2,-0.216,-0.849,1.727,2,-0.154,-0.172,1.964,2,-0.101,-0.440,1.921,2,-0.153,-0.778,2.062,2,-0.129,-0.831,1.940,2,-0.191,0.299,1.710,2,-0.287,-0.043,1.206,2,-0.278,0.007,1.207,2,0.325,0.160,1.297,2,0.359,0.173,1.324,0,0,0,0,0
3.333|kb,87698278156040000,6,25,1,72057594037956870,2,-0.236,-0.164,1.987,2,-0.210,0.104,1.835,2,-0.186,0.363,1.668,2,-0.169,0.490,1.592,2,-0.339,0.290,1.640,2,-0.511,0.144,1.466,2,-0.389,0.027,1.293,2,-0.302,-0.006,1.220,2,-0.015,0.294,1.734,2,0.219,0.202,1.749,2,0.322,0.164,1.496,2,0.342,0.156,1.390,2,-0.305,-0.160,1.932,2,-0.291,-0.478,1.824,2,-0.252,-0.879,1.865,1,-0.223,-0.883,1.741,2,-0.159,-0.162,1.967,2,-0.152,-0.528,1.964,2,-0.202,-0.816,2.130,2,-0.175,-0.883,2.020,2,-0.192,0.300,1.711,2,-0.270,-0.036,1.198,2,-0.266,0.017,1.199,2,0.337,0.135,1.320,2,0.374,0.138,1.362,0,0,0,0,0
3.355|kb,87698281563720000,6,25,1,72057594037956870,2,-0.239,-0.172,1.984,2,-0.212,0.102,1.834,2,-0.187,0.363,1.668,2,-0.167,0.492,1.594,2,-0.337,0.291,1.634,2,-0.501,0.142,1.451,2,-0.372,0.024,1.284,2,-0.281,-0.001,1.211,2,-0.015,0.294,1.734,2,0.220,0.196,1.777,2,0.358,0.132,1.591,2,0.357,0.140,1.436,2,-0.308,-0.169,1.923,1,-0.303,-0.467,1.825,2,-0.258,-0.841,1.859,2,-0.227,-0.844,1.734,2,-0.161,-0.170,1.967,2,-0.151,-0.527,2.017,2,-0.236,-0.780,2.182,2,-0.207,-0.846,2.146,2,-0.193,0.299,1.711,2,-0.249,-0.028,1.192,2,-0.238,0.016,1.201,2,0.355,0.118,1.360,2,0.396,0.129,1.408,0,0,0,0,0
3.399|kb,87698284857560000,6,25,1,72057594037956870,2,-0.243,-0.165,1.971,2,-0.213,0.104,1.829,2,-0.187,0.364,1.668,2,-0.165,0.494,1.595,2,-0.334,0.291,1.630,2,-0.488,0.138,1.433,2,-0.340,0.035,1.272,2,-0.265,0.003,1.206,2,-0.018,0.295,1.747,2,0.214,0.186,1.808,2,0.342,0.140,1.609,2,0.369,0.121,1.482,2,-0.310,-0.159,1.909,2,-0.308,-0.460,1.822,2,-0.256,-0.855,1.859,2,-0.221,-0.857,1.736,2,-0.166,-0.165,1.956,2,-0.219,-0.470,1.952,1,-0.230,-0.772,2.150,2,-0.188,-0.839,2.039,2,-0.193,0.300,1.711,2,-0.228,-0.023,1.187,2,-0.223,0.022,1.190,2,0.374,0.096,1.412,2,0.386,0.145,1.451,0,0,0,0,0
3.421|kb,87698288156440000,6,25,1,72057594037956870,2,-0.245,-0.163,1.969,2,-0.215,0.105,1.828,2,-0.187,0.364,1.668,2,-0.163,0.494,1.596,2,-0.332,0.290,1.626,2,-0.482,0.136,1.426,2,-0.332,0.030,1.268,2,-0.248,0.009,1.204,2,-0.020,0.295,1.755,2,0.203,0.174,1.846,2,0.337,0.119,1.653,2,0.376,0.098,1.530,2,-0.312,-0.156,1.906,2,-0.316,-0.445,1.818,2,-0.257,-0.845,1.856,2,-0.219,-0.846,1.734,2,-0.168,-0.163,1.955,2,-0.247,-0.445,1.937,1,-0.243,-0.735,2.139,1,-0.197,-0.807,2.036,2,-0.194,0.301,1.711,2,-0.210,-0.018,1.183,2,-0.206,0.029,1.188,2,0.397,0.073,1.470,2,0.393,0.123,1.496,0,0,0,0,0
3.466|kb,87698291564420000,6,25,1,72057594037956870,2,-0.250,-0.159,1.969,2,-0.218,0.106,1.828,2,-0.188,0.363,1.669,2,-0.162,0.494,1.598,2,-0.329,0.288,1.624,2,-0.477,0.134,1.424,2,-0.326,0.029,1.267,2,-0.228,0.013,1.203,2,-0.022,0.294,1.761,2,0.187,0.168,1.875,2,0.337,0.083,1.662,2,0.377,0.075,1.583,2,-0.317,-0.152,1.905,2,-0.325,-0.421,1.816,2,-0.261,-0.826,1.850,2,-0.222,-0.823,1.729,2,-0.174,-0.160,1.957,2,-0.258,-0.442,1.934,1,-0.247,-0.740,2.157,2,-0.323,-0.785,2.172,2,-0.195,0.300,1.711,2,-0.188,-0.012,1.182,2,-0.193,0.038,1.190,2,0.397,0.047,1.506,2,0.362,0.098,1.562,0,0,0,0,0
3.492|kb,87698294856040000,6,25,1,72057594037956870,2,-0.255,-0.158,1.970,2,-0.219,0.106,1.828,2,-0.188,0.362,1.669,2,-0.160,0.494,1.600,2,-0.326,0.287,1.623,2,-0.416,0.130,1.456,2,-0.325,0.028,1.256,2,-0.211,0.017,1.205,2,-0.023,0.293,1.765,2,0.170,0.152,1.912,2,0.325,0.060,1.753,2,0.375,0.048,1.634,2,-0.319,-0.151,1.905,2,-0.325,-0.420,1.817,2,-0.261,-0.826,1.853,1,-0.222,-0.822,1.733,2,-0.182,-0.158,1.960,2,-0.299,-0.451,1.904,1,-0.261,-0.738,2.157,2,-0.332,-0.779,2.165,2,-0.195,0.300,1.711,2,-0.168,-0.009,1.183,2,-0.171,0.040,1.187,2,0.382,0.003,1.534,2,0.358,0.074,1.617,0,0,0,0,0
3.533|kb,87698298157190000,6,25,1,72057594037956870,2,-0.275,-0.140,2.009,2,-0.226,0.108,1.838,2,-0.188,0.361,1.670,2,-0.158,0.493,1.601,2,-0.322,0.284,1.622,2,-0.415,0.128,1.455,2,-0.302,0.030,1.264,2,-0.191,0.021,1.210,2,-0.025,0.293,1.769,2,0.151,0.141,1.941,2,0.309,0.047,1.788,2,0.366,0.016,1.686,2,-0.334,-0.141,1.940,2,-0.325,-0.412,1.818,2,-0.262,-0.820,1.855,2,-0.223,-0.819,1.740,2,-0.205,-0.134,2.001,2,-0.298,-0.449,1.906,1,-0.265,-0.736,2.173,2,-0.338,-0.784,2.157,2,-0.196,0.299,1.713,2,-0.147,-0.002,1.187,2,-0.148,0.045,1.195,2,0.372,-0.028,1.576,2,0.316,0.015,1.713,0,0,0,0,0
3.554|kb,87698301566190000,6,25,1,72057594037956870,2,-0.280,-0.153,2.004,2,-0.232,0.104,1.839,2,-0.190,0.358,1.670,2,-0.156,0.491,1.603,2,-0.320,0.282,1.622,2,-0.397,0.117,1.450,2,-0.267,0.028,1.267,2,-0.172,0.023,1.218,2,-0.032,0.285,1.785,2,0.135,0.137,1.951,2,0.295,0.000,1.838,2,0.351,-0.015,1.736,2,-0.339,-0.150,1.938,2,-0.349,-0.401,1.790,2,-0.281,-0.821,1.817,2,-0.238,-0.807,1.704,2,-0.210,-0.152,1.992,1,-0.292,-0.439,1.926,1,-0.266,-0.735,2.192,2,-0.342,-0.783,2.163,2,-0.200,0.296,1.714,2,-0.127,0.003,1.194,2,-0.133,0.051,1.202,2,0.385,-0.044,1.687,2,0.348,0.009,1.677,0,0,0,0,0
3.600|kb,87698304856700000,6,25,1,72057594037956870,2,-0.283,-0.155,1.985,2,-0.233,0.104,1.838,2,-0.190,0.356,1.671,2,-0.153,0.488,1.605,2,-0.320,0.281,1.623,2,-0.395,0.117,1.455,2,-0.259,0.031,1.274,2,-0.152,0.026,1.229,2,-0.032,0.286,1.785,2,0.101,0.123,1.983,2,0.266,-0.019,1.889,2,0.325,-0.046,1.788,2,-0.345,-0.151,1.913,2,-0.327,-0.420,1.822,2,-0.264,-0.839,1.848,2,-0.221,-0.825,1.735,2,-0.211,-0.154,1.980,1,-0.300,-0.439,1.921,1,-0.280,-0.739,2.186,2,-0.363,-0.782,2.153,2,-0.200,0.295,1.714,2,-0.107,0.005,1.205,2,-0.111,0.054,1.217,2,0.360,-0.080,1.731,2,0.324,-0.025,1.740,0,0,0,0,0
3.626|kb,87698308158150000,6,25,1,72057594037956870,2,-0.285,-0.157,1.982,2,-0.234,0.103,1.834,2,-0.188,0.356,1.668,2,-0.149,0.486,1.606,2,-0.320,0.280,1.624,2,-0.391,0.112,1.458,2,-0.247,0.029,1.282,2,-0.132,0.026,1.240,2,-0.035,0.281,1.800,2,0.078,0.113,2.012,2,0.239,-0.043,1.933,2,0.293,-0.078,1.835,2,-0.347,-0.152,1.910,2,-0.327,-0.421,1.822,2,-0.264,-0.837,1.844,1,-0.217,-0.826,1.733,2,-0.213,-0.157,1.977,2,-0.227,-0.438,2.078,2,-0.424,-0.738,2.242,2,-0.377,-0.787,2.125,2,-0.199,0.295,1.712,2,-0.083,0.009,1.217,2,-0.094,0.057,1.229,2,0.333,-0.120,1.785,2,0.300,-0.061,1.787,0,0,0,0,0
3.668|kb,87698311565480000,6,25,1,72057594037956870,2,-0.291,-0.158,1.980,2,-0.240,0.097,1.836,2,-0.193,0.337,1.680,2,-0.149,0.472,1.619,2,-0.321,0.279,1.625,2,-0.382,0.103,1.464,2,-0.232,0.025,1.290,2,-0.117,0.027,1.257,2,-0.035,0.281,1.799,2,0.049,0.112,2.034,2,0.194,-0.054,1.946,2,0.258,-0.110,1.879,2,-0.353,-0.152,1.908,2,-0.327,-0.421,1.822,2,-0.264,-0.832,1.842,1,-0.216,-0.825,1.731,2,-0.218,-0.158,1.976,2,-0.228,-0.421,2.077,2,-0.415,-0.706,2.222,2,-0.371,-0.775,2.117,2,-0.205,0.280,1.720,2,-0.065,0.010,1.234,2,-0.080,0.059,1.241,2,0.296,-0.155,1.835,2,0.267,-0.092,1.832,0,0,0,0,0
3.693|kb,87698314857650000,6,25,1,72057594037956870,2,-0.301,-0.161,1.981,2,-0.246,0.090,1.839,2,-0.194,0.328,1.684,2,-0.147,0.464,1.626,2,-0.306,0.247,1.636,2,-0.376,0.088,1.460,2,-0.212,0.017,1.297,2,-0.104,0.025,1.275,2,-0.040,0.271,1.818,2,0.013,0.106,2.063,2,0.152,-0.072,1.991,2,0.214,-0.134,1.925,2,-0.360,-0.155,1.906,2,-0.324,-0.431,1.808,2,-0.260,-0.834,1.839,2,-0.205,-0.834,1.733,2,-0.232,-0.160,1.981,2,-0.227,-0.395,2.074,2,-0.416,-0.675,2.197,2,-0.369,-0.753,2.102,2,-0.207,0.270,1.725,2,-0.047,0.011,1.252,2,-0.068,0.057,1.253,2,0.260,-0.188,1.878,2,0.218,-0.113,1.880,0,0,0,0,0
3.734|kb,87698318157690000,6,25,1,72057594037956870,2,-0.306,-0.167,1.984,2,-0.249,0.082,1.843,2,-0.193,0.320,1.688,2,-0.144,0.456,1.633,2,-0.305,0.244,1.637,2,-0.369,0.080,1.465,2,-0.151,0.021,1.324,2,-0.091,0.023,1.296,2,-0.040,0.271,1.818,2,0.010,0.100,2.059,2,0.129,-0.116,1.998,2,0.173,-0.160,1.959,2,-0.365,-0.161,1.908,2,-0.323,-0.435,1.805,2,-0.259,-0.833,1.834,1,-0.203,-0.838,1.729,2,-0.236,-0.165,1.985,2,-0.227,-0.401,2.077,2,-0.415,-0.672,2.195,2,-0.374,-0.757,2.102,2,-0.207,0.262,1.729,2,-0.030,0.009,1.272,2,-0.053,0.055,1.269,2,0.213,-0.214,1.912,2,0.186,-0.141,1.902,0,0,0,0,0
3.759|kb,87698321566910000,6,25,1,72057594037956870,2,-0.312,-0.173,1.989,2,-0.251,0.074,1.847,2,-0.191,0.311,1.692,2,-0.142,0.449,1.639,2,-0.304,0.242,1.639,2,-0.363,0.071,1.472,2,-0.173,0.004,1.340,2,-0.081,0.018,1.317,2,-0.040,0.271,1.818,2,0.001,0.092,2.056,2,0.080,-0.127,2.044,2,0.133,-0.182,1.990,2,-0.370,-0.168,1.912,2,-0.318,-0.444,1.801,2,-0.255,-0.838,1.830,1,-0.199,-0.846,1.725,2,-0.242,-0.171,1.990,2,-0.239,-0.403,2.087,2,-0.432,-0.671,2.196,2,-0.394,-0.758,2.103,2,-0.206,0.254,1.733,2,-0.016,0.005,1.293,2,-0.041,0.049,1.284,2,0.171,-0.241,1.953,2,0.125,-0.194,1.938,0,0,0,0,0
3.800|kb,87698324861390000,6,25,1,72057594037956870,2,-0.321,-0.188,1.997,2,-0.255,0.063,1.853,2,-0.190,0.304,1.696,2,-0.138,0.440,1.646,2,-0.299,0.223,1.650,2,-0.354,0.059,1.476,2,-0.141,0.010,1.356,2,-0.067,0.012,1.334,2,-0.051,0.247,1.846,2,-0.039,0.104,2.096,2,0.054,-0.150,2.052,2,0.089,-0.199,2.018,2,-0.377,-0.182,1.917,2,-0.311,-0.458,1.795,2,-0.255,-0.832,1.824,1,-0.194,-0.843,1.723,2,-0.254,-0.186,2.002,2,-0.239,-0.419,2.097,2,-0.432,-0.684,2.204,2,-0.392,-0.774,2.116,2,-0.207,0.245,1.738,2,0.000,0.002,1.312,2,-0.055,0.031,1.287,2,0.127,-0.265,1.977,2,0.096,-0.176,1.980,0,0,0,0,0
3.829|kb,87698328155620000,6,25,1,72057594037956870,2,-0.325,-0.195,2.002,2,-0.256,0.054,1.858,2,-0.188,0.293,1.701,2,-0.136,0.430,1.652,2,-0.296,0.217,1.654,2,-0.349,0.051,1.479,2,-0.138,0.007,1.360,2,-0.054,0.005,1.350,2,-0.052,0.245,1.850,2,-0.052,0.072,2.095,2,0.030,-0.161,2.067,2,0.053,-0.217,2.037,2,-0.379,-0.189,1.921,2,-0.308,-0.465,1.792,2,-0.253,-0.830,1.821,1,-0.192,-0.841,1.720,2,-0.258,-0.193,2.008,2,-0.237,-0.424,2.103,2,-0.431,-0.689,2.209,2,-0.390,-0.779,2.123,2,-0.205,0.234,1.743,2,0.013,-0.006,1.334,2,-0.022,0.037,1.318,2,0.084,-0.286,1.996,2,0.067,-0.263,1.960,0,0,0,0,0
3.874|kb,87698331565220000,6,25,1,72057594037956870,2,-0.326,-0.198,2.004,2,-0.257,0.048,1.860,2,-0.187,0.285,1.702,2,-0.133,0.422,1.658,2,-0.296,0.217,1.653,2,-0.343,0.042,1.486,2,-0.137,-0.003,1.370,2,-0.036,-0.005,1.362,2,-0.051,0.244,1.849,2,-0.059,0.085,2.101,2,-0.008,-0.175,2.088,2,0.022,-0.234,2.051,2,-0.381,-0.192,1.923,2,-0.304,-0.468,1.790,2,-0.251,-0.830,1.817,1,-0.190,-0.841,1.716,2,-0.260,-0.196,2.010,2,-0.237,-0.427,2.107,2,-0.430,-0.693,2.213,2,-0.388,-0.783,2.126,2,-0.204,0.227,1.744,2,0.026,-0.017,1.352,2,-0.007,0.029,1.336,2,0.050,-0.296,2.000,2,0.054,-0.224,1.998,0,0,0,0,0
3.902|kb,87698334855850000,6,25,1,72057594037956870,2,-0.330,-0.210,2.012,2,-0.258,0.039,1.865,2,-0.186,0.279,1.705,2,-0.131,0.416,1.662,2,-0.290,0.201,1.663,2,-0.339,0.034,1.488,2,-0.127,-0.012,1.382,2,-0.029,-0.013,1.374,2,-0.056,0.221,1.865,2,-0.067,0.069,2.121,2,-0.032,-0.176,2.097,2,-0.004,-0.240,2.069,2,-0.383,-0.204,1.931,2,-0.300,-0.475,1.789,2,-0.248,-0.829,1.815,1,-0.186,-0.839,1.716,2,-0.265,-0.208,2.018,2,-0.235,-0.438,2.116,2,-0.429,-0.707,2.222,2,-0.384,-0.794,2.136,2,-0.204,0.221,1.747,2,0.034,-0.023,1.360,2,-0.019,0.008,1.327,2,0.027,-0.312,2.034,2,0.024,-0.240,2.037,0,0,0,0,0
3.927|kb,87698338156270000,6,25,1,72057594037956870,2,-0.331,-0.216,2.017,2,-0.258,0.033,1.869,2,-0.185,0.274,1.707,2,-0.128,0.412,1.664,2,-0.289,0.199,1.663,2,-0.330,0.027,1.492,2,-0.120,-0.018,1.384,2,-0.024,-0.021,1.381,2,-0.057,0.215,1.868,1,-0.093,0.036,2.105,2,-0.038,-0.190,2.101,2,-0.020,-0.247,2.076,2,-0.383,-0.210,1.936,2,-0.299,-0.479,1.789,2,-0.247,-0.830,1.815,1,-0.185,-0.838,1.715,2,-0.266,-0.214,2.022,2,-0.234,-0.441,2.123,2,-0.430,-0.715,2.229,2,-0.382,-0.799,2.141,2,-0.203,0.215,1.750,2,0.040,-0.030,1.366,2,-0.011,0.002,1.335,2,0.008,-0.316,2.042,2,0.000,-0.238,2.049,0,0,0,0,0
3.968|kb,87698341566090000,6,25,1,72057594037956870,2,-0.330,-0.218,2.019,2,-0.257,0.031,1.870,2,-0.184,0.272,1.707,2,-0.125,0.409,1.666,2,-0.289,0.200,1.663,2,-0.327,0.025,1.494,2,-0.117,-0.023,1.388,2,-0.017,-0.028,1.383,2,-0.057,0.213,1.868,2,-0.086,0.047,2.115,2,-0.046,-0.182,2.103,2,-0.028,-0.245,2.079,2,-0.383,-0.211,1.939,2,-0.294,-0.489,1.789,2,-0.246,-0.831,1.814,1,-0.185,-0.838,1.715,2,-0.266,-0.216,2.023,2,-0.228,-0.429,2.143,2,-0.427,-0.708,2.243,2,-0.377,-0.788,2.152,2,-0.202,0.213,1.750,2,0.045,-0.039,1.373,2,0.018,0.003,1.360,2,-0.001,-0.316,2.049,2,-0.006,-0.239,2.056,0,0,0,0,0
3.993|kb,87698344855910000,6,25,1,72057594037956870,2,-0.330,-0.218,2.019,2,-0.257,0.031,1.870,2,-0.183,0.271,1.707,2,-0.123,0.408,1.666,2,-0.288,0.200,1.663,2,-0.324,0.023,1.496,2,-0.114,-0.025,1.390,2,-0.016,-0.031,1.383,2,-0.057,0.213,1.868,2,-0.085,0.049,2.116,2,-0.048,-0.181,2.105,2,-0.027,-0.245,2.079,2,-0.382,-0.212,1.939,2,-0.294,-0.489,1.790,2,-0.246,-0.832,1.815,1,-0.184,-0.838,1.716,2,-0.266,-0.216,2.024,2,-0.229,-0.430,2.142,2,-0.430,-0.711,2.243,2,-0.379,-0.789,2.152,2,-0.201,0.213,1.750,2,0.050,-0.045,1.373,2,0.021,0.000,1.358,2,-0.006,-0.316,2.050,2,-0.002,-0.244,2.054,0,0,0,0,0
4.035|kb,87698348161510000,6,25,1,72057594037956870,2,-0.330,-0.218,2.019,2,-0.256,0.031,1.870,2,-0.182,0.271,1.707,2,-0.121,0.408,1.665,2,-0.288,0.202,1.662,2,-0.322,0.022,1.497,2,-0.112,-0.026,1.391,2,-0.015,-0.033,1.380,2,-0.057,0.212,1.868,2,-0.083,0.050,2.117,2,-0.049,-0.180,2.105,2,-0.020,-0.241,2.076,2,-0.382,-0.211,1.939,2,-0.293,-0.488,1.792,2,-0.245,-0.834,1.816,1,-0.184,-0.839,1.717,2,-0.266,-0.216,2.024,2,-0.227,-0.430,2.142,2,-0.428,-0.713,2.245,2,-0.376,-0.789,2.154,2,-0.201,0.212,1.750,2,0.050,-0.046,1.370,2,-0.002,-0.011,1.333,2,0.006,-0.310,2.048,2,0.002,-0.237,2.051,0,0,0,0,0
4.067|kb,87698351563800000,6,25,1,72057594037956870,2,-0.329,-0.216,2.018,2,-0.255,0.036,1.868,2,-0.182,0.282,1.702,2,-0.118,0.410,1.664,2,-0.287,0.205,1.659,2,-0.321,0.023,1.497,2,-0.112,-0.027,1.390,2,-0.016,-0.029,1.370,2,-0.052,0.224,1.858,2,-0.077,0.059,2.106,2,-0.046,-0.173,2.103,2,-0.006,-0.232,2.067,2,-0.381,-0.210,1.939,2,-0.292,-0.486,1.793,2,-0.245,-0.837,1.818,1,-0.185,-0.841,1.718,2,-0.264,-0.214,2.022,2,-0.226,-0.427,2.142,2,-0.427,-0.712,2.245,2,-0.375,-0.786,2.152,2,-0.200,0.221,1.746,2,0.045,-0.045,1.358,2,0.028,0.009,1.364,2,0.021,-0.302,2.032,2,-0.033,-0.274,2.076,0,0,0,0,0
4.089|kb,87698354855580000,6,25,1,72057594037956870,2,-0.324,-0.211,2.015,2,-0.251,0.039,1.865,2,-0.178,0.283,1.700,2,-0.115,0.414,1.659,2,-0.287,0.208,1.658,2,-0.322,0.026,1.496,2,-0.115,-0.025,1.385,2,-0.021,-0.023,1.357,2,-0.050,0.229,1.854,2,-0.068,0.067,2.104,2,-0.020,-0.169,2.090,2,0.012,-0.222,2.056,2,-0.378,-0.206,1.937,2,-0.291,-0.481,1.795,2,-0.245,-0.839,1.819,1,-0.186,-0.842,1.719,2,-0.258,-0.209,2.018,2,-0.223,-0.423,2.137,2,-0.427,-0.709,2.241,2,-0.374,-0.781,2.146,2,-0.197,0.223,1.744,2,0.040,-0.037,1.342,2,-0.019,-0.002,1.313,2,0.037,-0.290,2.016,2,-0.011,-0.264,2.054,0,0,0,0,0
4.132|kb,87698358159810000,6,25,1,72057594037956870,2,-0.316,-0.205,2.008,2,-0.245,0.045,1.860,2,-0.173,0.288,1.697,2,-0.113,0.420,1.655,2,-0.279,0.213,1.653,2,-0.325,0.033,1.492,2,-0.122,-0.016,1.371,2,-0.035,-0.014,1.341,2,-0.043,0.236,1.851,2,-0.053,0.077,2.103,2,0.005,-0.165,2.078,2,0.040,-0.218,2.041,2,-0.370,-0.199,1.930,2,-0.289,-0.472,1.794,2,-0.245,-0.841,1.819,1,-0.185,-0.843,1.720,2,-0.251,-0.203,2.011,2,-0.216,-0.420,2.125,2,-0.425,-0.708,2.232,2,-0.369,-0.777,2.137,2,-0.191,0.228,1.740,2,0.029,-0.029,1.323,2,0.009,0.019,1.323,2,0.064,-0.279,1.996,2,0.013,-0.257,2.049,0,0,0,0,0
4.155|kb,87698361563770000,6,25,1,72057594037956870,2,-0.303,-0.194,2.001,2,-0.237,0.053,1.853,2,-0.169,0.294,1.692,2,-0.111,0.430,1.648,2,-0.274,0.218,1.648,2,-0.329,0.043,1.483,2,-0.132,-0.005,1.353,2,-0.046,-0.004,1.321,2,-0.036,0.246,1.840,2,-0.034,0.096,2.097,2,0.030,-0.159,2.061,2,0.065,-0.207,2.028,2,-0.358,-0.189,1.923,2,-0.288,-0.464,1.790,2,-0.245,-0.843,1.819,2,-0.184,-0.844,1.719,2,-0.237,-0.192,2.002,2,-0.197,-0.423,2.097,2,-0.414,-0.709,2.214,2,-0.357,-0.775,2.117,2,-0.186,0.235,1.735,2,0.018,-0.019,1.302,2,0.002,0.027,1.298,2,0.094,-0.268,1.978,2,0.047,-0.247,2.036,0,0,0,0,0
4.199|kb,87698364856070000,6,25,1,72057594037956870,2,-0.286,-0.188,1.990,2,-0.230,0.061,1.847,2,-0.168,0.302,1.688,2,-0.109,0.441,1.641,2,-0.270,0.222,1.642,2,-0.334,0.054,1.474,2,-0.140,0.004,1.338,2,-0.067,0.008,1.300,2,-0.030,0.254,1.830,2,-0.019,0.103,2.087,2,0.060,-0.149,2.040,2,0.095,-0.196,2.009,2,-0.343,-0.183,1.914,2,-0.285,-0.454,1.783,2,-0.243,-0.841,1.816,1,-0.182,-0.843,1.715,2,-0.219,-0.186,1.989,2,-0.187,-0.443,2.060,2,-0.419,-0.711,2.189,2,-0.368,-0.781,2.094,2,-0.184,0.242,1.731,2,0.001,-0.005,1.274,2,-0.039,0.037,1.269,2,0.126,-0.259,1.956,2,0.075,-0.244,2.010,0,0,0,0,0
4.221|kb,87698368155770000,6,25,1,72057594037956870,2,-0.259,-0.188,1.980,2,-0.221,0.064,1.843,2,-0.168,0.305,1.687,2,-0.111,0.446,1.641,2,-0.267,0.226,1.637,2,-0.340,0.065,1.465,2,-0.175,0.013,1.296,2,-0.079,0.018,1.276,2,-0.023,0.260,1.824,2,0.005,0.086,2.067,2,0.084,-0.132,2.038,2,0.128,-0.190,1.985,2,-0.315,-0.183,1.907,2,-0.282,-0.448,1.776,2,-0.240,-0.840,1.811,1,-0.177,-0.840,1.706,2,-0.193,-0.185,1.978,2,-0.171,-0.488,2.044,2,-0.404,-0.737,2.183,2,-0.364,-0.817,2.093,2,-0.183,0.246,1.729,2,-0.015,-0.001,1.254,2,-0.066,0.043,1.232,2,0.153,-0.247,1.927,2,0.109,-0.238,1.985,0,0,0,0,0
4.266|kb,87698371564390000,6,25,1,72057594037956870,2,-0.240,-0.192,1.971,2,-0.209,0.065,1.837,2,-0.167,0.310,1.686,2,-0.112,0.451,1.639,2,-0.266,0.229,1.632,2,-0.346,0.079,1.453,2,-0.183,0.016,1.286,2,-0.093,0.029,1.248,2,-0.016,0.268,1.818,2,0.008,0.089,2.058,2,0.102,-0.123,2.022,2,0.157,-0.179,1.957,2,-0.297,-0.186,1.901,2,-0.276,-0.444,1.769,2,-0.234,-0.836,1.799,1,-0.170,-0.835,1.692,2,-0.174,-0.191,1.965,2,-0.155,-0.511,2.011,2,-0.382,-0.753,2.163,2,-0.347,-0.837,2.077,2,-0.179,0.250,1.727,2,-0.044,0.014,1.230,2,-0.102,0.053,1.208,2,0.190,-0.235,1.892,2,0.144,-0.231,1.956,0,0,0,0,0
4.287|kb,87698374858270000,6,25,1,72057594037956870,2,-0.225,-0.197,1.960,2,-0.198,0.066,1.832,2,-0.163,0.315,1.685,2,-0.112,0.458,1.637,2,-0.264,0.233,1.627,2,-0.351,0.089,1.446,2,-0.205,0.027,1.263,2,-0.117,0.039,1.224,2,-0.011,0.270,1.813,2,0.029,0.084,2.046,2,0.132,-0.121,1.993,2,0.188,-0.171,1.928,2,-0.283,-0.189,1.892,2,-0.267,-0.447,1.753,2,-0.227,-0.829,1.783,1,-0.164,-0.826,1.674,2,-0.157,-0.197,1.951,2,-0.128,-0.530,1.972,2,-0.354,-0.765,2.141,2,-0.323,-0.850,2.060,2,-0.173,0.255,1.725,2,-0.075,0.025,1.201,2,-0.071,0.064,1.224,2,0.224,-0.226,1.862,2,0.177,-0.224,1.926,0,0,0,0,0
4.328|kb,87698378157670000,6,25,1,72057594037956870,2,-0.210,-0.202,1.949,2,-0.189,0.067,1.827,2,-0.159,0.321,1.686,2,-0.112,0.464,1.636,2,-0.263,0.237,1.623,2,-0.362,0.098,1.445,2,-0.212,0.053,1.251,2,-0.143,0.046,1.205,2,-0.009,0.272,1.812,2,0.043,0.079,2.038,2,0.157,-0.117,1.971,2,0.216,-0.166,1.898,2,-0.269,-0.194,1.881,2,-0.259,-0.454,1.742,2,-0.225,-0.826,1.781,1,-0.160,-0.825,1.671,2,-0.144,-0.202,1.940,2,-0.113,-0.554,1.945,2,-0.334,-0.790,2.126,2,-0.305,-0.874,2.049,2,-0.168,0.259,1.725,2,-0.105,0.027,1.181,2,-0.156,0.071,1.172,2,0.258,-0.216,1.839,2,0.205,-0.217,1.892,0,0,0,0,0
4.368|kb,87698381566330000,6,25,1,72057594037956870,2,-0.200,-0.203,1.939,2,-0.177,0.070,1.822,2,-0.148,0.332,1.688,2,-0.108,0.476,1.635,2,-0.263,0.241,1.622,2,-0.373,0.108,1.446,2,-0.253,0.058,1.241,2,-0.171,0.049,1.194,2,0.004,0.278,1.808,2,0.060,0.077,2.027,2,0.183,-0.107,1.940,2,0.241,-0.159,1.868,2,-0.260,-0.195,1.872,2,-0.247,-0.473,1.736,2,-0.226,-0.823,1.788,1,-0.161,-0.830,1.676,2,-0.131,-0.203,1.929,2,-0.098,-0.570,1.911,2,-0.309,-0.789,2.128,2,-0.288,-0.874,2.068,2,-0.156,0.268,1.724,2,-0.142,0.027,1.168,2,-0.170,0.023,1.149,2,0.281,-0.207,1.809,2,0.237,-0.216,1.858,0,0,0,0,0
4.390|kb,87698384858160000,6,25,1,72057594037956870,2,-0.186,-0.202,1.922,2,-0.166,0.076,1.815,2,-0.140,0.343,1.688,2,-0.104,0.488,1.635,2,-0.262,0.251,1.620,2,-0.382,0.117,1.451,2,-0.243,0.054,1.234,2,-0.200,0.043,1.188,2,0.015,0.282,1.803,2,0.074,0.081,2.005,2,0.199,-0.102,1.921,2,0.259,-0.152,1.840,2,-0.249,-0.195,1.856,2,-0.234,-0.481,1.738,2,-0.217,-0.822,1.778,1,-0.154,-0.831,1.662,2,-0.116,-0.200,1.913,2,-0.066,-0.532,1.874,2,-0.165,-0.759,1.962,1,-0.239,-0.728,1.860,2,-0.147,0.277,1.723,2,-0.180,0.020,1.160,2,-0.198,0.011,1.137,2,0.303,-0.200,1.785,2,0.253,-0.205,1.832,0,0,0,0,0
4.433|kb,87698388158750000,6,25,1,72057594037956870,2,-0.171,-0.197,1.910,2,-0.152,0.086,1.808,2,-0.130,0.359,1.689,2,-0.098,0.504,1.633,2,-0.260,0.263,1.619,2,-0.397,0.133,1.463,2,-0.306,0.060,1.251,2,-0.228,0.035,1.194,2,0.028,0.293,1.794,2,0.087,0.086,1.985,2,0.218,-0.088,1.889,2,0.276,-0.144,1.808,2,-0.237,-0.191,1.845,2,-0.228,-0.487,1.737,2,-0.216,-0.820,1.778,1,-0.155,-0.831,1.659,2,-0.098,-0.195,1.898,2,-0.051,-0.519,1.852,2,-0.153,-0.832,1.996,1,-0.212,-0.873,1.960,2,-0.136,0.292,1.721,2,-0.210,0.005,1.167,2,-0.240,0.022,1.135,2,0.316,-0.193,1.750,2,0.272,-0.200,1.795,0,0,0,0,0
4.455|kb,87698391566820000,6,25,1,72057594037956870,2,-0.161,-0.191,1.901,2,-0.142,0.096,1.802,2,-0.119,0.375,1.688,2,-0.091,0.521,1.632,2,-0.258,0.278,1.619,2,-0.455,0.161,1.454,2,-0.315,0.057,1.285,2,-0.256,0.020,1.209,2,0.034,0.298,1.790,2,0.104,0.097,1.956,2,0.229,-0.087,1.873,2,0.287,-0.136,1.782,2,-0.229,-0.187,1.839,2,-0.222,-0.496,1.738,2,-0.212,-0.829,1.792,1,-0.153,-0.850,1.674,2,-0.087,-0.189,1.886,2,-0.034,-0.521,1.829,2,-0.137,-0.827,1.972,1,-0.093,-0.896,1.870,2,-0.125,0.307,1.719,2,-0.238,-0.020,1.183,2,-0.231,-0.041,1.197,2,0.333,-0.186,1.727,2,0.282,-0.193,1.765,0,0,0,0,0
4.499|kb,87698394858130000,6,25,1,72057594037956870,2,-0.144,-0.176,1.892,2,-0.126,0.114,1.798,2,-0.107,0.394,1.689,2,-0.083,0.540,1.630,2,-0.253,0.297,1.623,2,-0.454,0.169,1.473,2,-0.319,0.044,1.289,2,-0.285,0.002,1.236,2,0.057,0.323,1.776,2,0.117,0.104,1.940,2,0.244,-0.069,1.839,2,0.302,-0.128,1.751,2,-0.213,-0.171,1.831,2,-0.220,-0.497,1.739,2,-0.210,-0.826,1.799,1,-0.156,-0.855,1.678,2,-0.068,-0.173,1.875,2,-0.006,-0.508,1.796,2,-0.087,-0.839,1.921,1,-0.045,-0.891,1.807,2,-0.112,0.326,1.719,2,-0.262,-0.039,1.210,2,-0.286,-0.042,1.199,2,0.341,-0.174,1.698,2,0.294,-0.184,1.740,0,0,0,0,0
4.522|kb,87698398155650000,6,25,1,72057594037956870,2,-0.131,-0.163,1.884,2,-0.115,0.129,1.793,2,-0.099,0.410,1.687,2,-0.075,0.557,1.628,2,-0.245,0.319,1.627,2,-0.466,0.193,1.516,2,-0.333,-0.006,1.319,2,-0.314,-0.015,1.280,2,0.066,0.331,1.769,2,0.136,0.121,1.917,2,0.253,-0.060,1.816,2,0.308,-0.118,1.722,2,-0.201,-0.159,1.826,2,-0.213,-0.489,1.745,2,-0.204,-0.824,1.806,1,-0.154,-0.861,1.683,2,-0.055,-0.161,1.865,2,0.008,-0.493,1.778,2,-0.031,-0.828,1.852,1,0.013,-0.855,1.727,2,-0.103,0.342,1.716,2,-0.294,-0.063,1.254,2,-0.331,-0.073,1.268,2,0.344,-0.164,1.662,2,0.304,-0.174,1.707,0,0,0,0,0
4.568|kb,87698401565600000,6,25,1,72057594037956870,2,-0.117,-0.150,1.874,2,-0.102,0.144,1.788,2,-0.086,0.427,1.688,2,-0.067,0.573,1.627,2,-0.239,0.335,1.631,2,-0.454,0.205,1.558,2,-0.371,0.038,1.398,2,-0.338,-0.033,1.328,2,0.080,0.346,1.759,2,0.152,0.134,1.900,2,0.279,-0.054,1.750,2,0.318,-0.115,1.687,2,-0.188,-0.147,1.818,2,-0.206,-0.478,1.750,2,-0.203,-0.823,1.809,1,-0.158,-0.860,1.684,2,-0.040,-0.148,1.852,2,0.021,-0.469,1.760,2,0.025,-0.779,1.776,1,0.063,-0.775,1.646,2,-0.090,0.358,1.715,2,-0.323,-0.086,1.304,2,-0.370,-0.075,1.310,2,0.338,-0.160,1.614,2,0.312,-0.165,1.678,0,0,0,0,0
4.593|kb,87698404855970000,6,25,1,72057594037956870,2,-0.100,-0.137,1.864,2,-0.087,0.159,1.783,2,-0.072,0.443,1.687,2,-0.059,0.588,1.625,2,-0.233,0.352,1.636,2,-0.407,0.193,1.607,2,-0.364,0.001,1.415,2,-0.355,-0.055,1.379,2,0.092,0.359,1.748,2,0.165,0.142,1.882,2,0.268,-0.034,1.758,2,0.320,-0.102,1.664,2,-0.173,-0.135,1.810,2,-0.200,-0.471,1.752,2,-0.200,-0.823,1.811,1,-0.161,-0.860,1.684,2,-0.023,-0.134,1.841,2,0.027,-0.459,1.751,2,0.065,-0.789,1.730,1,0.090,-0.758,1.607,2,-0.076,0.374,1.713,2,-0.348,-0.112,1.358,2,-0.380,-0.051,1.335,2,0.345,-0.147,1.591,2,0.321,-0.156,1.653,0,0,0,0,0
4.635|kb,87698408157080000,6,25,1,72057594037956870,2,-0.086,-0.130,1.855,2,-0.076,0.167,1.779,2,-0.063,0.452,1.686,2,-0.052,0.597,1.625,2,-0.228,0.361,1.643,2,-0.397,0.196,1.625,2,-0.370,-0.016,1.467,2,-0.367,-0.079,1.434,2,0.103,0.367,1.739,2,0.183,0.151,1.859,2,0.275,-0.037,1.744,2,0.328,-0.102,1.626,2,-0.161,-0.129,1.803,2,-0.195,-0.470,1.754,2,-0.199,-0.824,1.812,1,-0.165,-0.859,1.682,2,-0.008,-0.126,1.830,2,0.033,-0.454,1.745,2,0.082,-0.782,1.703,1,0.032,-0.786,1.667,2,-0.067,0.382,1.712,2,-0.358,-0.141,1.420,2,-0.390,-0.070,1.389,2,0.344,-0.140,1.564,2,0.324,-0.150,1.621,0,0,0,0,0
4.666|kb,87698411566300000,6,25,1,72057594037956870,2,-0.069,-0.127,1.843,2,-0.062,0.172,1.773,2,-0.052,0.459,1.687,2,-0.045,0.603,1.625,2,-0.222,0.367,1.650,2,-0.386,0.185,1.663,2,-0.374,-0.035,1.518,2,-0.373,-0.105,1.492,2,0.116,0.372,1.728,2,0.201,0.151,1.841,2,0.284,-0.030,1.708,2,0.332,-0.101,1.595,2,-0.145,-0.126,1.793,2,-0.185,-0.470,1.754,2,-0.193,-0.820,1.813,1,-0.165,-0.853,1.681,2,0.010,-0.123,1.815,2,0.043,-0.448,1.734,2,0.076,-0.703,1.696,1,0.006,-0.654,1.589,2,-0.055,0.389,1.711,2,-0.376,-0.167,1.480,2,-0.397,-0.080,1.435,2,0.346,-0.137,1.535,2,0.322,-0.148,1.592,0,0,0,0,0
