0.000|kb,88050838633790000,6,25,0,0,1,72057594037963262,2,-0.319,-0.111,2.189,2,-0.350,0.198,2.132,2,-0.377,0.495,2.058,2,-0.391,0.631,2.012,2,-0.545,0.399,1.995,2,-0.676,0.280,1.907,2,-0.609,0.458,1.893,2,-0.573,0.471,1.925,2,-0.200,0.448,2.144,2,-0.094,0.226,2.219,2,-0.021,0.032,2.141,2,-0.018,-0.047,2.119,2,-0.389,-0.115,2.130,2,-0.401,-0.558,2.171,2,-0.385,-0.958,2.168,2,-0.384,-0.961,2.049,2,-0.239,-0.103,2.174,2,-0.215,-0.526,2.290,2,-0.258,-0.905,2.401,2,-0.211,-0.938,2.304,2,-0.371,0.422,2.079,2,-0.519,0.490,1.945,2,-0.564,0.455,1.962,2,-0.016,-0.104,2.109,2,-0.051,-0.066,2.089,0,0,0
0.032|kb,88050841924810000,6,25,0,0,1,72057594037963262,2,-0.319,-0.111,2.189,2,-0.350,0.198,2.131,2,-0.377,0.495,2.057,2,-0.391,0.631,2.011,2,-0.544,0.398,1.994,2,-0.676,0.281,1.906,2,-0.609,0.459,1.894,2,-0.571,0.472,1.925,2,-0.200,0.448,2.143,2,-0.093,0.226,2.218,2,-0.019,0.029,2.147,2,-0.011,-0.050,2.131,2,-0.389,-0.115,2.130,2,-0.400,-0.559,2.172,2,-0.385,-0.958,2.168,2,-0.384,-0.961,2.049,2,-0.239,-0.103,2.174,2,-0.215,-0.525,2.291,2,-0.258,-0.906,2.401,2,-0.211,-0.938,2.303,2,-0.371,0.422,2.078,2,-0.517,0.487,1.948,2,-0.565,0.453,1.958,2,-0.008,-0.107,2.125,2,-0.045,-0.079,2.101,0,0,0
0.064|kb,88050845231090000,6,25,0,0,1,72057594037963262,2,-0.319,-0.111,2.189,2,-0.350,0.197,2.131,2,-0.377,0.494,2.054,2,-0.390,0.630,2.009,2,-0.544,0.398,1.993,2,-0.676,0.280,1.904,2,-0.609,0.459,1.893,2,-0.571,0.470,1.924,2,-0.200,0.448,2.143,2,-0.093,0.226,2.218,2,-0.014,0.027,2.159,2,-0.004,-0.052,2.144,2,-0.389,-0.115,2.130,2,-0.400,-0.559,2.172,2,-0.385,-0.958,2.167,2,-0.384,-0.961,2.049,2,-0.239,-0.103,2.175,2,-0.216,-0.531,2.295,2,-0.258,-0.906,2.401,2,-0.210,-0.937,2.303,2,-0.371,0.421,2.076,2,-0.517,0.486,1.948,2,-0.570,0.447,1.949,2,-0.002,-0.112,2.139,2,-0.033,-0.069,2.114,0,0,0
0.088|kb,88050848632230000,6,25,0,0,1,72057594037963262,2,-0.319,-0.111,2.189,2,-0.350,0.197,2.130,2,-0.377,0.493,2.053,2,-0.389,0.630,2.008,2,-0.544,0.397,1.991,2,-0.677,0.281,1.903,2,-0.608,0.458,1.892,2,-0.577,0.473,1.909,2,-0.199,0.448,2.145,2,-0.092,0.225,2.219,2,-0.010,0.027,2.171,2,0.003,-0.053,2.157,2,-0.389,-0.115,2.130,2,-0.401,-0.558,2.172,2,-0.386,-0.959,2.167,2,-0.384,-0.961,2.049,2,-0.239,-0.103,2.175,2,-0.216,-0.527,2.294,2,-0.258,-0.906,2.401,2,-0.210,-0.937,2.303,2,-0.371,0.421,2.075,2,-0.527,0.487,1.925,2,-0.565,0.458,1.949,2,0.007,-0.112,2.150,2,-0.024,-0.077,2.125,0,0,0
0.132|kb,88050851925080000,6,25,0,0,1,72057594037963262,2,-0.320,-0.111,2.190,2,-0.350,0.197,2.130,2,-0.377,0.493,2.053,2,-0.389,0.630,2.007,2,-0.544,0.396,1.991,2,-0.678,0.281,1.902,2,-0.608,0.459,1.890,2,-0.601,0.448,1.906,2,-0.199,0.448,2.145,2,-0.091,0.226,2.220,2,-0.005,0.026,2.184,2,0.010,-0.056,2.174,2,-0.389,-0.115,2.131,2,-0.401,-0.559,2.172,2,-0.386,-0.959,2.168,2,-0.384,-0.961,2.050,2,-0.239,-0.103,2.176,2,-0.218,-0.532,2.298,2,-0.257,-0.906,2.402,2,-0.209,-0.937,2.305,2,-0.371,0.421,2.075,2,-0.551,0.492,1.899,2,-0.552,0.410,1.934,2,0.011,-0.115,2.169,2,-0.018,-0.066,2.148,0,0,0
0.155|kb,88050855230000000,6,25,0,0,1,72057594037963262,2,-0.320,-0.112,2.191,2,-0.350,0.197,2.130,2,-0.377,0.493,2.053,2,-0.389,0.629,2.007,2,-0.544,0.396,1.990,2,-0.679,0.282,1.902,2,-0.608,0.459,1.886,2,-0.599,0.449,1.901,2,-0.199,0.448,2.144,2,-0.091,0.227,2.221,2,-0.002,0.027,2.192,2,0.014,-0.054,2.185,2,-0.390,-0.116,2.132,2,-0.401,-0.559,2.173,2,-0.386,-0.959,2.167,2,-0.384,-0.961,2.050,2,-0.240,-0.104,2.177,2,-0.218,-0.528,2.297,2,-0.257,-0.906,2.402,2,-0.210,-0.938,2.305,2,-0.371,0.421,2.075,2,-0.549,0.493,1.892,2,-0.553,0.411,1.934,2,0.019,-0.114,2.181,2,-0.011,-0.067,2.156,0,0,0
0.199|kb,88050858644260000,6,25,0,0,1,72057594037963262,2,-0.321,-0.112,2.192,2,-0.350,0.197,2.130,2,-0.377,0.493,2.053,2,-0.389,0.629,2.006,2,-0.544,0.396,1.990,2,-0.679,0.283,1.901,2,-0.608,0.458,1.859,2,-0.598,0.455,1.893,2,-0.199,0.448,2.143,2,-0.091,0.228,2.222,2,0.001,0.027,2.199,2,0.017,-0.054,2.194,2,-0.390,-0.116,2.133,2,-0.401,-0.559,2.174,2,-0.386,-0.959,2.167,2,-0.384,-0.961,2.050,2,-0.240,-0.104,2.178,2,-0.218,-0.527,2.297,2,-0.257,-0.906,2.402,2,-0.211,-0.937,2.304,2,-0.371,0.420,2.075,2,-0.545,0.491,1.883,2,-0.569,0.427,1.939,2,0.022,-0.113,2.192,2,-0.007,-0.079,2.165,0,0,0
0.222|kb,88050861931040000,6,25,0,0,1,72057594037963262,2,-0.321,-0.112,2.193,2,-0.350,0.196,2.130,2,-0.377,0.493,2.052,2,-0.389,0.628,2.005,2,-0.544,0.396,1.991,2,-0.680,0.284,1.900,2,-0.607,0.459,1.862,2,-0.596,0.455,1.891,2,-0.199,0.447,2.142,2,-0.091,0.229,2.224,2,0.002,0.028,2.205,2,0.016,-0.053,2.202,2,-0.391,-0.117,2.134,2,-0.402,-0.559,2.174,2,-0.386,-0.959,2.167,2,-0.383,-0.961,2.050,2,-0.240,-0.104,2.179,2,-0.218,-0.525,2.297,2,-0.257,-0.906,2.402,2,-0.212,-0.937,2.304,2,-0.371,0.420,2.074,2,-0.543,0.495,1.886,2,-0.569,0.426,1.938,2,0.021,-0.113,2.198,2,-0.010,-0.063,2.177,0,0,0
0.266|kb,88050865231000000,6,25,0,0,1,72057594037963262,2,-0.321,-0.112,2.197,2,-0.350,0.196,2.131,2,-0.377,0.492,2.052,2,-0.389,0.628,2.005,2,-0.544,0.395,1.991,2,-0.680,0.285,1.899,2,-0.607,0.460,1.863,2,-0.601,0.454,1.891,2,-0.199,0.447,2.145,2,-0.090,0.229,2.227,2,0.003,0.029,2.212,2,0.017,-0.051,2.209,2,-0.391,-0.117,2.137,2,-0.402,-0.559,2.177,2,-0.386,-0.960,2.167,2,-0.383,-0.961,2.050,2,-0.241,-0.104,2.182,2,-0.218,-0.524,2.297,2,-0.258,-0.905,2.402,2,-0.212,-0.936,2.305,2,-0.371,0.420,2.074,2,-0.545,0.503,1.890,2,-0.571,0.422,1.941,2,0.023,-0.110,2.206,2,-0.007,-0.093,2.180,0,0,0
0.288|kb,88050868638630000,6,25,0,0,1,72057594037963262,2,-0.321,-0.112,2.201,2,-0.351,0.196,2.132,2,-0.377,0.492,2.052,2,-0.389,0.627,2.005,2,-0.544,0.396,1.991,2,-0.680,0.286,1.899,2,-0.608,0.461,1.865,2,-0.606,0.453,1.888,2,-0.199,0.446,2.147,2,-0.090,0.229,2.230,2,0.003,0.030,2.216,2,0.015,-0.051,2.213,2,-0.391,-0.117,2.141,2,-0.403,-0.558,2.178,2,-0.386,-0.960,2.167,2,-0.383,-0.961,2.051,2,-0.241,-0.103,2.186,2,-0.218,-0.523,2.299,2,-0.259,-0.904,2.403,2,-0.212,-0.935,2.306,2,-0.371,0.420,2.074,2,-0.545,0.504,1.891,2,-0.579,0.421,1.941,2,0.020,-0.112,2.209,2,-0.011,-0.071,2.186,0,0,0
0.332|kb,88050871933030000,6,25,0,0,1,72057594037963262,2,-0.322,-0.112,2.204,2,-0.351,0.196,2.133,2,-0.377,0.492,2.052,2,-0.388,0.627,2.004,2,-0.543,0.395,1.991,2,-0.680,0.286,1.898,2,-0.608,0.462,1.865,2,-0.572,0.478,1.910,2,-0.199,0.446,2.148,2,-0.090,0.229,2.233,2,0.000,0.035,2.220,2,0.013,-0.048,2.211,2,-0.391,-0.117,2.144,2,-0.403,-0.558,2.180,2,-0.386,-0.960,2.167,2,-0.384,-0.961,2.050,2,-0.241,-0.104,2.190,2,-0.218,-0.522,2.302,2,-0.258,-0.904,2.404,2,-0.212,-0.935,2.307,2,-0.371,0.420,2.074,2,-0.532,0.513,1.911,2,-0.552,0.454,1.953,2,0.020,-0.110,2.211,2,-0.013,-0.058,2.184,0,0,0
0.356|kb,88050875226100000,6,25,0,0,1,72057594037963262,2,-0.321,-0.112,2.210,2,-0.351,0.195,2.135,2,-0.377,0.492,2.052,2,-0.387,0.626,2.004,2,-0.541,0.395,1.993,2,-0.679,0.287,1.898,2,-0.607,0.463,1.868,2,-0.573,0.484,1.908,2,-0.199,0.446,2.149,2,-0.090,0.230,2.236,2,-0.001,0.036,2.222,2,0.011,-0.048,2.213,2,-0.391,-0.117,2.150,2,-0.404,-0.559,2.183,2,-0.386,-0.962,2.166,2,-0.384,-0.961,2.050,2,-0.240,-0.104,2.196,2,-0.218,-0.521,2.308,2,-0.255,-0.904,2.409,2,-0.212,-0.934,2.310,2,-0.371,0.419,2.075,2,-0.530,0.511,1.918,2,-0.554,0.475,1.958,2,0.020,-0.111,2.215,2,-0.015,-0.061,2.187,0,0,0
0.399|kb,88050878632150000,6,25,0,0,1,72057594037963262,2,-0.320,-0.113,2.216,2,-0.350,0.195,2.139,2,-0.377,0.491,2.053,2,-0.386,0.625,2.005,2,-0.539,0.394,1.997,2,-0.678,0.288,1.899,2,-0.600,0.462,1.885,2,-0.568,0.488,1.916,2,-0.198,0.446,2.149,2,-0.090,0.231,2.239,2,-0.001,0.036,2.223,2,0.011,-0.050,2.211,2,-0.391,-0.117,2.155,2,-0.404,-0.560,2.185,2,-0.386,-0.963,2.165,2,-0.384,-0.961,2.050,2,-0.239,-0.105,2.202,2,-0.217,-0.520,2.313,2,-0.254,-0.904,2.414,2,-0.210,-0.932,2.313,2,-0.371,0.419,2.076,2,-0.523,0.514,1.935,2,-0.558,0.473,1.964,2,0.016,-0.112,2.211,2,-0.013,-0.065,2.181,0,0,0
0.421|kb,88050881933990000,6,25,0,0,1,72057594037963262,2,-0.319,-0.112,2.222,2,-0.349,0.194,2.144,2,-0.375,0.490,2.056,2,-0.384,0.624,2.009,2,-0.537,0.395,2.004,2,-0.676,0.286,1.902,2,-0.601,0.462,1.886,2,-0.597,0.457,1.905,2,-0.197,0.445,2.150,2,-0.089,0.231,2.241,2,-0.001,0.035,2.223,2,0.010,-0.050,2.207,2,-0.390,-0.117,2.162,2,-0.404,-0.562,2.188,2,-0.386,-0.965,2.164,2,-0.384,-0.961,2.050,2,-0.238,-0.104,2.207,2,-0.214,-0.519,2.324,2,-0.252,-0.901,2.425,2,-0.213,-0.929,2.321,2,-0.369,0.418,2.080,2,-0.547,0.516,1.921,2,-0.578,0.418,1.961,2,0.016,-0.114,2.206,2,-0.021,-0.062,2.194,0,0,0
0.465|kb,88050885233340000,6,25,0,0,1,72057594037963262,2,-0.318,-0.112,2.230,2,-0.346,0.194,2.153,2,-0.372,0.490,2.064,2,-0.380,0.623,2.015,2,-0.534,0.396,2.011,2,-0.672,0.287,1.908,2,-0.590,0.461,1.905,2,-0.560,0.486,1.933,2,-0.195,0.445,2.153,2,-0.088,0.231,2.245,2,0.000,0.034,2.223,2,0.011,-0.051,2.203,2,-0.389,-0.116,2.171,2,-0.404,-0.563,2.191,2,-0.386,-0.966,2.163,2,-0.384,-0.961,2.050,2,-0.236,-0.104,2.215,2,-0.213,-0.517,2.332,2,-0.251,-0.901,2.434,2,-0.215,-0.932,2.331,2,-0.366,0.418,2.089,2,-0.514,0.513,1.953,2,-0.555,0.472,1.980,2,0.015,-0.114,2.201,2,-0.016,-0.066,2.174,0,0,0
0.488|kb,88050888631650000,6,25,0,0,1,72057594037963262,2,-0.316,-0.113,2.236,2,-0.343,0.193,2.162,2,-0.367,0.489,2.076,2,-0.376,0.622,2.024,2,-0.531,0.396,2.019,2,-0.667,0.289,1.918,2,-0.584,0.462,1.910,1,-0.559,0.483,1.932,2,-0.191,0.444,2.159,2,-0.083,0.229,2.250,2,0.001,0.031,2.223,2,0.012,-0.052,2.198,2,-0.388,-0.117,2.176,2,-0.403,-0.564,2.194,2,-0.386,-0.968,2.162,2,-0.384,-0.961,2.050,2,-0.234,-0.105,2.222,2,-0.209,-0.517,2.342,2,-0.247,-0.897,2.449,2,-0.209,-0.930,2.347,2,-0.362,0.417,2.099,2,-0.514,0.510,1.963,2,-0.544,0.469,1.967,2,0.017,-0.114,2.198,2,-0.015,-0.072,2.168,0,0,0
0.532|kb,88050891929510000,6,25,0,0,1,72057594037963262,2,-0.313,-0.113,2.245,2,-0.339,0.193,2.171,2,-0.363,0.489,2.084,2,-0.370,0.622,2.035,2,-0.528,0.395,2.026,2,-0.666,0.289,1.930,2,-0.575,0.462,1.922,1,-0.552,0.478,1.942,2,-0.183,0.443,2.172,2,-0.078,0.225,2.258,2,0.002,0.030,2.222,2,0.014,-0.052,2.194,2,-0.385,-0.117,2.186,2,-0.402,-0.565,2.198,2,-0.386,-0.970,2.161,2,-0.384,-0.961,2.050,2,-0.230,-0.105,2.230,2,-0.204,-0.516,2.354,2,-0.244,-0.888,2.462,2,-0.202,-0.921,2.359,2,-0.357,0.416,2.108,2,-0.509,0.501,1.965,2,-0.528,0.459,1.959,2,0.017,-0.113,2.191,2,-0.014,-0.071,2.164,0,0,0
0.556|kb,88050895227970000,6,25,0,0,1,72057594037963262,2,-0.307,-0.114,2.255,2,-0.334,0.192,2.181,2,-0.357,0.489,2.094,2,-0.363,0.623,2.050,2,-0.523,0.394,2.035,2,-0.663,0.290,1.942,2,-0.572,0.458,1.932,1,-0.542,0.474,1.959,2,-0.177,0.443,2.180,2,-0.073,0.224,2.264,2,0.005,0.030,2.220,2,0.016,-0.053,2.185,2,-0.380,-0.118,2.195,2,-0.402,-0.565,2.200,2,-0.386,-0.971,2.161,2,-0.384,-0.961,2.050,2,-0.225,-0.107,2.241,2,-0.212,-0.522,2.355,2,-0.238,-0.878,2.475,2,-0.191,-0.915,2.377,2,-0.352,0.416,2.118,2,-0.497,0.494,1.989,2,-0.547,0.455,1.995,2,0.018,-0.110,2.179,2,-0.012,-0.066,2.158,0,0,0
0.598|kb,88050898639840000,6,25,0,0,1,72057594037963262,2,-0.303,-0.115,2.265,2,-0.329,0.193,2.192,2,-0.351,0.490,2.107,2,-0.355,0.625,2.066,2,-0.516,0.396,2.049,2,-0.660,0.292,1.961,2,-0.533,0.471,1.969,1,-0.514,0.483,1.985,2,-0.171,0.442,2.191,2,-0.066,0.222,2.273,2,0.008,0.029,2.219,2,0.019,-0.051,2.184,2,-0.376,-0.119,2.205,2,-0.401,-0.565,2.203,2,-0.386,-0.972,2.160,2,-0.384,-0.961,2.050,2,-0.221,-0.107,2.251,2,-0.215,-0.524,2.357,2,-0.233,-0.874,2.486,2,-0.185,-0.916,2.386,2,-0.346,0.417,2.131,2,-0.481,0.494,2.019,2,-0.473,0.470,2.028,2,0.022,-0.109,2.177,2,-0.012,-0.059,2.159,0,0,0
0.622|kb,88050901930130000,6,25,0,0,1,72057594037963262,2,-0.298,-0.115,2.277,2,-0.321,0.193,2.206,2,-0.341,0.490,2.123,2,-0.347,0.626,2.081,2,-0.509,0.397,2.065,2,-0.654,0.296,1.977,2,-0.566,0.465,1.960,1,-0.537,0.478,1.985,2,-0.161,0.442,2.210,2,-0.059,0.220,2.282,2,0.011,0.029,2.218,2,0.022,-0.049,2.179,2,-0.371,-0.119,2.216,2,-0.399,-0.568,2.208,2,-0.386,-0.973,2.159,2,-0.384,-0.961,2.050,2,-0.215,-0.108,2.263,2,-0.218,-0.528,2.363,2,-0.225,-0.874,2.493,2,-0.183,-0.918,2.385,2,-0.336,0.417,2.146,2,-0.490,0.502,2.010,2,-0.533,0.459,2.011,2,0.025,-0.104,2.171,2,-0.012,-0.065,2.165,0,0,0
0.665|kb,88050905237270000,6,25,0,0,1,72057594037963262,2,-0.291,-0.117,2.292,2,-0.312,0.192,2.225,2,-0.330,0.491,2.144,2,-0.338,0.629,2.104,2,-0.500,0.397,2.087,2,-0.648,0.300,2.000,2,-0.495,0.477,2.023,1,-0.428,0.537,2.051,2,-0.153,0.442,2.224,2,-0.051,0.219,2.297,2,0.016,0.027,2.218,2,0.028,-0.049,2.182,2,-0.365,-0.119,2.231,2,-0.396,-0.571,2.216,2,-0.385,-0.975,2.158,2,-0.384,-0.960,2.050,2,-0.208,-0.110,2.279,2,-0.190,-0.529,2.414,2,-0.225,-0.883,2.499,2,-0.180,-0.918,2.390,2,-0.326,0.418,2.167,2,-0.383,0.604,2.028,2,-0.438,0.481,2.102,2,0.028,-0.104,2.175,2,-0.004,-0.075,2.157,0,0,0
0.689|kb,88050908643060000,6,25,0,0,1,72057594037963262,2,-0.286,-0.116,2.305,2,-0.306,0.194,2.239,2,-0.324,0.493,2.160,2,-0.329,0.630,2.121,2,-0.494,0.399,2.101,2,-0.644,0.302,2.017,2,-0.494,0.479,2.027,1,-0.450,0.522,2.057,2,-0.142,0.443,2.245,2,-0.043,0.218,2.311,2,0.022,0.026,2.220,2,0.032,-0.050,2.187,2,-0.360,-0.118,2.245,2,-0.390,-0.577,2.224,2,-0.385,-0.977,2.156,2,-0.384,-0.960,2.050,2,-0.203,-0.111,2.291,2,-0.189,-0.529,2.417,2,-0.228,-0.888,2.503,2,-0.181,-0.916,2.398,2,-0.320,0.420,2.182,2,-0.381,0.607,2.047,2,-0.449,0.475,2.078,2,0.035,-0.101,2.174,2,-0.001,-0.070,2.158,0,0,0
0.731|kb,88050911929760000,6,25,0,0,1,72057594037963262,2,-0.280,-0.116,2.317,2,-0.298,0.194,2.254,2,-0.314,0.494,2.179,2,-0.318,0.632,2.145,2,-0.485,0.403,2.118,2,-0.636,0.306,2.037,2,-0.494,0.481,2.035,1,-0.477,0.496,2.062,2,-0.133,0.443,2.262,2,-0.036,0.219,2.324,2,0.030,0.025,2.226,2,0.039,-0.049,2.192,2,-0.354,-0.118,2.256,2,-0.387,-0.578,2.229,2,-0.386,-0.979,2.154,2,-0.384,-0.960,2.049,2,-0.197,-0.111,2.303,2,-0.190,-0.530,2.423,2,-0.229,-0.892,2.503,2,-0.181,-0.916,2.399,2,-0.310,0.420,2.200,2,-0.376,0.617,2.058,1,-0.476,0.450,2.083,2,0.042,-0.101,2.180,2,0.006,-0.073,2.161,0,0,0
0.755|kb,88050915223210000,6,25,0,0,1,72057594037963262,2,-0.273,-0.116,2.329,2,-0.289,0.195,2.269,2,-0.304,0.496,2.197,2,-0.309,0.635,2.160,2,-0.484,0.403,2.119,2,-0.639,0.307,2.048,2,-0.493,0.486,2.050,2,-0.511,0.490,2.064,2,-0.121,0.444,2.282,2,-0.028,0.217,2.340,2,0.041,0.026,2.238,2,0.046,-0.050,2.200,2,-0.346,-0.117,2.268,2,-0.382,-0.577,2.236,2,-0.387,-0.981,2.151,2,-0.384,-0.960,2.048,2,-0.190,-0.111,2.316,2,-0.191,-0.535,2.433,2,-0.232,-0.901,2.502,2,-0.176,-0.922,2.390,2,-0.301,0.422,2.217,2,-0.486,0.521,2.060,2,-0.497,0.469,2.112,2,0.041,-0.102,2.183,2,0.014,-0.068,2.166,0,0,0
0.798|kb,88050918632480000,6,25,0,0,1,72057594037963262,2,-0.266,-0.116,2.342,2,-0.281,0.196,2.284,2,-0.294,0.498,2.212,2,-0.298,0.638,2.181,2,-0.461,0.410,2.174,2,-0.628,0.317,2.071,2,-0.561,0.494,2.035,2,-0.513,0.500,2.066,2,-0.116,0.444,2.294,2,-0.017,0.215,2.353,2,0.053,0.026,2.257,2,0.057,-0.049,2.211,2,-0.341,-0.116,2.282,2,-0.379,-0.576,2.240,2,-0.388,-0.983,2.150,2,-0.384,-0.960,2.048,2,-0.183,-0.112,2.328,2,-0.190,-0.534,2.440,2,-0.232,-0.900,2.503,2,-0.176,-0.922,2.392,2,-0.291,0.424,2.232,2,-0.473,0.532,2.072,2,-0.502,0.483,2.112,2,0.053,-0.101,2.192,2,0.026,-0.055,2.176,0,0,0
0.821|kb,88050921925670000,6,25,0,0,1,72057594037963262,2,-0.260,-0.115,2.354,2,-0.274,0.197,2.296,2,-0.285,0.499,2.226,2,-0.289,0.640,2.196,2,-0.456,0.407,2.183,2,-0.626,0.329,2.094,2,-0.579,0.504,2.025,2,-0.512,0.524,2.055,2,-0.116,0.444,2.294,2,-0.007,0.222,2.367,2,0.069,0.035,2.279,2,0.076,-0.044,2.223,2,-0.337,-0.116,2.296,2,-0.376,-0.577,2.246,2,-0.388,-0.984,2.148,2,-0.384,-0.959,2.049,2,-0.176,-0.111,2.338,2,-0.188,-0.534,2.446,2,-0.233,-0.900,2.504,2,-0.177,-0.922,2.394,2,-0.283,0.425,2.246,2,-0.462,0.544,2.066,2,-0.502,0.507,2.090,2,0.065,-0.105,2.195,2,0.054,-0.035,2.191,0,0,0
0.865|kb,88050925224860000,6,25,0,0,1,72057594037963262,2,-0.256,-0.119,2.364,2,-0.268,0.195,2.309,2,-0.277,0.499,2.241,2,-0.280,0.641,2.212,2,-0.444,0.400,2.198,2,-0.627,0.343,2.114,2,-0.588,0.510,2.020,2,-0.528,0.542,2.048,2,-0.098,0.436,2.326,2,0.012,0.220,2.380,2,0.091,0.048,2.293,2,0.105,-0.030,2.232,2,-0.333,-0.119,2.305,2,-0.374,-0.579,2.249,2,-0.389,-0.985,2.145,2,-0.383,-0.957,2.049,2,-0.171,-0.115,2.348,2,-0.187,-0.534,2.451,2,-0.233,-0.898,2.503,2,-0.177,-0.922,2.395,2,-0.275,0.425,2.261,2,-0.466,0.567,2.053,2,-0.509,0.527,2.101,2,0.100,-0.095,2.200,2,0.081,-0.045,2.182,0,0,0
0.893|kb,88050928635190000,6,25,0,0,1,72057594037963262,2,-0.252,-0.119,2.373,2,-0.260,0.198,2.324,2,-0.265,0.505,2.265,2,-0.270,0.645,2.233,2,-0.441,0.402,2.217,2,-0.686,0.355,2.138,2,-0.603,0.524,2.042,2,-0.550,0.572,2.025,2,-0.092,0.435,2.336,2,0.042,0.227,2.388,2,0.124,0.066,2.300,2,0.143,-0.012,2.238,2,-0.329,-0.119,2.315,2,-0.372,-0.578,2.254,2,-0.390,-0.985,2.144,2,-0.382,-0.955,2.049,2,-0.167,-0.115,2.356,2,-0.185,-0.533,2.456,2,-0.234,-0.897,2.504,2,-0.177,-0.922,2.394,2,-0.264,0.430,2.282,2,-0.488,0.600,2.030,2,-0.529,0.561,2.058,2,0.143,-0.078,2.202,2,0.115,0.002,2.249,0,0,0
0.934|kb,88050931934460000,6,25,0,0,1,72057594037963262,2,-0.248,-0.118,2.380,2,-0.255,0.199,2.335,2,-0.259,0.508,2.278,2,-0.263,0.649,2.248,2,-0.437,0.407,2.233,2,-0.642,0.384,2.173,2,-0.629,0.538,2.039,2,-0.601,0.593,2.006,2,-0.079,0.435,2.353,2,0.068,0.242,2.388,2,0.171,0.100,2.298,2,0.192,0.024,2.231,2,-0.326,-0.118,2.321,2,-0.370,-0.577,2.257,2,-0.390,-0.986,2.143,2,-0.382,-0.953,2.051,2,-0.163,-0.116,2.364,2,-0.183,-0.534,2.462,2,-0.233,-0.897,2.504,2,-0.179,-0.923,2.393,2,-0.258,0.432,2.295,2,-0.542,0.631,1.983,2,-0.562,0.589,2.014,2,0.197,-0.042,2.194,2,0.178,0.025,2.191,0,0,0
0.958|kb,88050935226030000,6,25,0,0,1,72057594037963262,2,-0.244,-0.117,2.386,2,-0.251,0.201,2.344,2,-0.255,0.510,2.289,2,-0.257,0.651,2.262,2,-0.434,0.414,2.251,2,-0.650,0.399,2.192,2,-0.659,0.563,2.043,2,-0.648,0.621,1.997,2,-0.074,0.435,2.361,2,0.096,0.276,2.386,2,0.210,0.133,2.276,2,0.244,0.064,2.210,2,-0.322,-0.115,2.328,2,-0.368,-0.574,2.262,2,-0.391,-0.985,2.143,2,-0.380,-0.949,2.054,2,-0.159,-0.115,2.369,2,-0.182,-0.534,2.466,2,-0.234,-0.896,2.505,2,-0.179,-0.923,2.393,2,-0.254,0.434,2.305,2,-0.605,0.656,1.953,2,-0.598,0.626,2.001,2,0.254,-0.002,2.176,2,0.223,0.053,2.164,0,0,0
0.998|kb,88050938637040000,6,25,0,0,1,72057594037963262,2,-0.240,-0.113,2.392,2,-0.245,0.205,2.353,2,-0.250,0.512,2.301,2,-0.251,0.653,2.277,2,-0.432,0.421,2.264,2,-0.656,0.415,2.207,2,-0.721,0.580,2.062,2,-0.717,0.636,2.010,2,-0.069,0.435,2.367,2,0.112,0.293,2.383,2,0.254,0.199,2.285,2,0.287,0.153,2.208,2,-0.318,-0.112,2.335,2,-0.365,-0.571,2.268,2,-0.391,-0.983,2.145,2,-0.376,-0.946,2.056,2,-0.154,-0.111,2.376,2,-0.181,-0.535,2.470,2,-0.234,-0.897,2.505,2,-0.179,-0.924,2.393,2,-0.249,0.437,2.317,2,-0.690,0.671,1.942,2,-0.675,0.656,2.008,2,0.316,0.083,2.158,2,0.276,0.138,2.156,0,0,0
1.022|kb,88050941929430000,6,25,0,0,1,72057594037963262,2,-0.236,-0.111,2.397,2,-0.241,0.207,2.360,2,-0.244,0.515,2.312,2,-0.248,0.654,2.284,2,-0.429,0.427,2.278,2,-0.661,0.434,2.225,2,-0.772,0.583,2.094,2,-0.791,0.638,2.044,2,-0.063,0.436,2.370,2,0.141,0.338,2.374,2,0.285,0.253,2.269,2,0.290,0.258,2.243,2,-0.314,-0.109,2.340,2,-0.363,-0.568,2.272,2,-0.391,-0.981,2.146,2,-0.376,-0.943,2.056,2,-0.150,-0.109,2.380,2,-0.180,-0.536,2.471,2,-0.234,-0.898,2.505,2,-0.179,-0.925,2.393,2,-0.243,0.439,2.326,2,-0.780,0.676,1.958,2,-0.756,0.660,2.031,2,0.337,0.218,2.139,2,0.315,0.216,2.124,0,0,0
1.065|kb,88050945230020000,6,25,0,0,1,72057594037963262,2,-0.233,-0.108,2.400,2,-0.238,0.209,2.365,2,-0.240,0.516,2.318,2,-0.242,0.655,2.294,2,-0.427,0.433,2.288,2,-0.677,0.443,2.241,2,-0.818,0.586,2.131,2,-0.853,0.636,2.092,2,-0.056,0.437,2.374,2,0.161,0.381,2.364,2,0.318,0.334,2.255,2,0.299,0.340,2.254,2,-0.312,-0.106,2.345,2,-0.361,-0.564,2.276,2,-0.391,-0.976,2.151,2,-0.378,-0.938,2.060,2,-0.148,-0.107,2.381,2,-0.179,-0.535,2.472,2,-0.234,-0.896,2.507,2,-0.178,-0.924,2.395,2,-0.240,0.441,2.332,2,-0.871,0.676,2.018,2,-0.818,0.666,2.065,2,0.354,0.323,2.146,2,0.314,0.346,2.194,0,0,0
1.090|kb,88050948642020000,6,25,0,0,1,72057594037963262,2,-0.231,-0.104,2.403,2,-0.234,0.212,2.369,2,-0.235,0.518,2.324,2,-0.239,0.659,2.302,2,-0.424,0.441,2.299,2,-0.680,0.458,2.263,2,-0.833,0.571,2.186,2,-0.906,0.629,2.145,2,-0.044,0.440,2.376,2,0.168,0.414,2.358,2,0.330,0.420,2.247,2,0.316,0.420,2.247,2,-0.310,-0.102,2.348,2,-0.359,-0.561,2.279,2,-0.388,-0.972,2.156,2,-0.376,-0.936,2.065,2,-0.145,-0.103,2.383,2,-0.178,-0.536,2.474,2,-0.234,-0.897,2.508,2,-0.178,-0.927,2.392,2,-0.235,0.443,2.337,2,-0.938,0.674,2.084,2,-0.867,0.655,2.117,2,0.372,0.427,2.153,2,0.269,0.443,2.255,0,0,0
1.131|kb,88050951927130000,6,25,0,0,1,72057594037963262,2,-0.228,-0.101,2.404,2,-0.230,0.214,2.371,2,-0.231,0.519,2.326,2,-0.233,0.660,2.308,2,-0.420,0.446,2.306,2,-0.676,0.464,2.279,2,-0.854,0.560,2.235,2,-0.944,0.610,2.209,2,-0.036,0.445,2.375,2,0.191,0.462,2.352,2,0.343,0.499,2.232,2,0.322,0.500,2.238,2,-0.307,-0.099,2.350,2,-0.356,-0.557,2.282,2,-0.388,-0.970,2.159,2,-0.363,-0.940,2.072,2,-0.141,-0.100,2.384,2,-0.177,-0.535,2.474,2,-0.235,-0.897,2.508,2,-0.178,-0.926,2.393,2,-0.231,0.445,2.339,2,-0.989,0.647,2.161,2,-0.936,0.651,2.195,2,0.374,0.518,2.147,2,0.277,0.511,2.237,0,0,0
1.154|kb,88050955225810000,6,25,0,0,1,72057594037963262,2,-0.226,-0.098,2.405,2,-0.226,0.217,2.373,2,-0.223,0.522,2.328,2,-0.228,0.661,2.311,2,-0.417,0.450,2.313,2,-0.673,0.462,2.313,2,-0.889,0.551,2.286,2,-0.966,0.581,2.280,2,-0.035,0.445,2.375,2,0.202,0.516,2.332,2,0.338,0.590,2.211,2,0.396,0.621,2.116,2,-0.305,-0.096,2.351,2,-0.356,-0.554,2.283,2,-0.387,-0.967,2.164,2,-0.365,-0.936,2.074,2,-0.139,-0.098,2.384,2,-0.177,-0.536,2.475,2,-0.235,-0.898,2.508,2,-0.177,-0.926,2.394,2,-0.224,0.447,2.342,2,-1.021,0.608,2.247,2,-0.962,0.622,2.274,2,0.436,0.608,2.030,2,0.374,0.625,2.057,0,0,0
1.199|kb,88050958637680000,6,25,0,0,1,72057594037963262,2,-0.224,-0.096,2.405,2,-0.222,0.218,2.373,2,-0.218,0.523,2.329,2,-0.224,0.662,2.313,2,-0.413,0.453,2.319,2,-0.653,0.462,2.353,2,-0.851,0.505,2.339,2,-0.945,0.536,2.347,2,-0.033,0.448,2.374,2,0.194,0.565,2.315,2,0.357,0.691,2.173,2,0.383,0.727,2.115,2,-0.303,-0.093,2.351,2,-0.354,-0.551,2.284,2,-0.386,-0.963,2.169,2,-0.368,-0.932,2.077,2,-0.137,-0.097,2.384,2,-0.177,-0.536,2.475,2,-0.233,-0.902,2.508,2,-0.177,-0.926,2.394,2,-0.219,0.448,2.342,2,-1.017,0.561,2.350,2,-0.935,0.570,2.330,2,0.431,0.731,2.047,2,0.349,0.734,2.057,0,0,0
1.223|kb,88050961935750000,6,25,0,0,1,72057594037963262,2,-0.218,-0.089,2.402,2,-0.216,0.222,2.373,2,-0.210,0.524,2.330,2,-0.220,0.662,2.313,2,-0.409,0.455,2.324,2,-0.644,0.455,2.365,2,-0.861,0.482,2.386,2,-0.957,0.507,2.405,2,-0.008,0.491,2.358,2,0.191,0.594,2.304,2,0.301,0.745,2.195,2,0.358,0.834,2.112,2,-0.299,-0.087,2.351,2,-0.353,-0.546,2.284,2,-0.385,-0.960,2.173,2,-0.369,-0.929,2.080,2,-0.131,-0.087,2.379,2,-0.176,-0.525,2.472,2,-0.233,-0.902,2.507,2,-0.176,-0.919,2.406,2,-0.212,0.450,2.343,2,-1.030,0.538,2.415,2,-0.922,0.535,2.382,2,0.401,0.854,2.050,2,0.310,0.848,2.072,0,0,0
1.266|kb,88050965233480000,6,25,0,0,1,72057594037963262,2,-0.217,-0.087,2.401,2,-0.213,0.224,2.371,2,-0.207,0.525,2.329,2,-0.215,0.663,2.314,2,-0.403,0.456,2.328,2,-0.634,0.439,2.389,2,-0.848,0.459,2.411,2,-0.945,0.471,2.448,2,-0.008,0.492,2.357,2,0.184,0.648,2.279,2,0.293,0.848,2.170,2,0.314,0.922,2.129,2,-0.297,-0.084,2.350,2,-0.352,-0.543,2.285,2,-0.385,-0.959,2.174,2,-0.370,-0.928,2.080,2,-0.129,-0.087,2.376,2,-0.175,-0.525,2.471,2,-0.233,-0.902,2.507,2,-0.175,-0.919,2.405,2,-0.208,0.451,2.342,2,-1.015,0.489,2.470,2,-0.907,0.499,2.423,2,0.342,0.965,2.071,2,0.261,0.946,2.108,0,0,0
1.288|kb,88050968639280000,6,25,0,0,1,72057594037963262,2,-0.215,-0.083,2.397,2,-0.210,0.226,2.369,2,-0.204,0.526,2.327,2,-0.212,0.664,2.312,2,-0.400,0.458,2.332,2,-0.622,0.418,2.413,2,-0.834,0.420,2.452,2,-0.933,0.433,2.488,2,-0.009,0.494,2.356,2,0.165,0.660,2.274,2,0.238,0.872,2.180,2,0.254,0.962,2.152,2,-0.295,-0.082,2.350,2,-0.351,-0.540,2.285,2,-0.383,-0.959,2.177,2,-0.369,-0.929,2.082,2,-0.127,-0.081,2.369,2,-0.174,-0.518,2.469,2,-0.233,-0.902,2.507,2,-0.174,-0.922,2.400,2,-0.206,0.452,2.340,2,-1.002,0.442,2.506,2,-0.905,0.465,2.468,2,0.273,1.019,2.129,2,0.222,0.998,2.154,0,0,0
1.332|kb,88050971931960000,6,25,0,0,1,72057594037963262,2,-0.213,-0.080,2.392,2,-0.208,0.228,2.364,2,-0.201,0.526,2.323,2,-0.210,0.665,2.310,2,-0.397,0.458,2.335,2,-0.616,0.403,2.423,2,-0.796,0.383,2.464,2,-0.898,0.392,2.504,2,-0.011,0.500,2.348,2,0.138,0.677,2.264,2,0.187,0.911,2.176,2,0.199,1.000,2.161,2,-0.294,-0.079,2.346,2,-0.350,-0.538,2.285,2,-0.382,-0.960,2.180,2,-0.368,-0.931,2.084,2,-0.125,-0.078,2.363,2,-0.173,-0.513,2.465,2,-0.234,-0.902,2.507,2,-0.174,-0.922,2.400,2,-0.203,0.453,2.336,2,-0.962,0.384,2.538,2,-0.895,0.422,2.495,2,0.207,1.065,2.151,2,0.153,1.022,2.190,0,0,0
1.356|kb,88050975225630000,6,25,0,0,1,72057594037963262,2,-0.212,-0.079,2.388,2,-0.206,0.229,2.361,2,-0.199,0.527,2.320,2,-0.209,0.665,2.308,2,-0.394,0.458,2.339,2,-0.597,0.381,2.437,2,-0.780,0.360,2.471,1,-0.777,0.350,2.483,2,-0.014,0.504,2.341,2,0.125,0.687,2.256,2,0.135,0.936,2.185,2,0.137,1.027,2.182,2,-0.293,-0.078,2.343,2,-0.350,-0.537,2.285,2,-0.380,-0.961,2.186,2,-0.365,-0.936,2.091,2,-0.125,-0.076,2.359,2,-0.172,-0.511,2.463,2,-0.233,-0.898,2.508,2,-0.175,-0.921,2.401,2,-0.201,0.454,2.332,2,-0.789,0.333,2.503,2,-0.769,0.361,2.448,2,0.128,1.103,2.188,2,0.098,1.031,2.198,0,0,0
1.398|kb,88050978634670000,6,25,0,0,1,72057594037963262,2,-0.211,-0.077,2.381,2,-0.204,0.230,2.353,2,-0.196,0.526,2.311,2,-0.208,0.666,2.305,2,-0.393,0.457,2.340,2,-0.584,0.366,2.442,2,-0.752,0.313,2.501,2,-0.754,0.326,2.492,2,-0.020,0.509,2.329,2,0.087,0.712,2.228,2,0.086,0.903,2.175,2,0.070,0.987,2.173,2,-0.292,-0.077,2.338,2,-0.349,-0.536,2.285,2,-0.378,-0.962,2.189,2,-0.364,-0.937,2.093,2,-0.124,-0.075,2.350,2,-0.172,-0.508,2.458,2,-0.232,-0.897,2.508,2,-0.174,-0.922,2.401,2,-0.198,0.454,2.323,2,-0.787,0.317,2.499,2,-0.772,0.339,2.464,2,0.073,1.063,2.168,2,0.044,0.994,2.150,0,0,0
1.421|kb,88050981931930000,6,25,0,0,1,72057594037963262,2,-0.211,-0.076,2.375,2,-0.205,0.230,2.351,2,-0.197,0.526,2.311,2,-0.207,0.667,2.301,2,-0.395,0.456,2.339,2,-0.581,0.337,2.457,2,-0.752,0.290,2.513,2,-0.843,0.265,2.567,2,-0.029,0.514,2.315,2,0.075,0.722,2.214,2,0.008,0.952,2.169,2,-0.014,1.039,2.178,2,-0.291,-0.076,2.335,2,-0.349,-0.535,2.284,2,-0.378,-0.963,2.191,2,-0.362,-0.942,2.097,2,-0.125,-0.073,2.341,2,-0.171,-0.505,2.454,2,-0.232,-0.901,2.506,1,-0.164,-0.931,2.392,2,-0.199,0.454,2.323,2,-0.913,0.245,2.604,2,-0.893,0.275,2.592,2,-0.032,1.113,2.190,2,-0.037,1.039,2.189,0,0,0
1.465|kb,88050985226160000,6,25,0,0,1,72057594037963262,2,-0.211,-0.072,2.365,2,-0.206,0.231,2.347,2,-0.198,0.526,2.311,2,-0.208,0.668,2.292,2,-0.396,0.455,2.337,2,-0.565,0.323,2.457,2,-0.745,0.249,2.533,2,-0.836,0.224,2.589,2,-0.033,0.515,2.309,2,0.050,0.722,2.192,2,-0.056,0.956,2.163,2,-0.093,1.035,2.172,2,-0.291,-0.073,2.325,2,-0.348,-0.532,2.283,2,-0.377,-0.963,2.192,2,-0.358,-0.945,2.100,2,-0.126,-0.069,2.330,2,-0.170,-0.500,2.447,2,-0.231,-0.901,2.506,1,-0.165,-0.930,2.393,2,-0.200,0.454,2.323,2,-0.898,0.199,2.626,2,-0.812,0.267,2.550,2,-0.133,1.113,2.199,2,-0.120,1.016,2.220,0,0,0
1.488|kb,88050988634480000,6,25,0,0,1,72057594037963262,2,-0.212,-0.067,2.349,2,-0.206,0.232,2.319,2,-0.199,0.519,2.276,2,-0.210,0.664,2.285,2,-0.395,0.451,2.336,2,-0.555,0.307,2.456,2,-0.703,0.218,2.524,2,-0.785,0.193,2.573,2,-0.045,0.507,2.282,2,0.010,0.728,2.158,2,-0.115,0.941,2.145,2,-0.167,1.005,2.161,2,-0.292,-0.069,2.312,2,-0.346,-0.528,2.278,2,-0.375,-0.965,2.191,2,-0.359,-0.947,2.097,2,-0.125,-0.062,2.311,2,-0.170,-0.489,2.437,2,-0.229,-0.896,2.506,2,-0.166,-0.929,2.393,2,-0.201,0.449,2.289,2,-0.847,0.154,2.627,2,-0.796,0.225,2.561,2,-0.216,1.067,2.177,2,-0.200,1.014,2.197,0,0,0
1.532|kb,88050991928310000,6,25,0,0,1,72057594037963262,2,-0.214,-0.061,2.338,2,-0.207,0.234,2.314,2,-0.199,0.520,2.275,2,-0.214,0.667,2.279,2,-0.397,0.450,2.333,2,-0.542,0.285,2.457,2,-0.690,0.197,2.527,2,-0.767,0.147,2.585,2,-0.045,0.507,2.282,2,-0.012,0.723,2.138,2,-0.177,0.908,2.126,2,-0.240,0.966,2.151,2,-0.295,-0.062,2.301,2,-0.346,-0.522,2.274,2,-0.373,-0.966,2.192,2,-0.358,-0.949,2.097,2,-0.126,-0.058,2.300,2,-0.170,-0.484,2.430,2,-0.229,-0.895,2.505,2,-0.166,-0.929,2.391,2,-0.201,0.450,2.288,2,-0.823,0.104,2.628,2,-0.788,0.176,2.575,2,-0.299,1.029,2.180,2,-0.260,0.918,2.177,0,0,0
1.557|kb,88050995224930000,6,25,0,0,1,72057594037963262,2,-0.214,-0.062,2.333,2,-0.208,0.233,2.311,2,-0.201,0.518,2.273,2,-0.223,0.670,2.271,2,-0.398,0.447,2.327,2,-0.531,0.274,2.454,2,-0.662,0.158,2.519,2,-0.728,0.118,2.568,2,-0.044,0.506,2.278,2,-0.046,0.707,2.099,2,-0.231,0.869,2.098,2,-0.301,0.915,2.130,2,-0.295,-0.062,2.298,2,-0.346,-0.522,2.271,2,-0.372,-0.966,2.192,2,-0.359,-0.951,2.096,2,-0.126,-0.059,2.294,2,-0.172,-0.485,2.422,2,-0.228,-0.894,2.505,2,-0.168,-0.928,2.392,2,-0.203,0.448,2.285,2,-0.789,0.065,2.629,2,-0.733,0.150,2.533,2,-0.368,0.968,2.165,2,-0.320,0.866,2.157,0,0,0
1.598|kb,88050998644720000,6,25,0,0,1,72057594037963262,2,-0.220,-0.063,2.322,2,-0.236,0.222,2.296,2,-0.257,0.492,2.260,2,-0.234,0.669,2.261,2,-0.393,0.435,2.315,2,-0.517,0.260,2.445,2,-0.646,0.143,2.513,2,-0.701,0.092,2.555,2,-0.039,0.496,2.246,2,-0.069,0.669,2.066,2,-0.263,0.814,2.048,2,-0.317,0.845,2.070,2,-0.299,-0.061,2.291,2,-0.348,-0.521,2.266,2,-0.372,-0.965,2.193,2,-0.360,-0.952,2.094,2,-0.134,-0.063,2.279,2,-0.174,-0.486,2.416,2,-0.228,-0.894,2.503,2,-0.166,-0.930,2.383,2,-0.253,0.425,2.270,2,-0.755,0.051,2.622,2,-0.704,0.125,2.522,2,-0.384,0.908,2.086,2,-0.352,0.805,2.106,0,0,0
1.621|kb,88051001935300000,6,25,0,0,1,72057594037963262,2,-0.229,-0.073,2.313,2,-0.224,0.238,2.285,2,-0.200,0.563,2.242,2,-0.258,0.678,2.233,2,-0.392,0.433,2.311,2,-0.515,0.253,2.440,2,-0.636,0.126,2.506,2,-0.685,0.067,2.549,2,-0.048,0.480,2.235,2,-0.103,0.631,2.033,2,-0.284,0.749,1.992,2,-0.367,0.792,2.030,2,-0.309,-0.071,2.279,2,-0.352,-0.531,2.261,2,-0.372,-0.965,2.194,2,-0.357,-0.954,2.098,2,-0.141,-0.073,2.271,2,-0.177,-0.494,2.413,2,-0.227,-0.892,2.504,2,-0.169,-0.929,2.387,2,-0.205,0.485,2.254,2,-0.724,-0.002,2.612,2,-0.702,0.094,2.524,2,-0.435,0.840,2.043,2,-0.378,0.744,2.062,0,0,0
1.665|kb,88051005230810000,6,25,0,0,1,72057594037963262,2,-0.238,-0.101,2.305,2,-0.227,0.224,2.278,2,-0.215,0.532,2.231,2,-0.279,0.636,2.211,2,-0.396,0.403,2.285,2,-0.519,0.242,2.433,2,-0.632,0.109,2.501,2,-0.681,0.049,2.537,2,-0.066,0.452,2.220,2,-0.116,0.570,2.001,2,-0.346,0.689,1.969,2,-0.424,0.729,1.983,2,-0.318,-0.095,2.276,2,-0.356,-0.555,2.256,2,-0.371,-0.964,2.195,2,-0.358,-0.955,2.097,2,-0.151,-0.105,2.261,2,-0.180,-0.519,2.416,2,-0.227,-0.891,2.503,2,-0.173,-0.929,2.387,2,-0.218,0.457,2.244,2,-0.720,-0.019,2.605,2,-0.695,0.078,2.511,2,-0.481,0.759,1.976,2,-0.423,0.682,2.011,0,0,0
1.688|kb,88051008632930000,6,25,0,0,1,72057594037963262,2,-0.240,-0.105,2.301,2,-0.229,0.221,2.276,2,-0.215,0.531,2.231,2,-0.267,0.654,2.231,2,-0.397,0.407,2.285,2,-0.522,0.239,2.425,2,-0.634,0.106,2.495,2,-0.689,0.047,2.533,2,-0.067,0.450,2.218,2,-0.148,0.516,1.963,2,-0.330,0.588,1.902,2,-0.416,0.629,1.901,2,-0.320,-0.099,2.272,2,-0.357,-0.560,2.252,2,-0.370,-0.963,2.196,2,-0.358,-0.955,2.096,2,-0.153,-0.108,2.255,2,-0.181,-0.522,2.412,2,-0.226,-0.892,2.499,2,-0.173,-0.927,2.388,2,-0.218,0.456,2.244,2,-0.734,-0.015,2.605,2,-0.701,0.086,2.516,2,-0.485,0.668,1.901,2,-0.426,0.601,1.930,0,0,0
1.732|kb,88051011930490000,6,25,0,0,1,72057594037963262,2,-0.245,-0.115,2.293,2,-0.247,0.195,2.265,2,-0.252,0.492,2.226,2,-0.272,0.672,2.223,2,-0.402,0.408,2.285,2,-0.533,0.238,2.418,2,-0.646,0.107,2.489,2,-0.709,0.056,2.523,2,-0.077,0.434,2.203,2,-0.160,0.453,1.940,2,-0.390,0.503,1.850,2,-0.450,0.530,1.836,2,-0.325,-0.110,2.264,2,-0.359,-0.571,2.243,2,-0.369,-0.962,2.197,2,-0.357,-0.956,2.097,2,-0.156,-0.116,2.248,2,-0.182,-0.529,2.407,2,-0.225,-0.890,2.498,2,-0.172,-0.920,2.397,2,-0.252,0.418,2.238,2,-0.749,-0.014,2.594,2,-0.725,0.093,2.508,2,-0.519,0.566,1.810,2,-0.481,0.546,1.887,0,0,0
1.768|kb,88051015232790000,6,25,0,0,1,72057594037963262,2,-0.245,-0.144,2.284,2,-0.242,0.199,2.256,2,-0.228,0.548,2.197,2,-0.283,0.676,2.210,2,-0.420,0.354,2.244,2,-0.548,0.238,2.412,2,-0.685,0.128,2.477,2,-0.741,0.082,2.516,2,-0.084,0.443,2.163,2,-0.183,0.384,1.911,2,-0.357,0.385,1.815,2,-0.426,0.403,1.790,2,-0.327,-0.147,2.246,2,-0.363,-0.594,2.240,2,-0.368,-0.960,2.198,2,-0.356,-0.956,2.099,2,-0.156,-0.138,2.245,2,-0.182,-0.544,2.409,2,-0.225,-0.888,2.498,2,-0.172,-0.920,2.396,2,-0.230,0.463,2.212,2,-0.789,0.016,2.581,2,-0.754,0.116,2.510,2,-0.492,0.423,1.778,2,-0.426,0.392,1.800,0,0,0
1.799|kb,88051018632820000,6,25,0,0,1,72057594037963262,2,-0.264,-0.096,2.274,2,-0.251,0.211,2.252,2,-0.243,0.535,2.205,2,-0.287,0.663,2.206,2,-0.425,0.452,2.254,2,-0.546,0.271,2.385,2,-0.695,0.179,2.449,2,-0.760,0.133,2.488,2,-0.092,0.446,2.153,2,-0.133,0.338,1.965,2,-0.301,0.283,1.837,2,-0.384,0.273,1.795,2,-0.337,-0.088,2.257,2,-0.360,-0.550,2.234,2,-0.368,-0.959,2.199,2,-0.355,-0.957,2.099,2,-0.183,-0.101,2.218,2,-0.178,-0.513,2.381,2,-0.220,-0.880,2.497,2,-0.171,-0.919,2.397,2,-0.242,0.458,2.216,2,-0.810,0.069,2.545,2,-0.795,0.144,2.494,2,-0.438,0.272,1.742,2,-0.403,0.266,1.789,0,0,0
1.823|kb,88051021928200000,6,25,0,0,1,72057594037963262,2,-0.265,-0.096,2.270,2,-0.257,0.216,2.241,2,-0.251,0.531,2.197,2,-0.303,0.660,2.189,2,-0.438,0.445,2.255,2,-0.596,0.293,2.381,2,-0.748,0.204,2.443,2,-0.799,0.179,2.473,2,-0.110,0.444,2.129,2,-0.154,0.277,1.955,2,-0.346,0.150,1.816,2,-0.407,0.114,1.775,2,-0.338,-0.093,2.246,2,-0.362,-0.555,2.223,2,-0.368,-0.957,2.201,2,-0.355,-0.957,2.099,2,-0.183,-0.098,2.216,2,-0.174,-0.514,2.372,2,-0.218,-0.877,2.495,2,-0.166,-0.916,2.399,2,-0.251,0.455,2.210,2,-0.852,0.113,2.519,2,-0.818,0.201,2.470,2,-0.450,0.072,1.743,2,-0.408,0.084,1.768,0,0,0
1.865|kb,88051025226520000,6,25,0,0,1,72057594037963262,2,-0.256,-0.097,2.257,2,-0.261,0.216,2.231,2,-0.269,0.524,2.185,2,-0.314,0.655,2.173,2,-0.454,0.440,2.247,2,-0.618,0.303,2.376,2,-0.794,0.258,2.423,2,-0.867,0.230,2.468,2,-0.119,0.439,2.116,2,-0.146,0.241,1.977,2,-0.286,0.046,1.856,2,-0.336,-0.025,1.823,2,-0.327,-0.096,2.235,2,-0.362,-0.556,2.220,2,-0.367,-0.959,2.200,2,-0.360,-0.957,2.093,2,-0.177,-0.096,2.204,2,-0.171,-0.513,2.358,2,-0.215,-0.873,2.492,2,-0.166,-0.916,2.399,2,-0.266,0.450,2.199,2,-0.929,0.192,2.524,2,-0.860,0.265,2.452,2,-0.363,-0.082,1.811,2,-0.324,-0.059,1.788,0,0,0
1.900|kb,88051028633990000,6,25,0,0,1,72057594037963262,2,-0.264,-0.095,2.255,2,-0.272,0.218,2.222,2,-0.278,0.522,2.174,2,-0.328,0.652,2.155,2,-0.473,0.441,2.244,2,-0.638,0.324,2.362,1,-0.821,0.367,2.381,1,-0.883,0.381,2.391,2,-0.127,0.432,2.105,2,-0.142,0.217,2.001,2,-0.206,-0.002,1.911,2,-0.234,-0.098,1.893,2,-0.338,-0.096,2.235,2,-0.369,-0.557,2.207,2,-0.367,-0.956,2.200,2,-0.360,-0.956,2.091,2,-0.183,-0.093,2.201,2,-0.162,-0.501,2.333,2,-0.211,-0.861,2.485,1,-0.159,-0.908,2.402,2,-0.276,0.447,2.188,1,-0.946,0.343,2.447,1,-0.876,0.415,2.375,2,-0.243,-0.158,1.884,2,-0.208,-0.149,1.904,0,0,0
1.925|kb,88051031926460000,6,25,0,0,1,72057594037963262,2,-0.310,-0.105,2.223,2,-0.300,0.212,2.200,2,-0.289,0.519,2.164,2,-0.339,0.649,2.142,2,-0.491,0.443,2.241,2,-0.680,0.361,2.345,2,-0.861,0.387,2.386,2,-0.953,0.394,2.411,2,-0.135,0.426,2.098,2,-0.117,0.188,2.038,2,-0.139,-0.036,1.974,2,-0.140,-0.138,1.961,2,-0.386,-0.097,2.203,2,-0.372,-0.558,2.202,2,-0.367,-0.954,2.202,2,-0.361,-0.956,2.090,2,-0.224,-0.109,2.169,2,-0.161,-0.503,2.327,2,-0.208,-0.861,2.484,2,-0.151,-0.906,2.409,2,-0.291,0.444,2.176,2,-1.038,0.386,2.452,2,-0.933,0.432,2.411,2,-0.128,-0.199,1.963,2,-0.111,-0.161,1.940,0,0,0
1.965|kb,88051035225940000,6,25,0,0,1,72057594037963262,2,-0.309,-0.105,2.222,2,-0.302,0.211,2.196,2,-0.303,0.516,2.150,2,-0.352,0.647,2.124,2,-0.504,0.445,2.232,2,-0.709,0.397,2.325,2,-0.889,0.452,2.339,2,-0.974,0.486,2.361,2,-0.142,0.421,2.094,2,-0.095,0.168,2.058,2,-0.079,-0.064,2.034,2,-0.063,-0.154,2.032,2,-0.384,-0.099,2.201,2,-0.374,-0.553,2.199,2,-0.365,-0.950,2.204,2,-0.362,-0.956,2.091,2,-0.223,-0.109,2.169,2,-0.158,-0.500,2.304,2,-0.202,-0.860,2.480,2,-0.146,-0.905,2.412,2,-0.303,0.442,2.165,2,-1.055,0.511,2.391,2,-0.944,0.514,2.358,2,-0.041,-0.229,2.048,2,-0.038,-0.151,1.994,0,0,0
1.988|kb,88051038641060000,6,25,0,0,1,72057594037963262,2,-0.308,-0.105,2.222,2,-0.306,0.211,2.192,2,-0.314,0.514,2.141,2,-0.361,0.644,2.110,2,-0.520,0.445,2.218,2,-0.735,0.418,2.305,2,-0.911,0.526,2.291,2,-0.986,0.579,2.299,2,-0.146,0.417,2.093,2,-0.059,0.169,2.107,2,-0.025,-0.058,2.085,2,-0.004,-0.141,2.095,2,-0.382,-0.101,2.201,2,-0.376,-0.551,2.197,2,-0.364,-0.949,2.206,2,-0.363,-0.956,2.090,2,-0.222,-0.107,2.170,2,-0.153,-0.492,2.274,2,-0.197,-0.858,2.475,2,-0.144,-0.902,2.409,2,-0.312,0.440,2.156,2,-1.055,0.628,2.307,2,-0.939,0.606,2.305,2,0.029,-0.208,2.111,2,0.024,-0.140,2.054,0,0,0
2.032|kb,88051041928360000,6,25,0,0,1,72057594037963262,2,-0.308,-0.105,2.221,2,-0.313,0.210,2.185,2,-0.324,0.513,2.133,2,-0.368,0.642,2.101,2,-0.532,0.446,2.204,2,-0.758,0.446,2.273,2,-0.914,0.597,2.231,2,-0.957,0.648,2.223,2,-0.150,0.415,2.094,2,-0.037,0.177,2.130,2,0.030,-0.057,2.133,2,0.051,-0.129,2.156,2,-0.383,-0.102,2.195,2,-0.381,-0.548,2.195,2,-0.363,-0.948,2.208,2,-0.365,-0.955,2.091,2,-0.222,-0.106,2.170,2,-0.149,-0.485,2.248,2,-0.184,-0.859,2.466,2,-0.139,-0.898,2.406,2,-0.321,0.438,2.148,2,-0.997,0.713,2.203,2,-0.909,0.678,2.224,2,0.080,-0.189,2.182,2,0.082,-0.125,2.129,0,0,0
2.057|kb,88051045231300000,6,25,0,0,1,72057594037963262,2,-0.311,-0.104,2.216,2,-0.321,0.209,2.177,2,-0.331,0.511,2.125,2,-0.374,0.639,2.091,2,-0.541,0.447,2.188,2,-0.766,0.456,2.247,2,-0.875,0.627,2.166,2,-0.912,0.687,2.143,2,-0.154,0.414,2.096,2,-0.012,0.204,2.165,2,0.078,-0.042,2.184,2,0.092,-0.109,2.214,2,-0.388,-0.104,2.187,2,-0.383,-0.548,2.195,2,-0.363,-0.948,2.209,2,-0.365,-0.955,2.091,2,-0.224,-0.103,2.168,2,-0.145,-0.472,2.213,2,-0.175,-0.860,2.456,2,-0.112,-0.893,2.397,2,-0.329,0.437,2.141,2,-0.927,0.734,2.084,2,-0.861,0.715,2.131,2,0.106,-0.167,2.251,2,0.131,-0.117,2.215,0,0,0
2.099|kb,88051048635690000,6,25,0,0,1,72057594037963262,2,-0.315,-0.103,2.213,2,-0.327,0.209,2.174,2,-0.337,0.509,2.122,2,-0.377,0.639,2.088,2,-0.547,0.447,2.176,2,-0.765,0.461,2.219,2,-0.845,0.639,2.109,2,-0.866,0.694,2.079,2,-0.159,0.415,2.104,2,-0.005,0.220,2.186,2,0.104,-0.001,2.233,2,0.120,-0.080,2.253,2,-0.393,-0.105,2.180,2,-0.387,-0.548,2.197,2,-0.363,-0.948,2.210,2,-0.366,-0.954,2.092,2,-0.227,-0.100,2.168,2,-0.144,-0.461,2.198,2,-0.163,-0.867,2.450,2,-0.108,-0.891,2.396,2,-0.335,0.436,2.137,2,-0.862,0.738,2.015,2,-0.811,0.710,2.060,2,0.120,-0.145,2.280,2,0.129,-0.077,2.215,0,0,0
2.123|kb,88051051931840000,6,25,0,0,1,72057594037963262,2,-0.320,-0.102,2.208,2,-0.332,0.209,2.169,2,-0.343,0.508,2.117,2,-0.379,0.639,2.084,2,-0.551,0.446,2.159,2,-0.764,0.453,2.179,2,-0.808,0.622,2.053,2,-0.817,0.676,2.014,2,-0.162,0.418,2.110,2,0.000,0.238,2.208,2,0.131,0.025,2.253,2,0.151,-0.053,2.272,2,-0.399,-0.105,2.173,2,-0.389,-0.548,2.197,2,-0.363,-0.948,2.210,2,-0.367,-0.953,2.093,2,-0.232,-0.097,2.166,2,-0.144,-0.461,2.183,2,-0.153,-0.865,2.429,2,-0.092,-0.882,2.348,2,-0.340,0.435,2.132,2,-0.791,0.720,1.941,2,-0.765,0.679,2.000,2,0.154,-0.116,2.289,2,0.180,-0.036,2.280,0,0,0
2.165|kb,88051055232990000,6,25,0,0,1,72057594037963262,2,-0.323,-0.102,2.204,2,-0.336,0.209,2.166,2,-0.347,0.508,2.115,2,-0.380,0.639,2.081,2,-0.553,0.445,2.148,2,-0.764,0.440,2.145,2,-0.775,0.593,2.004,2,-0.768,0.647,1.953,2,-0.165,0.422,2.120,2,0.002,0.250,2.222,2,0.125,0.084,2.270,2,0.173,0.002,2.285,2,-0.402,-0.106,2.166,2,-0.392,-0.548,2.198,2,-0.363,-0.948,2.210,2,-0.368,-0.951,2.094,2,-0.234,-0.096,2.165,2,-0.145,-0.463,2.174,2,-0.145,-0.879,2.391,2,-0.081,-0.900,2.312,2,-0.344,0.435,2.130,2,-0.729,0.683,1.869,2,-0.714,0.650,1.935,2,0.206,-0.068,2.306,2,0.189,0.021,2.284,0,0,0
2.188|kb,88051058641100000,6,25,0,0,1,72057594037963262,2,-0.327,-0.101,2.199,2,-0.339,0.209,2.163,2,-0.349,0.508,2.113,2,-0.380,0.639,2.078,2,-0.555,0.442,2.130,2,-0.759,0.426,2.096,2,-0.739,0.558,1.944,2,-0.722,0.602,1.885,2,-0.166,0.427,2.127,2,0.000,0.262,2.240,2,0.123,0.100,2.280,2,0.189,0.022,2.301,2,-0.406,-0.105,2.158,2,-0.394,-0.549,2.197,2,-0.362,-0.948,2.210,2,-0.368,-0.951,2.094,2,-0.237,-0.095,2.164,2,-0.147,-0.467,2.167,2,-0.135,-0.884,2.341,2,-0.072,-0.915,2.248,2,-0.347,0.434,2.127,2,-0.686,0.624,1.806,2,-0.670,0.601,1.871,2,0.229,-0.044,2.319,2,0.204,0.039,2.296,0,0,0
2.233|kb,88051061928520000,6,25,0,0,1,72057594037963262,2,-0.328,-0.101,2.197,2,-0.341,0.209,2.161,2,-0.352,0.508,2.112,2,-0.380,0.639,2.076,2,-0.553,0.437,2.118,2,-0.752,0.411,2.072,2,-0.703,0.512,1.895,2,-0.673,0.544,1.824,2,-0.168,0.432,2.142,2,-0.004,0.267,2.258,2,0.121,0.115,2.295,2,0.193,0.041,2.317,2,-0.408,-0.105,2.154,2,-0.396,-0.549,2.197,2,-0.362,-0.949,2.211,2,-0.368,-0.951,2.094,2,-0.238,-0.095,2.163,2,-0.154,-0.526,2.178,2,-0.120,-0.903,2.301,2,-0.065,-0.926,2.199,2,-0.349,0.434,2.126,2,-0.613,0.555,1.753,2,-0.638,0.533,1.831,2,0.244,-0.027,2.323,2,0.230,0.033,2.308,0,0,0
2.258|kb,88051065232540000,6,25,0,0,1,72057594037963262,2,-0.330,-0.102,2.195,2,-0.343,0.208,2.160,2,-0.354,0.507,2.111,2,-0.380,0.640,2.075,2,-0.550,0.434,2.103,2,-0.732,0.376,2.040,2,-0.669,0.450,1.856,2,-0.627,0.475,1.780,2,-0.170,0.434,2.147,2,-0.012,0.268,2.269,2,0.119,0.117,2.302,2,0.192,0.045,2.328,2,-0.409,-0.106,2.148,2,-0.398,-0.549,2.197,2,-0.362,-0.948,2.211,2,-0.368,-0.951,2.094,2,-0.239,-0.095,2.164,2,-0.155,-0.528,2.177,2,-0.114,-0.920,2.253,2,-0.067,-0.928,2.172,2,-0.351,0.434,2.125,2,-0.594,0.485,1.734,2,-0.586,0.453,1.761,2,0.241,-0.021,2.332,2,0.209,-0.005,2.350,0,0,0
