0.000|kb,87941381866370000,6,25,0,0,0,1,72057594037961127,2,0.080,0.008,2.076,2,0.081,0.338,2.067,2,0.081,0.654,2.044,2,0.066,0.796,2.020,2,-0.090,0.543,2.049,2,-0.157,0.317,2.039,2,-0.055,0.314,1.796,2,-0.031,0.329,1.752,2,0.250,0.547,2.034,2,0.311,0.292,2.025,2,0.101,0.332,1.803,2,0.008,0.341,1.747,2,-0.003,0.008,2.040,2,-0.001,-0.482,2.114,2,-0.033,-0.881,2.151,2,-0.041,-0.895,2.041,2,0.159,0.007,2.035,2,0.160,-0.464,2.139,2,0.155,-0.896,2.147,2,0.170,-0.897,2.049,2,0.081,0.577,2.052,2,-0.004,0.348,1.725,2,-0.053,0.298,1.733,2,-0.033,0.352,1.723,2,-0.030,0.297,1.733,0,0
0.035|kb,87941385165130000,6,25,0,0,0,1,72057594037961127,2,0.077,0.010,2.076,2,0.079,0.339,2.067,2,0.080,0.654,2.044,2,0.065,0.796,2.019,2,-0.091,0.543,2.050,2,-0.156,0.314,2.032,2,-0.070,0.306,1.802,2,-0.032,0.334,1.751,2,0.247,0.547,2.035,2,0.310,0.291,2.024,2,0.101,0.334,1.802,2,0.009,0.346,1.747,2,-0.004,0.011,2.042,2,-0.002,-0.487,2.115,2,-0.034,-0.881,2.151,2,-0.041,-0.895,2.042,2,0.156,0.010,2.034,2,0.160,-0.464,2.139,2,0.155,-0.896,2.147,2,0.170,-0.897,2.049,2,0.080,0.577,2.052,2,-0.005,0.354,1.724,2,-0.053,0.298,1.733,2,-0.027,0.342,1.727,2,-0.034,0.298,1.729,0,0
0.070|kb,87941388572380000,6,25,0,0,0,1,72057594037961127,2,0.076,0.012,2.076,2,0.078,0.339,2.066,2,0.079,0.654,2.043,2,0.063,0.795,2.018,2,-0.092,0.543,2.050,2,-0.157,0.311,2.025,2,-0.002,0.334,1.765,2,0.057,0.355,1.741,2,0.245,0.547,2.034,2,0.310,0.291,2.023,2,0.106,0.338,1.798,2,0.011,0.350,1.744,2,-0.006,0.012,2.042,2,-0.002,-0.487,2.115,2,-0.034,-0.881,2.151,2,-0.041,-0.895,2.042,2,0.154,0.012,2.032,2,0.160,-0.464,2.138,2,0.155,-0.896,2.147,2,0.170,-0.897,2.049,2,0.079,0.577,2.051,2,0.117,0.369,1.705,2,0.112,0.318,1.732,2,-0.025,0.348,1.725,2,-0.025,0.308,1.730,0,0
0.100|kb,87941391865190000,6,25,0,0,0,1,72057594037961127,2,0.074,0.013,2.076,2,0.077,0.340,2.066,2,0.078,0.654,2.043,2,0.062,0.795,2.017,2,-0.093,0.542,2.050,2,-0.158,0.308,2.021,2,0.034,0.350,1.783,2,0.113,0.356,1.742,2,0.244,0.547,2.034,2,0.309,0.290,2.023,2,0.107,0.339,1.797,2,-0.001,0.355,1.743,2,-0.006,0.013,2.042,2,-0.004,-0.490,2.116,2,-0.033,-0.881,2.151,2,-0.041,-0.895,2.041,2,0.152,0.012,2.032,2,0.159,-0.464,2.138,2,0.155,-0.896,2.147,2,0.170,-0.897,2.049,2,0.078,0.577,2.051,2,0.144,0.372,1.725,2,0.178,0.318,1.762,2,-0.049,0.363,1.729,2,-0.065,0.293,1.757,0,0
0.124|kb,87941395164460000,6,25,0,0,0,1,72057594037961127,2,0.073,0.014,2.076,2,0.076,0.340,2.066,2,0.078,0.654,2.043,2,0.061,0.794,2.017,2,-0.094,0.542,2.051,2,-0.159,0.306,2.016,2,-0.008,0.332,1.777,2,0.103,0.359,1.740,2,0.243,0.547,2.034,2,0.309,0.290,2.023,2,0.107,0.340,1.796,2,-0.002,0.358,1.742,2,-0.007,0.014,2.043,2,-0.003,-0.489,2.115,2,-0.034,-0.881,2.151,2,-0.042,-0.895,2.041,2,0.151,0.013,2.032,2,0.157,-0.483,2.141,2,0.156,-0.896,2.147,2,0.170,-0.897,2.049,2,0.077,0.577,2.051,2,0.138,0.373,1.717,2,0.169,0.315,1.756,2,-0.048,0.366,1.729,2,-0.067,0.295,1.758,0,0
0.168|kb,87941398572010000,6,25,0,0,0,1,72057594037961127,2,0.072,0.015,2.076,2,0.075,0.340,2.066,2,0.076,0.653,2.043,2,0.060,0.793,2.017,2,-0.095,0.542,2.051,2,-0.159,0.306,2.014,2,-0.007,0.333,1.776,2,0.102,0.361,1.740,2,0.242,0.547,2.034,2,0.308,0.289,2.023,2,0.108,0.342,1.795,2,0.001,0.359,1.742,2,-0.008,0.015,2.043,2,-0.005,-0.490,2.115,2,-0.034,-0.881,2.151,2,-0.042,-0.896,2.041,2,0.150,0.014,2.031,2,0.155,-0.476,2.139,2,0.156,-0.896,2.147,2,0.170,-0.897,2.049,2,0.076,0.577,2.051,2,0.141,0.372,1.727,2,0.169,0.318,1.760,2,-0.046,0.367,1.729,2,-0.064,0.297,1.756,0,0
0.210|kb,87941401863930000,6,25,0,0,0,1,72057594037961127,2,0.071,0.015,2.075,2,0.074,0.341,2.065,2,0.075,0.653,2.042,2,0.058,0.793,2.016,2,-0.096,0.542,2.052,2,-0.159,0.306,2.011,2,-0.005,0.335,1.773,2,0.103,0.362,1.739,2,0.241,0.547,2.034,2,0.306,0.289,2.021,2,0.108,0.345,1.793,2,0.002,0.361,1.741,2,-0.009,0.016,2.043,2,-0.005,-0.489,2.115,2,-0.033,-0.882,2.151,2,-0.042,-0.896,2.040,2,0.148,0.015,2.031,2,0.155,-0.473,2.137,2,0.156,-0.895,2.146,2,0.170,-0.897,2.048,2,0.075,0.577,2.050,2,0.142,0.367,1.727,2,0.170,0.317,1.761,2,-0.045,0.373,1.727,2,-0.067,0.298,1.758,0,0
0.240|kb,87941405163920000,6,25,0,0,0,1,72057594037961127,2,0.071,0.016,2.075,2,0.073,0.341,2.065,2,0.074,0.653,2.042,2,0.057,0.793,2.016,2,-0.097,0.543,2.052,2,-0.160,0.306,2.011,2,-0.006,0.335,1.773,2,0.102,0.363,1.741,2,0.240,0.547,2.034,2,0.306,0.288,2.021,2,0.108,0.346,1.793,2,0.002,0.362,1.742,2,-0.009,0.016,2.043,2,-0.005,-0.489,2.115,2,-0.033,-0.882,2.151,2,-0.042,-0.896,2.040,2,0.148,0.015,2.030,2,0.154,-0.472,2.137,2,0.157,-0.896,2.146,2,0.170,-0.897,2.048,2,0.074,0.577,2.050,2,0.141,0.370,1.732,2,0.171,0.318,1.760,2,-0.049,0.365,1.729,2,-0.066,0.300,1.758,0,0
0.271|kb,87941408572460000,6,25,0,0,0,1,72057594037961127,2,0.069,0.016,2.075,2,0.072,0.341,2.065,2,0.073,0.652,2.042,2,0.056,0.792,2.015,2,-0.097,0.543,2.052,2,-0.160,0.306,2.011,2,-0.077,0.317,1.790,2,-0.040,0.345,1.749,2,0.239,0.547,2.034,2,0.305,0.288,2.021,2,0.108,0.346,1.792,2,0.015,0.361,1.743,2,-0.011,0.017,2.044,2,-0.007,-0.487,2.114,2,-0.033,-0.882,2.151,2,-0.042,-0.896,2.040,2,0.146,0.015,2.029,2,0.153,-0.470,2.136,2,0.156,-0.895,2.146,2,0.170,-0.897,2.048,2,0.073,0.576,2.050,2,-0.010,0.363,1.725,2,-0.014,0.365,1.738,2,-0.027,0.364,1.723,2,-0.025,0.319,1.731,0,0
0.301|kb,87941411865060000,6,25,0,0,0,1,72057594037961127,2,0.069,0.017,2.075,2,0.071,0.341,2.065,2,0.073,0.653,2.042,2,0.056,0.792,2.015,2,-0.098,0.543,2.053,2,-0.160,0.306,2.010,2,-0.006,0.338,1.773,2,0.056,0.364,1.745,2,0.238,0.547,2.035,2,0.306,0.288,2.023,2,0.109,0.347,1.794,2,0.014,0.362,1.744,2,-0.011,0.017,2.044,2,-0.007,-0.487,2.114,2,-0.033,-0.882,2.151,2,-0.042,-0.896,2.041,2,0.146,0.016,2.029,2,0.153,-0.469,2.136,2,0.156,-0.895,2.146,2,0.170,-0.897,2.048,2,0.073,0.577,2.050,2,0.118,0.376,1.712,2,0.104,0.330,1.744,2,-0.024,0.361,1.722,2,-0.022,0.321,1.733,0,0
0.325|kb,87941415163470000,6,25,0,0,0,1,72057594037961127,2,0.068,0.017,2.075,2,0.070,0.341,2.065,2,0.071,0.653,2.041,2,0.055,0.793,2.015,2,-0.099,0.543,2.054,2,-0.159,0.310,2.007,2,0.027,0.358,1.766,2,0.103,0.365,1.742,2,0.238,0.547,2.035,2,0.306,0.288,2.023,2,0.110,0.348,1.794,2,0.001,0.364,1.742,2,-0.012,0.018,2.044,2,-0.007,-0.487,2.114,2,-0.032,-0.883,2.152,2,-0.042,-0.896,2.040,2,0.145,0.016,2.029,2,0.152,-0.468,2.136,2,0.156,-0.895,2.146,2,0.170,-0.897,2.048,2,0.071,0.577,2.049,2,0.143,0.376,1.728,2,0.168,0.316,1.764,2,-0.052,0.368,1.732,2,-0.062,0.306,1.749,0,0
0.367|kb,87941418574230000,6,25,0,0,0,1,72057594037961127,2,0.068,0.017,2.075,2,0.070,0.342,2.064,2,0.071,0.653,2.041,2,0.054,0.793,2.014,2,-0.100,0.543,2.054,2,-0.160,0.310,2.007,2,-0.081,0.315,1.786,2,-0.036,0.352,1.746,2,0.237,0.547,2.035,2,0.305,0.288,2.023,2,0.109,0.348,1.793,2,0.014,0.363,1.744,2,-0.012,0.018,2.044,2,-0.007,-0.487,2.114,2,-0.032,-0.882,2.152,2,-0.042,-0.896,2.040,2,0.145,0.016,2.029,2,0.151,-0.467,2.135,2,0.156,-0.895,2.146,2,0.170,-0.897,2.048,2,0.070,0.577,2.049,2,-0.006,0.374,1.723,2,0.000,0.390,1.716,2,-0.028,0.367,1.721,2,-0.021,0.321,1.733,0,0
0.392|kb,87941421863750000,6,25,0,0,0,1,72057594037961127,2,0.067,0.018,2.075,2,0.069,0.342,2.064,2,0.070,0.653,2.040,2,0.053,0.793,2.014,2,-0.101,0.544,2.054,2,-0.161,0.309,2.007,2,0.043,0.360,1.782,2,0.130,0.361,1.751,2,0.236,0.547,2.035,2,0.305,0.287,2.024,2,0.110,0.348,1.794,2,0.002,0.365,1.745,2,-0.013,0.018,2.044,2,-0.008,-0.487,2.114,2,-0.032,-0.883,2.152,2,-0.042,-0.896,2.040,2,0.144,0.017,2.028,2,0.151,-0.467,2.135,2,0.156,-0.895,2.146,2,0.170,-0.897,2.048,2,0.070,0.577,2.048,2,0.174,0.354,1.765,2,0.195,0.322,1.798,2,-0.050,0.374,1.732,2,-0.064,0.307,1.755,0,0
0.433|kb,87941425168960000,6,25,0,0,0,1,72057594037961127,2,0.067,0.013,2.074,2,0.068,0.340,2.064,2,0.069,0.653,2.040,2,0.053,0.793,2.014,2,-0.101,0.543,2.054,2,-0.163,0.309,2.009,2,-0.005,0.344,1.767,2,0.111,0.365,1.746,2,0.235,0.547,2.036,2,0.305,0.287,2.024,2,0.110,0.348,1.794,2,0.003,0.365,1.744,2,-0.014,0.012,2.041,2,-0.008,-0.486,2.114,2,-0.032,-0.883,2.152,2,-0.042,-0.896,2.040,2,0.144,0.012,2.030,2,0.151,-0.467,2.135,2,0.156,-0.895,2.146,2,0.170,-0.897,2.048,2,0.069,0.577,2.048,2,0.162,0.359,1.749,2,0.174,0.319,1.770,2,-0.044,0.374,1.730,2,-0.062,0.307,1.752,0,0
0.459|kb,87941428572240000,6,25,0,0,0,1,72057594037961127,2,0.066,0.014,2.074,2,0.067,0.341,2.064,2,0.068,0.653,2.040,2,0.052,0.793,2.014,2,-0.102,0.544,2.054,2,-0.163,0.308,2.007,2,0.023,0.343,1.764,2,0.106,0.365,1.745,2,0.235,0.547,2.036,2,0.303,0.288,2.024,2,0.109,0.349,1.793,2,0.003,0.365,1.744,2,-0.015,0.014,2.041,2,-0.009,-0.486,2.114,2,-0.033,-0.883,2.152,2,-0.042,-0.897,2.040,2,0.144,0.013,2.029,2,0.150,-0.481,2.137,2,0.156,-0.894,2.146,2,0.170,-0.897,2.048,2,0.068,0.577,2.048,2,0.149,0.369,1.734,2,0.171,0.318,1.766,2,-0.045,0.379,1.729,2,-0.062,0.307,1.753,0,0
0.499|kb,87941431871800000,6,25,0,0,0,1,72057594037961127,2,0.065,0.012,2.074,2,0.067,0.340,2.063,2,0.067,0.653,2.040,2,0.051,0.793,2.013,2,-0.103,0.543,2.054,2,-0.163,0.308,2.006,2,0.024,0.343,1.764,2,0.102,0.366,1.745,2,0.234,0.547,2.036,2,0.301,0.288,2.024,2,0.108,0.349,1.793,2,0.003,0.365,1.745,2,-0.016,0.011,2.039,2,-0.009,-0.486,2.114,2,-0.033,-0.883,2.152,2,-0.042,-0.897,2.040,2,0.143,0.011,2.030,2,0.150,-0.477,2.136,2,0.156,-0.894,2.146,2,0.170,-0.897,2.048,2,0.068,0.577,2.048,2,0.146,0.375,1.731,2,0.166,0.318,1.765,2,-0.045,0.374,1.730,2,-0.058,0.309,1.749,0,0
0.523|kb,87941435163720000,6,25,0,0,0,1,72057594037961127,2,0.065,0.013,2.073,2,0.066,0.340,2.063,2,0.067,0.653,2.039,2,0.051,0.793,2.013,2,-0.103,0.543,2.054,2,-0.163,0.308,2.006,2,0.024,0.343,1.764,2,0.098,0.365,1.744,2,0.234,0.547,2.036,2,0.301,0.288,2.024,2,0.105,0.347,1.794,2,0.003,0.365,1.745,2,-0.016,0.012,2.039,2,-0.009,-0.485,2.114,2,-0.033,-0.883,2.151,2,-0.043,-0.897,2.040,2,0.143,0.012,2.029,2,0.149,-0.476,2.136,2,0.156,-0.894,2.146,2,0.169,-0.897,2.048,2,0.067,0.577,2.048,2,0.138,0.377,1.727,2,0.166,0.317,1.764,2,-0.047,0.375,1.731,2,-0.064,0.307,1.753,0,0
0.566|kb,87941438572300000,6,25,0,0,0,1,72057594037961127,2,0.064,0.014,2.073,2,0.066,0.341,2.063,2,0.067,0.653,2.040,2,0.051,0.793,2.013,2,-0.104,0.544,2.054,2,-0.163,0.308,2.006,2,0.031,0.343,1.769,2,0.102,0.366,1.747,2,0.233,0.547,2.037,2,0.300,0.288,2.024,2,0.103,0.347,1.795,2,0.002,0.365,1.746,2,-0.017,0.014,2.041,2,-0.009,-0.485,2.114,2,-0.033,-0.884,2.151,2,-0.043,-0.897,2.040,2,0.142,0.014,2.029,2,0.149,-0.474,2.136,2,0.156,-0.894,2.146,2,0.169,-0.898,2.048,2,0.067,0.577,2.048,2,0.141,0.379,1.731,2,0.171,0.319,1.769,2,-0.049,0.375,1.732,2,-0.066,0.307,1.756,0,0
0.590|kb,87941441864000000,6,25,0,0,0,1,72057594037961127,2,0.064,0.015,2.073,2,0.065,0.341,2.063,2,0.065,0.653,2.040,2,0.051,0.793,2.013,2,-0.104,0.544,2.054,2,-0.164,0.308,2.006,2,-0.003,0.342,1.773,2,0.096,0.367,1.744,2,0.233,0.547,2.037,2,0.300,0.287,2.024,2,0.104,0.348,1.794,2,0.001,0.365,1.745,2,-0.017,0.015,2.041,2,-0.010,-0.485,2.114,2,-0.033,-0.884,2.151,2,-0.043,-0.897,2.040,2,0.141,0.014,2.028,2,0.149,-0.473,2.135,2,0.157,-0.895,2.146,2,0.169,-0.898,2.047,2,0.065,0.577,2.048,2,0.140,0.376,1.729,2,0.161,0.315,1.760,2,-0.048,0.378,1.731,2,-0.066,0.308,1.755,0,0
0.635|kb,87941445172290000,6,25,0,0,0,1,72057594037961127,2,0.063,0.013,2.073,2,0.065,0.341,2.063,2,0.065,0.653,2.040,2,0.050,0.793,2.013,2,-0.105,0.544,2.054,2,-0.164,0.308,2.006,2,-0.004,0.342,1.774,2,0.097,0.367,1.745,2,0.232,0.547,2.037,2,0.300,0.287,2.024,2,0.104,0.348,1.795,2,0.002,0.366,1.745,2,-0.018,0.012,2.039,2,-0.010,-0.484,2.114,2,-0.033,-0.884,2.151,2,-0.043,-0.897,2.040,2,0.142,0.012,2.029,2,0.149,-0.473,2.135,2,0.157,-0.894,2.146,2,0.169,-0.898,2.048,2,0.065,0.577,2.048,2,0.134,0.384,1.725,2,0.161,0.317,1.761,2,-0.048,0.381,1.731,2,-0.068,0.307,1.754,0,0
0.667|kb,87941448572060000,6,25,0,0,0,1,72057594037961127,2,0.063,0.011,2.073,2,0.065,0.340,2.063,2,0.065,0.653,2.040,2,0.050,0.793,2.014,2,-0.105,0.544,2.054,2,-0.165,0.308,2.006,2,-0.005,0.342,1.775,2,0.100,0.367,1.745,2,0.231,0.547,2.037,2,0.299,0.287,2.024,2,0.104,0.349,1.795,2,0.002,0.367,1.746,2,-0.018,0.011,2.039,2,-0.011,-0.485,2.114,2,-0.033,-0.884,2.151,2,-0.043,-0.897,2.040,2,0.142,0.011,2.030,2,0.149,-0.472,2.135,2,0.157,-0.894,2.146,2,0.169,-0.898,2.048,2,0.065,0.577,2.048,2,0.141,0.377,1.730,2,0.166,0.317,1.765,2,-0.050,0.380,1.732,2,-0.061,0.310,1.750,0,0
0.692|kb,87941451867520000,6,25,0,0,0,1,72057594037961127,2,0.063,0.013,2.073,2,0.064,0.341,2.063,2,0.064,0.654,2.039,2,0.050,0.793,2.014,2,-0.105,0.544,2.054,2,-0.166,0.308,2.007,2,-0.005,0.343,1.775,2,0.099,0.369,1.745,2,0.231,0.547,2.038,2,0.299,0.287,2.025,2,0.104,0.350,1.795,2,0.001,0.368,1.745,2,-0.018,0.012,2.039,2,-0.011,-0.485,2.114,2,-0.033,-0.885,2.151,2,-0.043,-0.896,2.040,2,0.141,0.014,2.029,2,0.149,-0.471,2.135,2,0.157,-0.894,2.145,2,0.169,-0.898,2.048,2,0.064,0.577,2.047,2,0.141,0.376,1.731,2,0.165,0.318,1.764,2,-0.050,0.380,1.731,2,-0.062,0.309,1.752,0,0
0.733|kb,87941455164950000,6,25,0,0,0,1,72057594037961127,2,0.063,0.011,2.073,2,0.064,0.340,2.063,2,0.064,0.654,2.039,2,0.049,0.793,2.014,2,-0.106,0.544,2.054,2,-0.166,0.308,2.005,2,-0.006,0.343,1.776,2,0.099,0.369,1.744,2,0.231,0.547,2.038,2,0.298,0.287,2.024,2,0.103,0.350,1.795,2,-0.002,0.368,1.746,2,-0.018,0.010,2.038,2,-0.011,-0.485,2.114,2,-0.033,-0.885,2.151,2,-0.042,-0.896,2.040,2,0.141,0.012,2.030,2,0.149,-0.471,2.135,2,0.157,-0.894,2.145,2,0.169,-0.898,2.048,2,0.064,0.577,2.047,2,0.140,0.377,1.730,2,0.165,0.317,1.764,2,-0.053,0.382,1.731,2,-0.064,0.310,1.755,0,0
0.758|kb,87941458571690000,6,25,0,0,0,1,72057594037961127,2,0.062,0.013,2.072,2,0.063,0.341,2.063,2,0.064,0.654,2.039,2,0.049,0.793,2.014,2,-0.106,0.544,2.054,2,-0.167,0.308,2.005,2,-0.006,0.343,1.776,2,0.097,0.369,1.745,2,0.231,0.547,2.038,2,0.299,0.287,2.026,2,0.105,0.351,1.796,2,-0.002,0.368,1.746,2,-0.019,0.013,2.039,2,-0.011,-0.477,2.112,2,-0.032,-0.885,2.151,2,-0.043,-0.897,2.039,2,0.140,0.013,2.029,2,0.149,-0.470,2.134,2,0.156,-0.894,2.145,2,0.169,-0.898,2.047,2,0.064,0.577,2.048,2,0.139,0.377,1.729,2,0.163,0.318,1.761,2,-0.052,0.382,1.732,2,-0.065,0.310,1.755,0,0
0.799|kb,87941461869550000,6,25,0,0,0,1,72057594037961127,2,0.062,0.015,2.073,2,0.063,0.342,2.063,2,0.063,0.654,2.039,2,0.049,0.794,2.015,2,-0.106,0.544,2.054,2,-0.167,0.305,1.999,2,0.033,0.346,1.785,2,0.104,0.368,1.748,2,0.230,0.547,2.039,2,0.298,0.286,2.026,2,0.105,0.351,1.795,2,-0.001,0.370,1.748,2,-0.019,0.015,2.040,2,-0.011,-0.480,2.113,2,-0.032,-0.885,2.151,2,-0.043,-0.897,2.039,2,0.140,0.014,2.029,2,0.149,-0.470,2.134,2,0.157,-0.895,2.145,2,0.169,-0.898,2.048,2,0.063,0.578,2.047,2,0.141,0.378,1.732,2,0.172,0.324,1.772,2,-0.050,0.386,1.733,2,-0.066,0.312,1.762,0,0
0.823|kb,87941465165610000,6,25,0,0,0,1,72057594037961127,2,0.062,0.015,2.073,2,0.063,0.342,2.063,2,0.062,0.654,2.040,2,0.048,0.794,2.016,2,-0.106,0.544,2.054,2,-0.170,0.303,2.000,2,0.003,0.347,1.775,2,0.101,0.370,1.745,2,0.230,0.547,2.039,2,0.298,0.286,2.025,2,0.104,0.352,1.795,2,-0.001,0.371,1.747,2,-0.019,0.016,2.041,2,-0.012,-0.484,2.114,2,-0.032,-0.885,2.151,2,-0.043,-0.897,2.039,2,0.140,0.015,2.028,2,0.148,-0.470,2.134,2,0.157,-0.895,2.145,2,0.169,-0.898,2.047,2,0.063,0.578,2.048,2,0.146,0.378,1.734,2,0.167,0.319,1.766,2,-0.050,0.384,1.732,2,-0.067,0.310,1.755,0,0
0.866|kb,87941468574020000,6,25,0,0,0,1,72057594037961127,2,0.062,0.012,2.073,2,0.063,0.341,2.063,2,0.062,0.655,2.040,2,0.048,0.795,2.016,2,-0.107,0.544,2.054,2,-0.180,0.311,2.021,2,-0.081,0.322,1.797,2,-0.044,0.353,1.755,2,0.230,0.547,2.040,2,0.298,0.286,2.027,2,0.105,0.352,1.796,2,0.012,0.370,1.749,2,-0.019,0.012,2.039,2,-0.013,-0.475,2.112,2,-0.031,-0.885,2.152,2,-0.043,-0.897,2.039,2,0.140,0.012,2.030,2,0.148,-0.469,2.135,2,0.157,-0.895,2.145,2,0.169,-0.898,2.048,2,0.063,0.578,2.048,2,-0.012,0.366,1.732,2,-0.006,0.329,1.747,2,-0.028,0.367,1.728,2,-0.024,0.329,1.734,0,0
0.891|kb,87941471864090000,6,25,0,0,0,1,72057594037961127,2,0.061,0.014,2.073,2,0.062,0.342,2.063,2,0.062,0.655,2.040,2,0.048,0.795,2.016,2,-0.107,0.544,2.054,2,-0.179,0.312,2.020,2,-0.005,0.349,1.774,2,0.055,0.372,1.750,2,0.230,0.547,2.040,2,0.300,0.286,2.029,2,0.107,0.352,1.799,2,0.012,0.370,1.750,2,-0.019,0.014,2.040,2,-0.013,-0.476,2.113,2,-0.031,-0.885,2.151,2,-0.043,-0.897,2.039,2,0.139,0.014,2.029,2,0.148,-0.469,2.135,2,0.156,-0.895,2.145,2,0.169,-0.898,2.048,2,0.062,0.578,2.048,2,0.117,0.383,1.718,2,0.104,0.334,1.742,2,-0.028,0.367,1.725,2,-0.021,0.329,1.737,0,0
0.934|kb,87941475171780000,6,25,0,0,0,1,72057594037961127,2,0.061,0.015,2.073,2,0.062,0.342,2.063,2,0.062,0.655,2.040,2,0.048,0.795,2.017,2,-0.107,0.544,2.054,2,-0.178,0.306,2.012,2,-0.005,0.349,1.775,2,0.102,0.371,1.747,2,0.229,0.547,2.040,2,0.291,0.288,2.017,2,0.097,0.356,1.789,2,-0.002,0.373,1.750,2,-0.019,0.015,2.041,2,-0.013,-0.479,2.113,2,-0.031,-0.886,2.152,2,-0.043,-0.897,2.039,2,0.139,0.014,2.029,2,0.148,-0.469,2.135,2,0.156,-0.895,2.145,2,0.169,-0.898,2.047,2,0.062,0.579,2.048,2,0.137,0.380,1.732,2,0.161,0.320,1.763,2,-0.049,0.386,1.732,2,-0.064,0.316,1.757,0,0
0.959|kb,87941478573130000,6,25,0,0,0,1,72057594037961127,2,0.061,0.013,2.073,2,0.062,0.342,2.063,2,0.062,0.655,2.040,2,0.048,0.795,2.018,2,-0.108,0.544,2.054,2,-0.178,0.306,2.011,2,-0.005,0.349,1.775,2,0.100,0.371,1.748,2,0.229,0.547,2.041,2,0.294,0.288,2.026,2,0.102,0.355,1.795,2,-0.002,0.373,1.752,2,-0.019,0.012,2.039,2,-0.013,-0.479,2.113,2,-0.030,-0.886,2.152,2,-0.043,-0.897,2.039,2,0.140,0.012,2.030,2,0.148,-0.469,2.135,2,0.156,-0.895,2.145,2,0.169,-0.898,2.047,2,0.062,0.579,2.048,2,0.134,0.384,1.729,2,0.161,0.320,1.763,2,-0.048,0.388,1.734,2,-0.064,0.316,1.754,0,0
1.000|kb,87941481872190000,6,25,0,0,0,1,72057594037961127,2,0.061,0.011,2.073,2,0.062,0.341,2.063,2,0.062,0.655,2.040,2,0.048,0.795,2.018,2,-0.108,0.544,2.054,2,-0.182,0.313,2.022,2,-0.081,0.325,1.802,2,-0.044,0.354,1.756,2,0.229,0.547,2.041,2,0.296,0.288,2.027,2,0.103,0.356,1.798,2,0.011,0.372,1.754,2,-0.019,0.010,2.038,2,-0.013,-0.479,2.113,2,-0.031,-0.886,2.152,2,-0.043,-0.897,2.039,2,0.140,0.010,2.031,2,0.148,-0.469,2.135,2,0.156,-0.895,2.145,2,0.169,-0.898,2.047,2,0.062,0.578,2.048,2,-0.013,0.371,1.734,2,0.009,0.358,1.746,2,-0.027,0.369,1.729,2,-0.022,0.329,1.739,0,0
1.024|kb,87941485165510000,6,25,0,0,0,1,72057594037961127,2,0.062,0.010,2.073,2,0.062,0.341,2.063,2,0.062,0.655,2.041,2,0.048,0.795,2.019,2,-0.108,0.544,2.054,2,-0.181,0.312,2.020,2,-0.005,0.349,1.780,2,0.058,0.376,1.754,2,0.228,0.547,2.042,2,0.299,0.290,2.033,2,0.104,0.359,1.805,2,0.009,0.373,1.755,2,-0.019,0.009,2.037,2,-0.013,-0.479,2.113,2,-0.031,-0.886,2.152,2,-0.043,-0.897,2.039,2,0.140,0.009,2.032,2,0.148,-0.469,2.135,2,0.156,-0.895,2.145,2,0.169,-0.898,2.048,2,0.062,0.578,2.048,2,0.115,0.390,1.713,2,0.107,0.334,1.745,2,-0.035,0.405,1.716,2,-0.032,0.330,1.726,0,0
1.067|kb,87941488572720000,6,25,0,0,0,1,72057594037961127,2,0.062,0.009,2.073,2,0.062,0.340,2.063,2,0.061,0.655,2.040,2,0.048,0.796,2.019,2,-0.109,0.545,2.053,2,-0.180,0.313,2.020,2,-0.004,0.349,1.778,2,0.097,0.371,1.749,2,0.228,0.548,2.042,2,0.298,0.289,2.032,2,0.102,0.361,1.805,2,-0.003,0.374,1.753,2,-0.020,0.008,2.037,2,-0.013,-0.476,2.113,2,-0.031,-0.886,2.152,2,-0.044,-0.897,2.039,2,0.140,0.008,2.032,2,0.147,-0.468,2.135,2,0.156,-0.895,2.145,2,0.169,-0.898,2.048,2,0.062,0.578,2.048,2,0.126,0.394,1.719,2,0.156,0.323,1.762,2,-0.047,0.387,1.736,2,-0.066,0.314,1.759,0,0
1.092|kb,87941491867330000,6,25,0,0,0,1,72057594037961127,2,0.062,0.008,2.073,2,0.062,0.340,2.063,2,0.061,0.655,2.041,2,0.048,0.796,2.020,2,-0.109,0.545,2.053,2,-0.180,0.313,2.019,2,-0.004,0.349,1.780,2,0.099,0.371,1.749,2,0.228,0.548,2.042,2,0.299,0.290,2.033,2,0.086,0.353,1.820,2,-0.008,0.372,1.755,2,-0.020,0.007,2.036,2,-0.014,-0.478,2.113,2,-0.030,-0.886,2.152,2,-0.043,-0.897,2.039,2,0.141,0.007,2.033,2,0.147,-0.468,2.135,2,0.156,-0.895,2.145,2,0.169,-0.898,2.047,2,0.061,0.578,2.048,2,0.127,0.394,1.718,2,0.156,0.323,1.763,2,-0.049,0.384,1.735,2,-0.077,0.319,1.766,0,0
1.134|kb,87941495165920000,6,25,0,0,0,1,72057594037961127,2,0.062,0.007,2.073,2,0.061,0.340,2.063,2,0.061,0.655,2.041,2,0.048,0.796,2.020,2,-0.109,0.545,2.052,2,-0.180,0.313,2.018,2,0.025,0.350,1.792,2,0.106,0.370,1.753,2,0.228,0.548,2.043,2,0.299,0.290,2.033,2,0.092,0.361,1.817,2,-0.007,0.373,1.756,2,-0.020,0.007,2.036,2,-0.014,-0.481,2.114,2,-0.030,-0.886,2.152,2,-0.043,-0.897,2.039,2,0.141,0.007,2.033,2,0.147,-0.468,2.134,2,0.156,-0.895,2.145,2,0.168,-0.898,2.047,2,0.061,0.578,2.048,2,0.125,0.398,1.717,2,0.165,0.330,1.773,2,-0.046,0.386,1.736,2,-0.070,0.316,1.762,0,0
1.158|kb,87941498574110000,6,25,0,0,0,1,72057594037961127,2,0.061,0.007,2.073,2,0.061,0.339,2.063,2,0.061,0.656,2.041,2,0.048,0.796,2.020,2,-0.109,0.545,2.052,2,-0.179,0.313,2.017,2,-0.002,0.345,1.795,2,0.101,0.372,1.753,2,0.228,0.548,2.043,2,0.292,0.291,2.027,2,0.091,0.368,1.808,2,-0.005,0.375,1.755,2,-0.020,0.007,2.035,2,-0.014,-0.483,2.115,2,-0.030,-0.886,2.152,2,-0.044,-0.897,2.039,2,0.141,0.006,2.033,2,0.147,-0.468,2.134,2,0.156,-0.895,2.145,2,0.168,-0.898,2.047,2,0.061,0.579,2.048,2,0.127,0.397,1.718,2,0.161,0.328,1.769,2,-0.044,0.388,1.735,2,-0.067,0.316,1.758,0,0
1.200|kb,87941501868890000,6,25,0,0,0,1,72057594037961127,2,0.062,0.007,2.073,2,0.061,0.339,2.063,2,0.060,0.656,2.041,2,0.048,0.797,2.020,2,-0.109,0.545,2.052,2,-0.179,0.313,2.017,2,0.029,0.349,1.794,2,0.109,0.372,1.758,2,0.228,0.548,2.045,2,0.292,0.291,2.027,2,0.091,0.370,1.809,2,-0.007,0.376,1.757,2,-0.020,0.006,2.035,2,-0.014,-0.483,2.115,2,-0.030,-0.886,2.152,2,-0.044,-0.897,2.039,2,0.141,0.006,2.033,2,0.147,-0.468,2.135,2,0.156,-0.895,2.145,2,0.168,-0.898,2.047,2,0.061,0.579,2.049,2,0.129,0.398,1.722,2,0.165,0.332,1.776,2,-0.043,0.392,1.737,2,-0.069,0.317,1.761,0,0
1.223|kb,87941505163710000,6,25,0,0,0,1,72057594037961127,2,0.062,0.007,2.073,2,0.061,0.339,2.063,2,0.060,0.656,2.041,2,0.048,0.797,2.020,2,-0.109,0.545,2.051,2,-0.182,0.314,2.020,2,-0.051,0.357,1.767,2,-0.022,0.375,1.752,2,0.228,0.548,2.045,2,0.289,0.291,2.024,2,0.092,0.374,1.803,2,0.003,0.379,1.754,2,-0.020,0.006,2.035,2,-0.015,-0.484,2.116,2,-0.030,-0.886,2.152,2,-0.044,-0.896,2.040,2,0.141,0.006,2.033,2,0.147,-0.467,2.135,2,0.156,-0.895,2.145,2,0.168,-0.898,2.047,2,0.061,0.579,2.049,2,0.014,0.402,1.723,2,-0.036,0.332,1.734,2,-0.027,0.380,1.736,2,-0.029,0.334,1.735,0,0
1.267|kb,87941508573910000,6,25,0,0,0,1,72057594037961127,2,0.062,0.006,2.073,2,0.061,0.339,2.063,2,0.060,0.656,2.041,2,0.049,0.797,2.020,2,-0.110,0.545,2.051,2,-0.184,0.315,2.024,2,-0.084,0.335,1.817,2,-0.039,0.357,1.765,2,0.228,0.548,2.046,2,0.294,0.288,2.035,2,0.102,0.370,1.810,2,0.003,0.379,1.756,2,-0.020,0.006,2.035,2,-0.015,-0.486,2.117,2,-0.030,-0.887,2.153,2,-0.043,-0.896,2.040,2,0.141,0.006,2.033,2,0.147,-0.467,2.135,2,0.155,-0.895,2.145,2,0.168,-0.898,2.047,2,0.060,0.579,2.049,2,-0.003,0.376,1.734,2,-0.012,0.331,1.744,2,-0.030,0.380,1.739,2,-0.029,0.334,1.736,0,0
1.292|kb,87941511865310000,6,25,0,0,0,1,72057594037961127,2,0.062,0.006,2.073,2,0.061,0.339,2.063,2,0.060,0.656,2.041,2,0.049,0.797,2.021,2,-0.110,0.545,2.050,2,-0.184,0.315,2.024,2,-0.079,0.335,1.820,2,-0.038,0.359,1.766,2,0.228,0.548,2.046,2,0.290,0.289,2.030,2,0.099,0.371,1.804,2,0.003,0.379,1.755,2,-0.020,0.006,2.034,2,-0.014,-0.477,2.115,2,-0.030,-0.887,2.153,2,-0.044,-0.896,2.040,2,0.141,0.005,2.034,2,0.147,-0.467,2.135,2,0.156,-0.895,2.145,2,0.168,-0.898,2.047,2,0.060,0.579,2.049,2,0.002,0.377,1.732,2,-0.008,0.333,1.746,2,-0.026,0.383,1.737,2,-0.027,0.335,1.739,0,0
1.333|kb,87941515169710000,6,25,0,0,0,1,72057594037961127,2,0.062,0.006,2.072,2,0.061,0.339,2.063,2,0.060,0.656,2.041,2,0.049,0.797,2.021,2,-0.110,0.545,2.049,2,-0.185,0.315,2.025,2,-0.080,0.335,1.821,2,-0.041,0.359,1.769,2,0.228,0.548,2.046,2,0.294,0.287,2.035,2,0.104,0.371,1.808,2,0.003,0.382,1.756,2,-0.020,0.005,2.034,2,-0.014,-0.481,2.117,2,-0.030,-0.887,2.153,2,-0.043,-0.896,2.040,2,0.141,0.005,2.034,2,0.146,-0.468,2.135,2,0.156,-0.895,2.145,2,0.168,-0.898,2.047,2,0.060,0.579,2.049,2,-0.013,0.373,1.735,2,0.012,0.355,1.762,2,-0.027,0.389,1.740,2,-0.023,0.338,1.746,0,0
1.359|kb,87941518573500000,6,25,0,0,0,1,72057594037961127,2,0.062,0.005,2.072,2,0.061,0.339,2.063,2,0.060,0.656,2.041,2,0.049,0.797,2.021,2,-0.110,0.545,2.049,2,-0.185,0.313,2.023,2,-0.079,0.335,1.819,2,-0.040,0.361,1.770,2,0.228,0.548,2.047,2,0.294,0.287,2.036,2,0.106,0.371,1.808,2,0.005,0.385,1.757,2,-0.020,0.005,2.033,2,-0.014,-0.477,2.116,2,-0.030,-0.886,2.153,2,-0.043,-0.896,2.040,2,0.141,0.005,2.034,2,0.146,-0.467,2.135,2,0.156,-0.895,2.145,2,0.168,-0.898,2.047,2,0.060,0.579,2.049,2,0.001,0.380,1.735,2,0.009,0.352,1.770,2,-0.024,0.391,1.740,2,-0.027,0.339,1.742,0,0
