0.000|kb,71234414635920000,6,25,0,0,1,72057594037931114,2,-0.079,-0.324,1.749,2,-0.087,-0.013,1.772,2,-0.093,0.287,1.780,2,-0.107,0.431,1.763,2,-0.277,0.180,1.745,2,-0.340,-0.056,1.729,2,-0.339,-0.251,1.627,2,-0.331,-0.311,1.589,2,0.097,0.192,1.800,2,0.175,-0.056,1.802,2,0.230,-0.244,1.711,2,0.234,-0.309,1.669,2,-0.163,-0.320,1.706,2,-0.189,-0.643,1.702,1,-0.212,-1.070,1.761,1,-0.195,-1.089,1.629,2,0.007,-0.315,1.721,2,0.038,-0.625,1.715,1,0.027,-1.066,1.772,1,0.041,-1.084,1.639,2,-0.092,0.213,1.780,2,-0.316,-0.371,1.562,2,-0.294,-0.327,1.552,2,0.241,-0.367,1.642,2,0.200,-0.330,1.663,0,0,0
0.040|kb,71234417935910000,6,25,0,0,1,72057594037931114,2,-0.079,-0.324,1.749,2,-0.087,-0.013,1.772,2,-0.093,0.287,1.780,2,-0.107,0.431,1.763,2,-0.277,0.180,1.745,2,-0.340,-0.056,1.729,2,-0.339,-0.252,1.627,2,-0.330,-0.312,1.591,2,0.097,0.192,1.800,2,0.175,-0.056,1.802,2,0.230,-0.244,1.711,2,0.233,-0.310,1.669,2,-0.162,-0.320,1.706,2,-0.189,-0.642,1.702,1,-0.212,-1.069,1.761,1,-0.196,-1.089,1.629,2,0.008,-0.315,1.721,2,0.038,-0.625,1.715,1,0.027,-1.066,1.772,1,0.041,-1.084,1.639,2,-0.092,0.213,1.780,2,-0.316,-0.373,1.567,2,-0.280,-0.334,1.570,2,0.238,-0.364,1.639,2,0.201,-0.345,1.670,0,0,0
0.071|kb,71234421343890000,6,25,0,0,1,72057594037931114,2,-0.079,-0.324,1.749,2,-0.087,-0.013,1.772,2,-0.093,0.287,1.780,2,-0.107,0.431,1.763,2,-0.277,0.181,1.745,2,-0.340,-0.056,1.729,2,-0.339,-0.252,1.627,2,-0.330,-0.312,1.591,2,0.097,0.192,1.800,2,0.175,-0.056,1.802,2,0.230,-0.245,1.711,2,0.234,-0.309,1.670,2,-0.162,-0.320,1.706,2,-0.189,-0.642,1.702,1,-0.212,-1.069,1.762,1,-0.196,-1.089,1.629,2,0.008,-0.315,1.721,2,0.038,-0.625,1.715,1,0.027,-1.066,1.772,1,0.041,-1.084,1.639,2,-0.092,0.213,1.781,2,-0.316,-0.369,1.564,2,-0.281,-0.334,1.570,2,0.241,-0.365,1.640,2,0.200,-0.333,1.657,0,0,0
0.099|kb,71234424634860000,6,25,0,0,1,72057594037931114,2,-0.079,-0.324,1.749,2,-0.087,-0.013,1.772,2,-0.093,0.287,1.780,2,-0.107,0.431,1.763,2,-0.276,0.181,1.745,2,-0.339,-0.056,1.729,2,-0.339,-0.252,1.627,2,-0.329,-0.310,1.589,2,0.097,0.192,1.800,2,0.175,-0.056,1.802,2,0.230,-0.245,1.711,2,0.233,-0.310,1.668,2,-0.162,-0.320,1.706,2,-0.189,-0.642,1.702,1,-0.212,-1.069,1.761,1,-0.196,-1.089,1.629,2,0.008,-0.315,1.721,2,0.038,-0.625,1.715,1,0.028,-1.066,1.772,1,0.042,-1.084,1.639,2,-0.092,0.213,1.780,2,-0.316,-0.371,1.564,2,-0.274,-0.250,1.555,2,0.237,-0.368,1.638,2,0.201,-0.322,1.664,0,0,0
0.125|kb,71234427935290000,6,25,0,0,1,72057594037931114,2,-0.079,-0.324,1.749,2,-0.087,-0.013,1.772,2,-0.093,0.287,1.780,2,-0.107,0.431,1.763,2,-0.276,0.181,1.745,2,-0.339,-0.056,1.729,2,-0.339,-0.252,1.627,2,-0.329,-0.312,1.590,2,0.097,0.192,1.800,2,0.175,-0.056,1.802,2,0.230,-0.245,1.711,2,0.234,-0.309,1.669,2,-0.162,-0.320,1.706,2,-0.189,-0.644,1.702,1,-0.212,-1.070,1.761,1,-0.195,-1.089,1.629,2,0.008,-0.315,1.721,2,0.038,-0.625,1.715,1,0.028,-1.066,1.772,1,0.042,-1.084,1.639,2,-0.092,0.213,1.780,2,-0.311,-0.373,1.562,2,-0.279,-0.327,1.569,2,0.239,-0.366,1.639,2,0.202,-0.337,1.635,0,0,0
0.170|kb,71234431348140000,6,25,0,0,1,72057594037931114,2,-0.079,-0.324,1.749,2,-0.087,-0.013,1.772,2,-0.093,0.287,1.780,2,-0.107,0.431,1.763,2,-0.276,0.181,1.745,2,-0.339,-0.056,1.729,2,-0.339,-0.252,1.627,2,-0.329,-0.312,1.588,2,0.098,0.192,1.800,2,0.175,-0.056,1.802,2,0.230,-0.245,1.711,2,0.234,-0.309,1.669,2,-0.162,-0.320,1.706,2,-0.189,-0.643,1.702,1,-0.212,-1.070,1.761,1,-0.195,-1.089,1.629,2,0.008,-0.316,1.721,2,0.038,-0.625,1.715,1,0.028,-1.066,1.772,1,0.042,-1.084,1.638,2,-0.091,0.213,1.780,2,-0.317,-0.372,1.564,2,-0.281,-0.324,1.586,2,0.240,-0.366,1.641,2,0.199,-0.356,1.653,0,0,0
0.200|kb,71234434633730000,6,25,0,0,1,72057594037931114,2,-0.079,-0.324,1.749,2,-0.087,-0.013,1.772,2,-0.093,0.287,1.780,2,-0.107,0.431,1.763,2,-0.277,0.181,1.745,2,-0.339,-0.056,1.729,2,-0.339,-0.252,1.627,2,-0.329,-0.312,1.589,2,0.098,0.192,1.800,2,0.175,-0.056,1.802,2,0.230,-0.245,1.711,2,0.234,-0.310,1.669,2,-0.162,-0.320,1.706,2,-0.189,-0.643,1.702,1,-0.212,-1.070,1.761,1,-0.196,-1.089,1.629,2,0.008,-0.316,1.721,2,0.038,-0.625,1.715,1,0.028,-1.066,1.772,1,0.042,-1.084,1.639,2,-0.091,0.213,1.780,2,-0.315,-0.370,1.562,2,-0.280,-0.331,1.562,2,0.244,-0.370,1.638,2,0.200,-0.343,1.654,0,0,0
0.228|kb,71234437933810000,6,25,0,0,1,72057594037931114,2,-0.079,-0.324,1.749,2,-0.086,-0.013,1.772,2,-0.093,0.287,1.780,2,-0.107,0.431,1.763,2,-0.277,0.181,1.745,2,-0.339,-0.056,1.729,2,-0.339,-0.252,1.627,2,-0.328,-0.312,1.588,2,0.098,0.192,1.800,2,0.175,-0.056,1.802,2,0.230,-0.245,1.711,2,0.235,-0.309,1.669,2,-0.162,-0.320,1.706,2,-0.189,-0.642,1.702,1,-0.212,-1.070,1.762,1,-0.195,-1.089,1.630,2,0.008,-0.316,1.721,2,0.038,-0.625,1.715,1,0.028,-1.066,1.772,1,0.042,-1.084,1.638,2,-0.091,0.213,1.780,2,-0.313,-0.374,1.565,2,-0.280,-0.327,1.583,2,0.241,-0.369,1.640,2,0.201,-0.340,1.644,0,0,0
0.270|kb,71234441344050000,6,25,0,0,1,72057594037931114,2,-0.079,-0.324,1.749,2,-0.086,-0.013,1.772,2,-0.093,0.287,1.780,2,-0.107,0.431,1.763,2,-0.277,0.181,1.745,2,-0.339,-0.056,1.729,2,-0.339,-0.252,1.627,2,-0.329,-0.312,1.588,2,0.098,0.192,1.800,2,0.175,-0.056,1.802,2,0.230,-0.245,1.711,2,0.235,-0.308,1.668,2,-0.162,-0.320,1.706,2,-0.189,-0.642,1.702,1,-0.212,-1.070,1.762,1,-0.195,-1.089,1.630,2,0.008,-0.316,1.721,2,0.038,-0.625,1.715,1,0.028,-1.066,1.772,1,0.042,-1.084,1.638,2,-0.091,0.213,1.780,2,-0.313,-0.373,1.559,2,-0.280,-0.333,1.567,2,0.239,-0.364,1.638,2,0.201,-0.338,1.644,0,0,0
0.299|kb,71234444633400000,6,25,0,0,1,72057594037931114,2,-0.079,-0.324,1.749,2,-0.086,-0.013,1.772,2,-0.093,0.287,1.780,2,-0.107,0.432,1.763,2,-0.276,0.181,1.745,2,-0.339,-0.056,1.729,2,-0.338,-0.252,1.627,2,-0.330,-0.311,1.590,2,0.098,0.192,1.800,2,0.175,-0.056,1.802,2,0.230,-0.245,1.711,2,0.235,-0.309,1.669,2,-0.162,-0.320,1.706,2,-0.189,-0.642,1.702,1,-0.212,-1.070,1.762,1,-0.195,-1.089,1.629,2,0.008,-0.316,1.721,2,0.038,-0.625,1.715,1,0.027,-1.066,1.772,1,0.041,-1.084,1.639,2,-0.091,0.213,1.780,2,-0.317,-0.368,1.562,2,-0.280,-0.335,1.567,2,0.240,-0.366,1.638,2,0.201,-0.342,1.640,0,0,0
0.326|kb,71234447934040000,6,25,0,0,1,72057594037931114,2,-0.079,-0.324,1.749,2,-0.086,-0.013,1.772,2,-0.093,0.287,1.780,2,-0.107,0.432,1.763,2,-0.276,0.181,1.745,2,-0.339,-0.056,1.729,2,-0.339,-0.252,1.627,2,-0.331,-0.311,1.589,2,0.098,0.192,1.800,2,0.175,-0.056,1.802,2,0.230,-0.245,1.711,2,0.235,-0.309,1.667,2,-0.162,-0.320,1.706,2,-0.189,-0.647,1.703,1,-0.212,-1.070,1.762,1,-0.195,-1.089,1.629,2,0.008,-0.316,1.721,2,0.038,-0.625,1.715,1,0.027,-1.066,1.772,1,0.042,-1.084,1.639,2,-0.091,0.213,1.780,2,-0.317,-0.372,1.563,2,-0.281,-0.331,1.569,2,0.240,-0.366,1.639,2,0.202,-0.338,1.633,0,0,0
0.367|kb,71234451353050000,6,25,0,0,1,72057594037931114,2,-0.079,-0.324,1.749,2,-0.086,-0.013,1.772,2,-0.093,0.287,1.780,2,-0.107,0.432,1.763,2,-0.277,0.181,1.745,2,-0.339,-0.056,1.729,2,-0.339,-0.252,1.627,2,-0.331,-0.312,1.588,2,0.098,0.192,1.800,2,0.175,-0.056,1.802,2,0.230,-0.245,1.711,2,0.235,-0.308,1.668,2,-0.162,-0.320,1.706,2,-0.189,-0.647,1.703,1,-0.212,-1.070,1.761,1,-0.195,-1.089,1.629,2,0.008,-0.316,1.721,2,0.038,-0.625,1.715,1,0.027,-1.066,1.772,1,0.041,-1.084,1.639,2,-0.091,0.213,1.780,2,-0.317,-0.368,1.561,2,-0.281,-0.331,1.569,2,0.239,-0.365,1.638,2,0.201,-0.325,1.668,0,0,0
0.402|kb,71234454635260000,6,25,0,0,1,72057594037931114,2,-0.079,-0.324,1.749,2,-0.086,-0.013,1.772,2,-0.093,0.287,1.780,2,-0.107,0.432,1.763,2,-0.277,0.181,1.745,2,-0.339,-0.056,1.729,2,-0.339,-0.252,1.627,2,-0.331,-0.311,1.589,2,0.098,0.192,1.800,2,0.175,-0.056,1.802,2,0.230,-0.245,1.711,2,0.235,-0.309,1.667,2,-0.162,-0.320,1.706,2,-0.189,-0.646,1.703,1,-0.211,-1.070,1.761,1,-0.194,-1.089,1.628,2,0.008,-0.316,1.721,2,0.038,-0.625,1.715,1,0.027,-1.066,1.772,1,0.041,-1.084,1.639,2,-0.091,0.213,1.780,2,-0.315,-0.374,1.565,2,-0.281,-0.329,1.571,2,0.239,-0.364,1.639,2,0.204,-0.335,1.635,0,0,0
0.433|kb,71234457933460000,6,25,0,0,1,72057594037931114,2,-0.079,-0.325,1.749,2,-0.086,-0.013,1.772,2,-0.093,0.287,1.780,2,-0.107,0.432,1.763,2,-0.277,0.181,1.745,2,-0.339,-0.056,1.729,2,-0.339,-0.252,1.628,2,-0.332,-0.312,1.590,2,0.098,0.192,1.800,2,0.175,-0.056,1.802,2,0.230,-0.245,1.712,2,0.235,-0.308,1.668,2,-0.162,-0.320,1.706,2,-0.189,-0.645,1.703,1,-0.212,-1.070,1.761,1,-0.195,-1.089,1.628,2,0.008,-0.316,1.721,2,0.038,-0.625,1.715,1,0.027,-1.066,1.772,1,0.042,-1.084,1.639,2,-0.091,0.213,1.780,2,-0.318,-0.370,1.563,2,-0.281,-0.330,1.570,2,0.242,-0.366,1.637,2,0.201,-0.327,1.661,0,0,0
0.466|kb,71234461342890000,6,25,0,0,1,72057594037931114,2,-0.079,-0.325,1.749,2,-0.086,-0.013,1.772,2,-0.093,0.287,1.780,2,-0.107,0.432,1.763,2,-0.277,0.181,1.745,2,-0.339,-0.056,1.729,2,-0.339,-0.252,1.628,2,-0.332,-0.312,1.590,2,0.098,0.192,1.800,2,0.175,-0.056,1.802,2,0.230,-0.245,1.712,2,0.235,-0.308,1.667,2,-0.162,-0.320,1.706,2,-0.189,-0.644,1.703,1,-0.212,-1.070,1.761,1,-0.195,-1.089,1.628,2,0.008,-0.316,1.721,2,0.038,-0.625,1.715,1,0.028,-1.066,1.772,1,0.042,-1.084,1.639,2,-0.091,0.213,1.780,2,-0.317,-0.370,1.564,2,-0.281,-0.331,1.569,2,0.239,-0.364,1.638,2,0.201,-0.337,1.642,0,0,0
0.493|kb,71234464633440000,6,25,0,0,1,72057594037931114,2,-0.079,-0.325,1.749,2,-0.086,-0.013,1.772,2,-0.093,0.287,1.780,2,-0.107,0.431,1.763,2,-0.277,0.181,1.745,2,-0.339,-0.056,1.729,2,-0.339,-0.252,1.628,2,-0.332,-0.312,1.590,2,0.098,0.192,1.800,2,0.175,-0.056,1.802,2,0.230,-0.244,1.712,2,0.236,-0.308,1.667,2,-0.162,-0.320,1.706,2,-0.189,-0.644,1.703,1,-0.212,-1.070,1.761,1,-0.195,-1.089,1.628,2,0.008,-0.316,1.721,2,0.038,-0.625,1.716,1,0.028,-1.066,1.772,1,0.042,-1.084,1.639,2,-0.091,0.213,1.780,2,-0.315,-0.371,1.565,2,-0.281,-0.332,1.568,2,0.240,-0.364,1.639,2,0.202,-0.332,1.648,0,0,0
0.535|kb,71234467938560000,6,25,0,0,1,72057594037931114,2,-0.079,-0.325,1.749,2,-0.086,-0.013,1.772,2,-0.093,0.287,1.780,2,-0.107,0.432,1.763,2,-0.277,0.181,1.745,2,-0.339,-0.056,1.729,2,-0.340,-0.252,1.628,2,-0.331,-0.313,1.591,2,0.098,0.192,1.800,2,0.175,-0.056,1.802,2,0.231,-0.244,1.712,2,0.239,-0.306,1.667,2,-0.162,-0.320,1.706,2,-0.190,-0.648,1.704,1,-0.212,-1.070,1.761,1,-0.195,-1.088,1.628,2,0.008,-0.316,1.722,2,0.038,-0.625,1.716,1,0.028,-1.066,1.772,1,0.042,-1.084,1.639,2,-0.091,0.213,1.780,2,-0.316,-0.369,1.565,2,-0.281,-0.330,1.571,2,0.241,-0.361,1.635,2,0.207,-0.338,1.636,0,0,0
0.567|kb,71234471342090000,6,25,0,0,1,72057594037931114,2,-0.079,-0.325,1.749,2,-0.086,-0.013,1.772,2,-0.093,0.287,1.780,2,-0.107,0.432,1.763,2,-0.277,0.181,1.745,2,-0.339,-0.056,1.729,2,-0.340,-0.252,1.628,2,-0.332,-0.312,1.590,2,0.097,0.192,1.800,2,0.175,-0.056,1.802,2,0.231,-0.244,1.712,2,0.245,-0.304,1.665,2,-0.162,-0.320,1.706,2,-0.190,-0.650,1.704,1,-0.212,-1.070,1.760,1,-0.195,-1.088,1.627,2,0.008,-0.316,1.722,2,0.038,-0.625,1.716,1,0.028,-1.066,1.772,1,0.042,-1.084,1.639,2,-0.091,0.213,1.780,2,-0.319,-0.370,1.564,2,-0.285,-0.315,1.597,2,0.250,-0.359,1.636,2,0.213,-0.336,1.635,0,0,0
0.602|kb,71234474634650000,6,25,0,0,1,72057594037931114,2,-0.079,-0.325,1.749,2,-0.086,-0.013,1.772,2,-0.093,0.287,1.780,2,-0.107,0.431,1.763,2,-0.277,0.181,1.745,2,-0.340,-0.056,1.729,2,-0.340,-0.252,1.628,2,-0.330,-0.311,1.590,2,0.097,0.192,1.800,2,0.175,-0.055,1.802,2,0.234,-0.243,1.712,2,0.252,-0.298,1.663,2,-0.162,-0.320,1.706,2,-0.189,-0.646,1.703,1,-0.212,-1.070,1.761,1,-0.195,-1.089,1.628,2,0.008,-0.316,1.722,2,0.038,-0.625,1.716,1,0.028,-1.067,1.772,1,0.042,-1.084,1.639,2,-0.092,0.213,1.780,2,-0.308,-0.372,1.558,2,-0.283,-0.327,1.568,2,0.259,-0.351,1.631,2,0.222,-0.332,1.626,0,0,0
0.634|kb,71234477933710000,6,25,0,0,1,72057594037931114,2,-0.079,-0.325,1.749,2,-0.086,-0.013,1.772,2,-0.093,0.287,1.780,2,-0.107,0.432,1.763,2,-0.277,0.181,1.745,2,-0.340,-0.056,1.729,2,-0.340,-0.252,1.628,2,-0.332,-0.312,1.592,2,0.097,0.192,1.800,2,0.176,-0.054,1.802,2,0.241,-0.240,1.712,2,0.261,-0.291,1.662,2,-0.162,-0.320,1.706,2,-0.190,-0.647,1.704,1,-0.212,-1.070,1.760,1,-0.196,-1.089,1.627,2,0.008,-0.316,1.722,2,0.038,-0.625,1.716,1,0.028,-1.067,1.772,1,0.042,-1.084,1.639,2,-0.092,0.213,1.780,2,-0.320,-0.370,1.567,2,-0.283,-0.331,1.566,2,0.267,-0.343,1.626,2,0.235,-0.327,1.619,0,0,0
0.666|kb,71234481341260000,6,25,0,0,1,72057594037931114,2,-0.079,-0.325,1.749,2,-0.086,-0.013,1.772,2,-0.093,0.287,1.780,2,-0.107,0.432,1.763,2,-0.277,0.181,1.745,2,-0.340,-0.056,1.729,2,-0.340,-0.252,1.628,2,-0.331,-0.312,1.592,2,0.097,0.193,1.800,2,0.177,-0.053,1.803,2,0.250,-0.235,1.710,2,0.274,-0.286,1.656,2,-0.162,-0.320,1.706,2,-0.189,-0.646,1.704,1,-0.212,-1.070,1.760,1,-0.196,-1.089,1.627,2,0.008,-0.316,1.722,2,0.038,-0.625,1.716,1,0.028,-1.067,1.772,1,0.042,-1.084,1.639,2,-0.092,0.213,1.781,2,-0.304,-0.376,1.565,2,-0.282,-0.331,1.571,2,0.282,-0.334,1.621,2,0.248,-0.323,1.613,0,0,0
0.693|kb,71234484632960000,6,25,0,0,1,72057594037931114,2,-0.079,-0.325,1.749,2,-0.087,-0.013,1.772,2,-0.093,0.287,1.780,2,-0.108,0.432,1.763,2,-0.277,0.181,1.745,2,-0.340,-0.056,1.729,2,-0.340,-0.252,1.628,2,-0.332,-0.312,1.592,2,0.096,0.193,1.801,2,0.181,-0.051,1.802,2,0.260,-0.230,1.708,2,0.286,-0.276,1.649,2,-0.162,-0.320,1.706,2,-0.189,-0.645,1.704,1,-0.212,-1.070,1.761,1,-0.195,-1.089,1.628,2,0.008,-0.316,1.722,2,0.038,-0.625,1.716,1,0.028,-1.067,1.772,1,0.042,-1.084,1.639,2,-0.092,0.213,1.781,2,-0.318,-0.369,1.564,2,-0.282,-0.331,1.569,2,0.300,-0.323,1.613,2,0.261,-0.316,1.607,0,0,0
0.735|kb,71234487937020000,6,25,0,0,1,72057594037931114,2,-0.079,-0.325,1.749,2,-0.087,-0.013,1.772,2,-0.093,0.287,1.780,2,-0.108,0.432,1.763,2,-0.277,0.181,1.745,2,-0.340,-0.056,1.729,2,-0.340,-0.252,1.628,2,-0.331,-0.312,1.591,2,0.096,0.193,1.801,2,0.186,-0.048,1.802,2,0.274,-0.219,1.702,2,0.302,-0.264,1.639,2,-0.162,-0.321,1.706,2,-0.190,-0.644,1.703,1,-0.212,-1.070,1.761,1,-0.195,-1.089,1.628,2,0.008,-0.316,1.722,2,0.038,-0.625,1.716,1,0.028,-1.067,1.772,1,0.043,-1.084,1.639,2,-0.092,0.213,1.781,2,-0.319,-0.370,1.566,2,-0.283,-0.328,1.573,2,0.315,-0.307,1.603,2,0.287,-0.313,1.606,0,0,0
0.767|kb,71234491343200000,6,25,0,0,1,72057594037931114,2,-0.079,-0.325,1.750,2,-0.087,-0.013,1.772,2,-0.094,0.287,1.780,2,-0.108,0.432,1.764,2,-0.277,0.181,1.745,2,-0.340,-0.057,1.729,2,-0.340,-0.253,1.629,2,-0.333,-0.313,1.593,2,0.095,0.194,1.801,2,0.191,-0.044,1.802,2,0.288,-0.208,1.698,2,0.320,-0.255,1.626,2,-0.162,-0.321,1.707,2,-0.189,-0.643,1.704,1,-0.212,-1.070,1.761,1,-0.195,-1.089,1.628,2,0.008,-0.316,1.722,2,0.038,-0.625,1.716,1,0.028,-1.067,1.773,1,0.043,-1.084,1.640,2,-0.092,0.213,1.781,2,-0.317,-0.370,1.566,2,-0.282,-0.336,1.569,2,0.339,-0.290,1.593,2,0.298,-0.285,1.588,0,0,0
0.800|kb,71234494635800000,6,25,0,0,1,72057594037931114,2,-0.079,-0.325,1.750,2,-0.087,-0.013,1.772,2,-0.094,0.287,1.780,2,-0.108,0.432,1.764,2,-0.277,0.181,1.745,2,-0.340,-0.057,1.729,2,-0.341,-0.253,1.629,2,-0.332,-0.313,1.592,2,0.095,0.194,1.801,2,0.198,-0.041,1.802,2,0.301,-0.198,1.693,2,0.338,-0.237,1.615,2,-0.162,-0.321,1.707,2,-0.191,-0.646,1.704,1,-0.212,-1.070,1.761,1,-0.195,-1.089,1.628,2,0.008,-0.316,1.722,2,0.038,-0.625,1.716,1,0.028,-1.067,1.773,1,0.043,-1.084,1.639,2,-0.092,0.213,1.781,2,-0.318,-0.369,1.564,2,-0.283,-0.329,1.573,2,0.356,-0.269,1.582,2,0.351,-0.286,1.597,0,0,0
0.825|kb,71234497933480000,6,25,0,0,1,72057594037931114,2,-0.079,-0.325,1.750,2,-0.087,-0.013,1.773,2,-0.094,0.287,1.781,2,-0.108,0.432,1.764,2,-0.278,0.181,1.746,2,-0.340,-0.057,1.729,2,-0.341,-0.252,1.629,2,-0.333,-0.314,1.593,2,0.094,0.194,1.802,2,0.203,-0.036,1.803,2,0.318,-0.180,1.687,2,0.354,-0.216,1.606,2,-0.163,-0.321,1.707,2,-0.190,-0.645,1.704,1,-0.212,-1.070,1.760,1,-0.195,-1.089,1.628,2,0.008,-0.316,1.722,2,0.038,-0.625,1.717,1,0.029,-1.067,1.773,1,0.043,-1.084,1.639,2,-0.092,0.213,1.781,2,-0.318,-0.372,1.568,2,-0.283,-0.333,1.571,2,0.376,-0.246,1.574,2,0.373,-0.264,1.591,0,0,0
0.867|kb,71234501345230000,6,25,0,0,1,72057594037931114,2,-0.079,-0.325,1.750,2,-0.087,-0.013,1.773,2,-0.094,0.287,1.781,2,-0.108,0.432,1.764,2,-0.278,0.181,1.746,2,-0.341,-0.057,1.729,2,-0.341,-0.252,1.629,2,-0.333,-0.313,1.592,2,0.094,0.194,1.803,2,0.208,-0.031,1.802,2,0.331,-0.164,1.682,2,0.368,-0.191,1.602,2,-0.163,-0.321,1.707,2,-0.191,-0.647,1.704,1,-0.212,-1.070,1.760,1,-0.194,-1.089,1.627,2,0.008,-0.316,1.723,2,0.038,-0.625,1.717,1,0.029,-1.067,1.773,1,0.044,-1.084,1.640,2,-0.092,0.213,1.781,2,-0.319,-0.374,1.570,2,-0.283,-0.325,1.573,2,0.394,-0.224,1.560,2,0.386,-0.250,1.608,0,0,0
0.908|kb,71234504633550000,6,25,0,0,1,72057594037931114,2,-0.079,-0.325,1.750,2,-0.087,-0.013,1.773,2,-0.094,0.287,1.781,2,-0.109,0.432,1.764,2,-0.279,0.180,1.746,2,-0.341,-0.057,1.730,2,-0.342,-0.252,1.629,2,-0.333,-0.313,1.593,2,0.094,0.194,1.804,2,0.214,-0.024,1.804,2,0.341,-0.149,1.679,2,0.382,-0.167,1.600,2,-0.163,-0.321,1.707,2,-0.191,-0.646,1.705,1,-0.212,-1.071,1.760,1,-0.194,-1.089,1.627,2,0.008,-0.316,1.723,2,0.038,-0.625,1.717,1,0.028,-1.067,1.773,1,0.043,-1.084,1.640,2,-0.093,0.213,1.781,2,-0.320,-0.372,1.565,2,-0.283,-0.331,1.573,2,0.405,-0.192,1.552,2,0.404,-0.224,1.597,0,0,0
0.934|kb,71234507933930000,6,25,0,0,1,72057594037931114,2,-0.079,-0.325,1.750,2,-0.087,-0.013,1.773,2,-0.094,0.287,1.781,2,-0.109,0.432,1.764,2,-0.279,0.180,1.746,2,-0.341,-0.057,1.730,2,-0.342,-0.252,1.629,2,-0.333,-0.313,1.593,2,0.094,0.194,1.804,2,0.218,-0.017,1.803,2,0.354,-0.129,1.674,2,0.396,-0.142,1.593,2,-0.163,-0.321,1.707,2,-0.191,-0.645,1.705,1,-0.212,-1.071,1.760,1,-0.194,-1.089,1.627,2,0.007,-0.316,1.723,2,0.038,-0.625,1.717,1,0.028,-1.067,1.773,1,0.043,-1.084,1.640,2,-0.093,0.213,1.781,2,-0.316,-0.374,1.567,2,-0.284,-0.331,1.571,2,0.419,-0.164,1.543,2,0.413,-0.196,1.581,0,0,0
0.966|kb,71234511341560000,6,25,0,0,1,72057594037931114,2,-0.079,-0.325,1.750,2,-0.087,-0.013,1.773,2,-0.094,0.287,1.781,2,-0.109,0.432,1.765,2,-0.279,0.180,1.746,2,-0.341,-0.057,1.730,2,-0.342,-0.252,1.629,2,-0.332,-0.313,1.592,2,0.094,0.193,1.805,2,0.222,-0.010,1.802,2,0.363,-0.108,1.669,2,0.407,-0.117,1.587,2,-0.163,-0.321,1.708,2,-0.191,-0.645,1.704,1,-0.212,-1.071,1.760,1,-0.194,-1.089,1.627,2,0.007,-0.316,1.723,2,0.038,-0.625,1.717,1,0.028,-1.067,1.773,1,0.044,-1.084,1.640,2,-0.093,0.213,1.781,2,-0.315,-0.374,1.566,2,-0.283,-0.330,1.572,2,0.432,-0.133,1.533,2,0.415,-0.157,1.590,0,0,0
0.999|kb,71234514633260000,6,25,0,0,1,72057594037931114,2,-0.079,-0.325,1.751,2,-0.088,-0.013,1.773,2,-0.095,0.287,1.781,2,-0.110,0.432,1.765,2,-0.279,0.180,1.746,2,-0.341,-0.057,1.730,2,-0.341,-0.253,1.629,2,-0.332,-0.313,1.592,2,0.094,0.193,1.805,2,0.227,-0.003,1.802,2,0.371,-0.089,1.662,2,0.418,-0.091,1.579,2,-0.163,-0.321,1.708,2,-0.191,-0.645,1.704,1,-0.212,-1.071,1.760,1,-0.193,-1.089,1.627,2,0.007,-0.316,1.723,2,0.038,-0.625,1.717,1,0.028,-1.067,1.774,1,0.044,-1.084,1.641,2,-0.093,0.213,1.782,2,-0.316,-0.372,1.567,2,-0.282,-0.332,1.569,2,0.444,-0.100,1.524,2,0.432,-0.134,1.574,0,0,0
1.033|kb,71234517934070000,6,25,0,0,1,72057594037931114,2,-0.080,-0.325,1.751,2,-0.088,-0.013,1.774,2,-0.095,0.287,1.782,2,-0.110,0.432,1.766,2,-0.279,0.180,1.746,2,-0.341,-0.057,1.730,2,-0.341,-0.253,1.630,2,-0.331,-0.314,1.595,2,0.094,0.193,1.806,2,0.231,0.004,1.802,2,0.393,-0.055,1.625,2,0.428,-0.064,1.574,2,-0.163,-0.321,1.708,2,-0.191,-0.649,1.705,1,-0.212,-1.071,1.760,1,-0.193,-1.089,1.627,2,0.007,-0.316,1.724,2,0.038,-0.625,1.717,1,0.028,-1.067,1.774,1,0.044,-1.084,1.641,2,-0.093,0.214,1.782,2,-0.317,-0.370,1.566,2,-0.283,-0.330,1.572,2,0.457,-0.072,1.520,2,0.443,-0.104,1.566,0,0,0
1.069|kb,71234521342270000,6,25,0,0,1,72057594037931114,2,-0.080,-0.325,1.751,2,-0.088,-0.013,1.774,2,-0.095,0.287,1.782,2,-0.111,0.432,1.766,2,-0.279,0.180,1.746,2,-0.341,-0.057,1.730,2,-0.341,-0.253,1.630,2,-0.330,-0.313,1.593,2,0.095,0.193,1.807,2,0.231,0.004,1.803,2,0.385,-0.032,1.653,2,0.432,-0.035,1.569,2,-0.163,-0.321,1.708,2,-0.190,-0.647,1.705,1,-0.212,-1.071,1.760,1,-0.194,-1.089,1.627,2,0.007,-0.316,1.724,2,0.038,-0.625,1.718,1,0.028,-1.067,1.774,1,0.044,-1.084,1.641,2,-0.094,0.214,1.782,2,-0.312,-0.375,1.567,2,-0.281,-0.334,1.572,2,0.464,-0.040,1.512,2,0.445,-0.071,1.558,0,0,0
1.100|kb,71234524636790000,6,25,0,0,1,72057594037931114,2,-0.080,-0.325,1.751,2,-0.088,-0.013,1.774,2,-0.096,0.287,1.782,2,-0.111,0.432,1.767,2,-0.273,0.180,1.754,2,-0.341,-0.057,1.730,2,-0.341,-0.253,1.630,2,-0.330,-0.314,1.593,2,0.095,0.193,1.807,2,0.236,0.013,1.803,2,0.388,-0.021,1.649,2,0.438,-0.012,1.566,2,-0.163,-0.321,1.708,2,-0.190,-0.647,1.705,1,-0.212,-1.071,1.761,1,-0.196,-1.089,1.627,2,0.007,-0.317,1.724,2,0.037,-0.625,1.718,1,0.027,-1.067,1.774,1,0.041,-1.085,1.641,2,-0.094,0.214,1.783,2,-0.313,-0.376,1.565,2,-0.282,-0.330,1.572,2,0.464,-0.008,1.505,2,0.470,-0.056,1.545,0,0,0
1.125|kb,71234527933830000,6,25,0,0,1,72057594037931114,2,-0.080,-0.325,1.751,2,-0.088,-0.013,1.774,2,-0.096,0.287,1.783,2,-0.112,0.432,1.767,2,-0.274,0.180,1.753,2,-0.341,-0.057,1.730,2,-0.341,-0.253,1.630,2,-0.330,-0.313,1.594,2,0.095,0.193,1.808,2,0.237,0.013,1.803,2,0.390,-0.001,1.647,2,0.441,0.018,1.560,2,-0.163,-0.321,1.708,2,-0.191,-0.650,1.706,1,-0.212,-1.071,1.760,1,-0.195,-1.088,1.627,2,0.007,-0.317,1.724,2,0.038,-0.625,1.718,1,0.027,-1.067,1.775,1,0.041,-1.084,1.641,2,-0.094,0.214,1.783,2,-0.316,-0.373,1.568,2,-0.281,-0.333,1.572,2,0.465,0.023,1.499,2,0.468,-0.018,1.546,0,0,0
1.171|kb,71234531346990000,6,25,0,0,1,72057594037931114,2,-0.080,-0.325,1.751,2,-0.088,-0.013,1.774,2,-0.096,0.287,1.783,2,-0.112,0.432,1.767,2,-0.275,0.180,1.752,2,-0.341,-0.057,1.730,2,-0.340,-0.254,1.630,2,-0.330,-0.312,1.592,2,0.095,0.193,1.808,2,0.237,0.014,1.805,2,0.392,0.028,1.639,2,0.441,0.044,1.559,2,-0.163,-0.321,1.708,2,-0.190,-0.647,1.705,1,-0.212,-1.070,1.761,1,-0.195,-1.088,1.628,2,0.007,-0.317,1.725,2,0.038,-0.625,1.718,1,0.027,-1.067,1.775,1,0.041,-1.084,1.642,2,-0.094,0.214,1.783,2,-0.315,-0.372,1.566,2,-0.281,-0.331,1.568,2,0.465,0.051,1.495,2,0.468,0.010,1.549,0,0,0
1.199|kb,71234534635140000,6,25,0,0,1,72057594037931114,2,-0.080,-0.325,1.751,2,-0.088,-0.013,1.774,2,-0.096,0.287,1.783,2,-0.112,0.432,1.767,2,-0.275,0.180,1.752,2,-0.341,-0.058,1.730,2,-0.340,-0.254,1.630,2,-0.330,-0.313,1.593,2,0.095,0.193,1.808,2,0.240,0.016,1.807,2,0.395,0.044,1.635,2,0.442,0.071,1.559,2,-0.163,-0.321,1.708,2,-0.191,-0.651,1.706,1,-0.212,-1.070,1.760,1,-0.195,-1.088,1.627,2,0.007,-0.317,1.725,2,0.038,-0.625,1.718,1,0.027,-1.067,1.775,1,0.041,-1.084,1.642,2,-0.094,0.214,1.783,2,-0.316,-0.370,1.564,2,-0.291,-0.306,1.616,2,0.475,0.084,1.492,2,0.469,0.039,1.545,0,0,0
1.225|kb,71234537935820000,6,25,0,0,1,72057594037931114,2,-0.080,-0.325,1.752,2,-0.088,-0.013,1.775,2,-0.096,0.287,1.784,2,-0.112,0.432,1.768,2,-0.276,0.180,1.752,2,-0.342,-0.058,1.730,2,-0.340,-0.254,1.630,2,-0.329,-0.313,1.592,2,0.095,0.193,1.808,2,0.262,0.050,1.789,2,0.405,0.067,1.623,2,0.445,0.094,1.554,2,-0.163,-0.321,1.708,2,-0.191,-0.651,1.706,1,-0.212,-1.070,1.760,1,-0.195,-1.088,1.627,2,0.007,-0.317,1.725,2,0.038,-0.625,1.718,1,0.027,-1.067,1.775,1,0.041,-1.084,1.642,2,-0.094,0.214,1.784,2,-0.314,-0.373,1.564,2,-0.280,-0.333,1.570,2,0.473,0.107,1.492,2,0.468,0.064,1.542,0,0,0
1.269|kb,71234541342640000,6,25,0,0,1,72057594037931114,2,-0.080,-0.325,1.752,2,-0.088,-0.013,1.775,2,-0.096,0.288,1.784,2,-0.113,0.432,1.768,2,-0.276,0.180,1.751,2,-0.342,-0.058,1.730,2,-0.340,-0.253,1.630,2,-0.330,-0.313,1.592,2,0.096,0.193,1.808,2,0.260,0.043,1.792,2,0.402,0.081,1.625,2,0.445,0.119,1.552,2,-0.163,-0.321,1.708,2,-0.191,-0.647,1.706,1,-0.212,-1.071,1.760,1,-0.195,-1.088,1.627,2,0.007,-0.317,1.725,2,0.038,-0.625,1.718,1,0.027,-1.067,1.775,1,0.041,-1.084,1.642,2,-0.094,0.214,1.784,2,-0.317,-0.371,1.566,2,-0.280,-0.329,1.572,2,0.473,0.134,1.491,2,0.483,0.095,1.498,0,0,0
1.300|kb,71234544633790000,6,25,0,0,1,72057594037931114,2,-0.080,-0.325,1.752,2,-0.088,-0.013,1.775,2,-0.096,0.288,1.784,2,-0.113,0.432,1.768,2,-0.276,0.180,1.751,2,-0.342,-0.057,1.730,2,-0.340,-0.254,1.630,2,-0.330,-0.313,1.593,2,0.096,0.193,1.808,2,0.260,0.042,1.795,2,0.402,0.099,1.625,2,0.443,0.142,1.553,2,-0.163,-0.321,1.708,2,-0.191,-0.648,1.706,1,-0.213,-1.071,1.760,1,-0.195,-1.088,1.627,2,0.007,-0.317,1.726,2,0.038,-0.625,1.719,1,0.027,-1.067,1.775,1,0.042,-1.084,1.642,2,-0.094,0.214,1.784,2,-0.314,-0.373,1.566,2,-0.280,-0.334,1.569,2,0.466,0.162,1.490,2,0.465,0.105,1.466,0,0,0
1.334|kb,71234547933650000,6,25,0,0,1,72057594037931114,2,-0.080,-0.325,1.752,2,-0.088,-0.013,1.776,2,-0.096,0.288,1.785,2,-0.113,0.432,1.769,2,-0.278,0.179,1.751,2,-0.342,-0.057,1.730,2,-0.340,-0.254,1.630,2,-0.330,-0.312,1.592,2,0.096,0.193,1.808,2,0.261,0.041,1.798,2,0.400,0.115,1.626,2,0.439,0.164,1.557,2,-0.163,-0.321,1.709,2,-0.191,-0.647,1.706,1,-0.213,-1.071,1.760,1,-0.195,-1.088,1.627,2,0.007,-0.317,1.726,2,0.038,-0.625,1.719,1,0.027,-1.067,1.775,1,0.042,-1.084,1.642,2,-0.095,0.214,1.785,2,-0.316,-0.371,1.565,2,-0.277,-0.326,1.574,2,0.462,0.192,1.492,2,0.472,0.142,1.531,0,0,0
1.367|kb,71234551343900000,6,25,0,0,1,72057594037931114,2,-0.080,-0.326,1.752,2,-0.089,-0.013,1.776,2,-0.096,0.288,1.785,2,-0.114,0.432,1.769,2,-0.279,0.179,1.751,2,-0.342,-0.057,1.730,2,-0.340,-0.254,1.630,2,-0.330,-0.312,1.591,2,0.096,0.193,1.808,2,0.286,0.056,1.776,2,0.408,0.141,1.615,2,0.436,0.187,1.557,2,-0.163,-0.321,1.709,2,-0.191,-0.646,1.706,1,-0.213,-1.071,1.760,1,-0.196,-1.088,1.627,2,0.007,-0.317,1.726,2,0.037,-0.625,1.719,1,0.027,-1.067,1.775,1,0.042,-1.084,1.642,2,-0.095,0.214,1.785,2,-0.316,-0.371,1.565,2,-0.280,-0.332,1.570,2,0.455,0.222,1.495,2,0.470,0.170,1.518,0,0,0
1.393|kb,71234554635860000,6,25,0,0,1,72057594037931114,2,-0.080,-0.325,1.753,2,-0.089,-0.013,1.776,2,-0.097,0.288,1.785,2,-0.114,0.432,1.769,2,-0.279,0.179,1.750,2,-0.342,-0.057,1.730,2,-0.340,-0.254,1.630,2,-0.331,-0.312,1.592,2,0.097,0.193,1.808,2,0.291,0.060,1.770,2,0.405,0.165,1.617,2,0.433,0.212,1.558,2,-0.163,-0.321,1.709,2,-0.191,-0.645,1.706,1,-0.213,-1.071,1.760,1,-0.195,-1.088,1.627,2,0.007,-0.317,1.726,2,0.038,-0.625,1.719,1,0.027,-1.067,1.775,1,0.042,-1.084,1.642,2,-0.095,0.214,1.785,2,-0.316,-0.370,1.564,2,-0.284,-0.331,1.565,2,0.453,0.247,1.500,2,0.469,0.199,1.504,0,0,0
1.435|kb,71234557935850000,6,25,0,0,1,72057594037931114,2,-0.080,-0.326,1.753,2,-0.089,-0.013,1.776,2,-0.097,0.288,1.785,2,-0.114,0.432,1.769,2,-0.280,0.179,1.750,2,-0.342,-0.058,1.730,2,-0.339,-0.254,1.630,2,-0.330,-0.312,1.593,2,0.097,0.193,1.808,2,0.282,0.055,1.795,2,0.398,0.174,1.624,2,0.429,0.232,1.562,2,-0.163,-0.321,1.709,2,-0.190,-0.645,1.706,1,-0.213,-1.071,1.760,1,-0.195,-1.088,1.627,2,0.007,-0.317,1.726,2,0.037,-0.625,1.719,1,0.027,-1.067,1.775,1,0.042,-1.084,1.642,2,-0.095,0.214,1.785,2,-0.316,-0.369,1.563,2,-0.280,-0.333,1.570,2,0.449,0.268,1.504,2,0.465,0.222,1.508,0,0,0
1.466|kb,71234561344340000,6,25,0,0,1,72057594037931114,2,-0.080,-0.326,1.753,2,-0.089,-0.013,1.776,2,-0.097,0.288,1.785,2,-0.115,0.432,1.769,2,-0.280,0.178,1.750,2,-0.342,-0.058,1.730,2,-0.339,-0.254,1.630,2,-0.330,-0.312,1.592,2,0.098,0.192,1.807,2,0.296,0.074,1.771,2,0.398,0.195,1.621,2,0.423,0.251,1.566,2,-0.163,-0.321,1.709,2,-0.190,-0.644,1.706,1,-0.213,-1.070,1.760,1,-0.196,-1.088,1.627,2,0.007,-0.317,1.726,2,0.037,-0.624,1.719,1,0.027,-1.067,1.775,1,0.042,-1.084,1.642,2,-0.095,0.214,1.785,2,-0.315,-0.371,1.565,2,-0.280,-0.332,1.570,2,0.440,0.286,1.507,2,0.458,0.242,1.510,0,0,0
1.495|kb,71234564635870000,6,25,0,0,1,72057594037931114,2,-0.080,-0.326,1.753,2,-0.089,-0.013,1.777,2,-0.097,0.288,1.786,2,-0.115,0.432,1.770,2,-0.280,0.178,1.750,2,-0.342,-0.058,1.731,2,-0.340,-0.254,1.630,2,-0.330,-0.313,1.593,2,0.098,0.192,1.807,2,0.300,0.079,1.764,2,0.397,0.212,1.621,2,0.418,0.271,1.569,2,-0.163,-0.321,1.709,2,-0.190,-0.645,1.706,1,-0.213,-1.071,1.760,1,-0.196,-1.088,1.627,2,0.007,-0.317,1.726,2,0.037,-0.624,1.720,1,0.027,-1.067,1.775,1,0.042,-1.084,1.642,2,-0.095,0.214,1.786,2,-0.315,-0.370,1.564,2,-0.281,-0.331,1.570,2,0.429,0.311,1.514,2,0.458,0.264,1.512,0,0,0
1.523|kb,71234567933820000,6,25,0,0,1,72057594037931114,2,-0.080,-0.326,1.753,2,-0.089,-0.013,1.777,2,-0.097,0.288,1.786,2,-0.115,0.432,1.770,2,-0.280,0.178,1.750,2,-0.342,-0.058,1.731,2,-0.340,-0.253,1.630,2,-0.330,-0.314,1.593,2,0.098,0.193,1.807,2,0.304,0.083,1.762,2,0.392,0.226,1.623,2,0.411,0.289,1.573,2,-0.163,-0.321,1.710,2,-0.190,-0.649,1.707,1,-0.213,-1.071,1.760,1,-0.196,-1.088,1.627,2,0.007,-0.317,1.727,2,0.037,-0.624,1.720,1,0.028,-1.067,1.775,1,0.042,-1.084,1.642,2,-0.095,0.214,1.786,2,-0.317,-0.373,1.570,2,-0.297,-0.297,1.624,2,0.421,0.334,1.520,2,0.452,0.282,1.516,0,0,0
1.567|kb,71234571341670000,6,25,0,0,1,72057594037931114,2,-0.080,-0.326,1.753,2,-0.089,-0.013,1.777,2,-0.097,0.288,1.786,2,-0.116,0.432,1.770,2,-0.280,0.178,1.750,2,-0.342,-0.058,1.731,2,-0.340,-0.253,1.630,2,-0.330,-0.314,1.593,2,0.098,0.193,1.807,2,0.304,0.087,1.760,2,0.388,0.237,1.626,2,0.403,0.305,1.580,2,-0.163,-0.321,1.710,2,-0.191,-0.651,1.708,1,-0.213,-1.071,1.760,1,-0.196,-1.088,1.626,2,0.007,-0.317,1.727,2,0.037,-0.624,1.720,1,0.028,-1.067,1.775,1,0.042,-1.084,1.642,2,-0.095,0.214,1.786,2,-0.317,-0.371,1.566,2,-0.280,-0.334,1.576,2,0.413,0.353,1.527,2,0.441,0.293,1.532,0,0,0
1.599|kb,71234574635850000,6,25,0,0,1,72057594037931114,2,-0.080,-0.326,1.753,2,-0.089,-0.013,1.777,2,-0.097,0.288,1.786,2,-0.116,0.432,1.770,2,-0.280,0.178,1.750,2,-0.342,-0.057,1.731,2,-0.340,-0.253,1.631,2,-0.330,-0.314,1.595,2,0.099,0.193,1.806,2,0.310,0.093,1.756,2,0.382,0.262,1.625,2,0.397,0.324,1.585,2,-0.163,-0.321,1.710,2,-0.191,-0.650,1.708,1,-0.213,-1.071,1.760,1,-0.196,-1.088,1.627,2,0.007,-0.317,1.727,2,0.037,-0.624,1.720,1,0.028,-1.067,1.776,1,0.042,-1.084,1.642,2,-0.095,0.214,1.786,2,-0.314,-0.375,1.571,2,-0.280,-0.333,1.577,2,0.402,0.379,1.539,2,0.429,0.312,1.534,0,0,0
1.625|kb,71234577933920000,6,25,0,0,1,72057594037931114,2,-0.080,-0.326,1.753,2,-0.089,-0.013,1.777,2,-0.097,0.288,1.786,2,-0.116,0.432,1.770,2,-0.280,0.178,1.750,2,-0.342,-0.058,1.731,2,-0.340,-0.253,1.631,2,-0.331,-0.314,1.595,2,0.099,0.192,1.806,2,0.313,0.098,1.752,2,0.379,0.284,1.624,2,0.389,0.339,1.592,2,-0.163,-0.321,1.710,2,-0.190,-0.648,1.707,1,-0.213,-1.071,1.760,1,-0.196,-1.088,1.626,2,0.007,-0.317,1.727,2,0.037,-0.624,1.720,1,0.028,-1.067,1.776,1,0.042,-1.084,1.642,2,-0.095,0.214,1.786,2,-0.316,-0.371,1.568,2,-0.280,-0.333,1.576,2,0.395,0.393,1.549,2,0.429,0.341,1.536,0,0,0
1.667|kb,71234581343650000,6,25,0,0,1,72057594037931114,2,-0.080,-0.326,1.753,2,-0.089,-0.013,1.777,2,-0.097,0.288,1.786,2,-0.116,0.432,1.770,2,-0.281,0.178,1.750,2,-0.342,-0.058,1.731,2,-0.340,-0.253,1.631,2,-0.331,-0.314,1.594,2,0.100,0.192,1.805,2,0.312,0.104,1.749,2,0.374,0.292,1.628,2,0.380,0.352,1.599,2,-0.163,-0.321,1.710,2,-0.190,-0.651,1.708,1,-0.213,-1.071,1.760,1,-0.197,-1.088,1.626,2,0.007,-0.317,1.727,2,0.037,-0.624,1.720,1,0.028,-1.067,1.776,1,0.042,-1.084,1.642,2,-0.095,0.214,1.786,2,-0.317,-0.373,1.568,2,-0.280,-0.335,1.575,2,0.385,0.405,1.554,2,0.420,0.357,1.547,0,0,0
1.701|kb,71234584635910000,6,25,0,0,1,72057594037931114,2,-0.080,-0.326,1.754,2,-0.089,-0.013,1.777,2,-0.097,0.288,1.786,2,-0.116,0.432,1.770,2,-0.281,0.178,1.750,2,-0.342,-0.057,1.731,2,-0.340,-0.253,1.631,2,-0.331,-0.315,1.595,2,0.101,0.192,1.804,2,0.313,0.107,1.748,2,0.367,0.302,1.633,2,0.371,0.365,1.607,2,-0.163,-0.321,1.710,2,-0.190,-0.649,1.707,1,-0.213,-1.071,1.760,1,-0.197,-1.088,1.626,2,0.007,-0.317,1.727,2,0.038,-0.624,1.720,1,0.028,-1.067,1.775,1,0.041,-1.084,1.642,2,-0.095,0.214,1.786,2,-0.313,-0.376,1.567,2,-0.282,-0.333,1.572,2,0.375,0.419,1.564,2,0.408,0.377,1.553,0,0,0
1.734|kb,71234587935990000,6,25,0,0,1,72057594037931114,2,-0.080,-0.326,1.754,2,-0.089,-0.013,1.777,2,-0.097,0.288,1.787,2,-0.117,0.432,1.771,2,-0.281,0.178,1.750,2,-0.342,-0.058,1.732,2,-0.340,-0.254,1.632,2,-0.331,-0.314,1.597,2,0.101,0.192,1.804,2,0.315,0.111,1.747,2,0.362,0.309,1.640,2,0.361,0.378,1.617,2,-0.163,-0.321,1.710,2,-0.190,-0.650,1.708,1,-0.213,-1.071,1.760,1,-0.197,-1.088,1.627,2,0.007,-0.317,1.727,2,0.038,-0.623,1.720,1,0.028,-1.067,1.776,1,0.041,-1.084,1.642,2,-0.095,0.214,1.787,2,-0.317,-0.373,1.571,2,-0.282,-0.332,1.574,2,0.358,0.433,1.577,2,0.397,0.393,1.558,0,0,0
1.759|kb,71234591342390000,6,25,0,0,1,72057594037931114,2,-0.080,-0.326,1.754,2,-0.089,-0.013,1.777,2,-0.097,0.288,1.787,2,-0.117,0.432,1.771,2,-0.281,0.178,1.751,2,-0.342,-0.058,1.732,2,-0.339,-0.255,1.632,2,-0.331,-0.314,1.596,2,0.102,0.192,1.804,2,0.315,0.115,1.746,2,0.355,0.317,1.645,2,0.351,0.386,1.624,2,-0.163,-0.321,1.710,2,-0.190,-0.648,1.707,1,-0.213,-1.071,1.760,1,-0.197,-1.088,1.627,2,0.007,-0.317,1.727,2,0.038,-0.623,1.720,1,0.028,-1.067,1.776,1,0.041,-1.084,1.642,2,-0.095,0.214,1.787,2,-0.317,-0.371,1.568,2,-0.276,-0.246,1.597,2,0.348,0.444,1.586,2,0.386,0.406,1.568,0,0,0
1.802|kb,71234594635920000,6,25,0,0,1,72057594037931114,2,-0.080,-0.326,1.754,2,-0.089,-0.013,1.777,2,-0.097,0.288,1.787,2,-0.117,0.432,1.771,2,-0.281,0.178,1.751,2,-0.342,-0.057,1.732,2,-0.339,-0.255,1.632,2,-0.332,-0.314,1.596,2,0.103,0.192,1.803,2,0.316,0.118,1.745,2,0.348,0.323,1.650,2,0.340,0.394,1.631,2,-0.163,-0.321,1.710,2,-0.190,-0.647,1.707,1,-0.213,-1.071,1.760,1,-0.198,-1.088,1.627,2,0.007,-0.317,1.727,2,0.038,-0.623,1.720,1,0.028,-1.067,1.776,1,0.041,-1.084,1.642,2,-0.095,0.214,1.787,2,-0.318,-0.372,1.567,2,-0.282,-0.336,1.575,2,0.335,0.452,1.592,2,0.377,0.414,1.577,0,0,0
1.834|kb,71234597934850000,6,25,0,0,1,72057594037931114,2,-0.080,-0.326,1.754,2,-0.089,-0.013,1.777,2,-0.097,0.288,1.787,2,-0.117,0.432,1.771,2,-0.282,0.178,1.751,2,-0.342,-0.057,1.732,2,-0.339,-0.255,1.633,2,-0.331,-0.315,1.594,2,0.104,0.192,1.802,2,0.316,0.123,1.743,2,0.341,0.329,1.656,2,0.329,0.403,1.638,2,-0.163,-0.321,1.710,2,-0.189,-0.646,1.707,1,-0.213,-1.071,1.760,1,-0.198,-1.088,1.627,2,0.007,-0.317,1.727,2,0.038,-0.623,1.720,1,0.028,-1.067,1.776,1,0.041,-1.083,1.642,2,-0.095,0.214,1.787,2,-0.313,-0.375,1.567,2,-0.282,-0.336,1.575,2,0.322,0.461,1.603,2,0.363,0.422,1.583,0,0,0
1.866|kb,71234601341380000,6,25,0,0,1,72057594037931114,2,-0.080,-0.326,1.754,2,-0.089,-0.013,1.777,2,-0.097,0.288,1.787,2,-0.117,0.432,1.771,2,-0.282,0.178,1.751,2,-0.342,-0.058,1.732,2,-0.340,-0.254,1.633,2,-0.331,-0.314,1.594,2,0.104,0.192,1.801,2,0.318,0.125,1.742,2,0.327,0.348,1.662,2,0.317,0.410,1.646,2,-0.163,-0.321,1.710,2,-0.190,-0.649,1.707,1,-0.213,-1.071,1.760,1,-0.198,-1.088,1.627,2,0.007,-0.317,1.727,2,0.038,-0.623,1.720,1,0.028,-1.067,1.776,1,0.041,-1.083,1.642,2,-0.095,0.214,1.787,2,-0.317,-0.374,1.569,2,-0.281,-0.336,1.574,2,0.309,0.467,1.612,2,0.355,0.425,1.601,0,0,0
1.892|kb,71234604635810000,6,25,0,0,1,72057594037931114,2,-0.080,-0.326,1.754,2,-0.089,-0.013,1.777,2,-0.097,0.288,1.787,2,-0.118,0.432,1.771,2,-0.282,0.178,1.751,2,-0.342,-0.058,1.732,2,-0.340,-0.254,1.633,2,-0.331,-0.313,1.594,2,0.105,0.192,1.801,2,0.319,0.127,1.742,2,0.322,0.347,1.667,2,0.306,0.413,1.653,2,-0.163,-0.321,1.710,2,-0.191,-0.653,1.707,1,-0.213,-1.071,1.760,1,-0.198,-1.088,1.627,2,0.007,-0.317,1.727,2,0.038,-0.623,1.720,1,0.028,-1.067,1.776,1,0.041,-1.084,1.642,2,-0.095,0.214,1.787,2,-0.317,-0.372,1.567,2,-0.282,-0.334,1.575,2,0.292,0.472,1.622,2,0.343,0.431,1.609,0,0,0
1.933|kb,71234607938890000,6,25,0,0,1,72057594037931114,2,-0.080,-0.326,1.754,2,-0.089,-0.013,1.777,2,-0.097,0.288,1.787,2,-0.118,0.432,1.771,2,-0.282,0.178,1.751,2,-0.342,-0.058,1.732,2,-0.340,-0.254,1.633,2,-0.330,-0.313,1.594,2,0.105,0.192,1.800,2,0.320,0.131,1.741,2,0.313,0.356,1.672,2,0.294,0.418,1.660,2,-0.163,-0.322,1.710,2,-0.190,-0.650,1.707,1,-0.212,-1.071,1.760,1,-0.198,-1.088,1.627,2,0.007,-0.317,1.727,2,0.038,-0.623,1.720,1,0.028,-1.067,1.776,1,0.040,-1.084,1.642,2,-0.095,0.214,1.787,2,-0.318,-0.371,1.567,2,-0.283,-0.330,1.569,2,0.276,0.476,1.632,2,0.321,0.448,1.609,0,0,0
1.959|kb,71234611343870000,6,25,0,0,1,72057594037931114,2,-0.080,-0.326,1.754,2,-0.089,-0.013,1.777,2,-0.097,0.288,1.787,2,-0.118,0.432,1.771,2,-0.282,0.178,1.750,2,-0.342,-0.057,1.732,2,-0.340,-0.254,1.633,2,-0.330,-0.313,1.592,2,0.105,0.192,1.799,2,0.322,0.135,1.738,2,0.305,0.360,1.676,2,0.282,0.421,1.666,2,-0.163,-0.322,1.710,2,-0.190,-0.650,1.707,1,-0.212,-1.071,1.760,1,-0.198,-1.088,1.627,2,0.007,-0.317,1.726,2,0.038,-0.622,1.719,1,0.028,-1.067,1.775,1,0.040,-1.084,1.642,2,-0.095,0.214,1.787,2,-0.317,-0.374,1.565,2,-0.282,-0.334,1.573,2,0.260,0.478,1.639,2,0.324,0.444,1.637,0,0,0
2.001|kb,71234614636260000,6,25,0,0,1,72057594037931114,2,-0.080,-0.326,1.753,2,-0.089,-0.013,1.777,2,-0.097,0.288,1.787,2,-0.118,0.432,1.771,2,-0.282,0.178,1.750,2,-0.342,-0.058,1.732,2,-0.339,-0.254,1.632,2,-0.330,-0.312,1.590,2,0.106,0.191,1.798,2,0.323,0.136,1.736,2,0.297,0.357,1.680,2,0.269,0.422,1.672,2,-0.163,-0.322,1.710,2,-0.189,-0.648,1.706,1,-0.213,-1.071,1.761,1,-0.199,-1.088,1.627,2,0.007,-0.317,1.726,2,0.038,-0.622,1.719,1,0.028,-1.067,1.775,1,0.039,-1.084,1.642,2,-0.095,0.214,1.787,2,-0.317,-0.370,1.563,2,-0.280,-0.332,1.576,2,0.240,0.479,1.645,2,0.309,0.441,1.640,0,0,0
2.034|kb,71234617935830000,6,25,0,0,1,72057594037931114,2,-0.079,-0.326,1.753,2,-0.089,-0.013,1.777,2,-0.097,0.288,1.787,2,-0.118,0.432,1.771,2,-0.282,0.178,1.750,2,-0.342,-0.058,1.732,2,-0.339,-0.254,1.632,2,-0.330,-0.313,1.591,2,0.106,0.191,1.797,2,0.324,0.138,1.735,2,0.287,0.356,1.686,2,0.255,0.423,1.680,2,-0.163,-0.322,1.710,2,-0.190,-0.648,1.706,1,-0.212,-1.071,1.761,1,-0.198,-1.088,1.627,2,0.008,-0.317,1.726,2,0.038,-0.621,1.719,1,0.028,-1.067,1.775,1,0.039,-1.084,1.642,2,-0.095,0.214,1.787,2,-0.317,-0.370,1.563,2,-0.281,-0.331,1.572,2,0.224,0.480,1.659,2,0.282,0.450,1.636,0,0,0
2.066|kb,71234621344360000,6,25,0,0,1,72057594037931114,2,-0.080,-0.326,1.753,2,-0.089,-0.013,1.777,2,-0.097,0.288,1.787,2,-0.118,0.432,1.771,2,-0.282,0.177,1.750,2,-0.342,-0.058,1.732,2,-0.339,-0.254,1.632,2,-0.330,-0.313,1.592,2,0.105,0.191,1.796,2,0.324,0.140,1.734,2,0.276,0.354,1.692,2,0.242,0.420,1.688,2,-0.163,-0.322,1.710,2,-0.189,-0.646,1.705,1,-0.212,-1.071,1.761,1,-0.198,-1.088,1.627,2,0.008,-0.318,1.725,2,0.038,-0.621,1.719,1,0.028,-1.067,1.775,1,0.039,-1.084,1.642,2,-0.095,0.215,1.787,2,-0.316,-0.372,1.565,2,-0.281,-0.334,1.572,2,0.208,0.477,1.667,2,0.263,0.452,1.640,0,0,0
2.092|kb,71234624633670000,6,25,0,0,1,72057594037931114,2,-0.079,-0.326,1.753,2,-0.089,-0.013,1.777,2,-0.097,0.288,1.787,2,-0.118,0.432,1.770,2,-0.282,0.178,1.750,2,-0.342,-0.058,1.732,2,-0.339,-0.254,1.632,2,-0.330,-0.312,1.591,2,0.105,0.191,1.795,2,0.313,0.166,1.737,2,0.261,0.369,1.694,2,0.227,0.417,1.695,2,-0.163,-0.322,1.710,2,-0.189,-0.645,1.705,1,-0.211,-1.071,1.760,1,-0.198,-1.088,1.627,2,0.008,-0.318,1.725,2,0.038,-0.621,1.719,1,0.028,-1.067,1.775,1,0.039,-1.084,1.642,2,-0.095,0.215,1.786,2,-0.317,-0.370,1.564,2,-0.281,-0.332,1.571,2,0.189,0.472,1.675,2,0.246,0.455,1.646,0,0,0
2.134|kb,71234627937980000,6,25,0,0,1,72057594037931114,2,-0.079,-0.326,1.753,2,-0.089,-0.013,1.777,2,-0.097,0.288,1.786,2,-0.118,0.432,1.770,2,-0.281,0.178,1.750,2,-0.342,-0.058,1.732,2,-0.339,-0.255,1.632,2,-0.329,-0.313,1.592,2,0.105,0.191,1.795,2,0.315,0.145,1.739,2,0.231,0.376,1.709,2,0.214,0.412,1.704,2,-0.163,-0.322,1.710,2,-0.189,-0.647,1.706,1,-0.211,-1.071,1.760,1,-0.198,-1.088,1.627,2,0.008,-0.318,1.725,2,0.038,-0.621,1.719,1,0.028,-1.067,1.775,1,0.039,-1.084,1.642,2,-0.095,0.215,1.786,2,-0.315,-0.375,1.565,2,-0.276,-0.309,1.585,2,0.174,0.467,1.683,2,0.230,0.445,1.657,0,0,0
2.167|kb,71234631344160000,6,25,0,0,1,72057594037931114,2,-0.079,-0.326,1.753,2,-0.089,-0.013,1.777,2,-0.097,0.289,1.786,2,-0.118,0.432,1.770,2,-0.281,0.178,1.750,2,-0.342,-0.058,1.732,2,-0.339,-0.254,1.632,2,-0.329,-0.314,1.593,2,0.106,0.191,1.795,2,0.313,0.163,1.737,2,0.226,0.375,1.712,2,0.199,0.408,1.713,2,-0.163,-0.322,1.710,2,-0.189,-0.647,1.706,1,-0.212,-1.071,1.760,1,-0.198,-1.088,1.627,2,0.008,-0.318,1.725,2,0.038,-0.621,1.719,1,0.028,-1.067,1.775,1,0.039,-1.084,1.641,2,-0.095,0.215,1.786,2,-0.314,-0.375,1.568,2,-0.279,-0.332,1.571,2,0.154,0.463,1.696,2,0.215,0.446,1.667,0,0,0
2.192|kb,71234634635440000,6,25,0,0,1,72057594037931114,2,-0.079,-0.326,1.752,2,-0.089,-0.013,1.777,2,-0.097,0.289,1.786,2,-0.118,0.432,1.770,2,-0.281,0.177,1.750,2,-0.342,-0.058,1.732,2,-0.339,-0.254,1.632,2,-0.329,-0.313,1.592,2,0.106,0.192,1.795,2,0.314,0.170,1.735,2,0.210,0.378,1.717,2,0.185,0.404,1.720,2,-0.163,-0.322,1.710,2,-0.189,-0.645,1.705,1,-0.212,-1.071,1.760,1,-0.198,-1.088,1.627,2,0.008,-0.318,1.724,2,0.038,-0.620,1.719,1,0.028,-1.067,1.775,1,0.039,-1.084,1.642,2,-0.095,0.215,1.786,2,-0.313,-0.373,1.564,2,-0.280,-0.333,1.570,2,0.134,0.453,1.708,2,0.214,0.436,1.683,0,0,0
2.235|kb,71234637935730000,6,25,0,0,1,72057594037931114,2,-0.079,-0.326,1.752,2,-0.089,-0.013,1.777,2,-0.097,0.289,1.786,2,-0.118,0.432,1.770,2,-0.281,0.177,1.750,2,-0.342,-0.058,1.732,2,-0.339,-0.254,1.632,2,-0.329,-0.313,1.593,2,0.106,0.193,1.795,2,0.314,0.174,1.735,2,0.205,0.371,1.722,2,0.174,0.399,1.726,2,-0.163,-0.322,1.710,2,-0.188,-0.644,1.705,1,-0.212,-1.071,1.760,1,-0.199,-1.088,1.627,2,0.008,-0.318,1.724,2,0.037,-0.619,1.719,1,0.028,-1.067,1.775,1,0.039,-1.084,1.642,2,-0.095,0.215,1.786,2,-0.314,-0.373,1.567,2,-0.280,-0.334,1.566,2,0.123,0.447,1.714,2,0.202,0.433,1.691,0,0,0
2.266|kb,71234641342260000,6,25,0,0,1,72057594037931114,2,-0.079,-0.326,1.752,2,-0.089,-0.013,1.776,2,-0.097,0.289,1.786,2,-0.118,0.432,1.770,2,-0.281,0.177,1.749,2,-0.342,-0.058,1.732,2,-0.339,-0.254,1.632,2,-0.329,-0.313,1.590,2,0.107,0.193,1.795,2,0.315,0.176,1.734,2,0.200,0.366,1.724,2,0.165,0.395,1.730,2,-0.163,-0.322,1.710,2,-0.188,-0.642,1.704,1,-0.212,-1.070,1.760,1,-0.199,-1.088,1.627,2,0.008,-0.318,1.723,2,0.037,-0.616,1.718,1,0.029,-1.067,1.775,1,0.039,-1.084,1.642,2,-0.095,0.215,1.786,2,-0.311,-0.372,1.564,2,-0.279,-0.329,1.571,2,0.113,0.442,1.720,2,0.184,0.433,1.691,0,0,0
2.300|kb,71234644635280000,6,25,0,0,1,72057594037931114,2,-0.079,-0.326,1.752,2,-0.089,-0.013,1.776,2,-0.097,0.289,1.786,2,-0.118,0.432,1.770,2,-0.281,0.177,1.749,2,-0.342,-0.058,1.732,2,-0.338,-0.254,1.632,2,-0.329,-0.313,1.592,2,0.107,0.194,1.795,2,0.315,0.177,1.734,2,0.196,0.362,1.727,2,0.161,0.391,1.736,2,-0.163,-0.322,1.710,2,-0.188,-0.643,1.705,1,-0.212,-1.070,1.760,1,-0.199,-1.088,1.627,2,0.008,-0.318,1.723,2,0.037,-0.615,1.718,1,0.029,-1.066,1.775,1,0.040,-1.083,1.642,2,-0.095,0.215,1.786,2,-0.313,-0.373,1.566,2,-0.282,-0.319,1.593,2,0.106,0.438,1.729,2,0.188,0.425,1.700,0,0,0
2.336|kb,71234647933780000,6,25,0,0,1,72057594037931114,2,-0.079,-0.326,1.752,2,-0.089,-0.013,1.776,2,-0.097,0.289,1.786,2,-0.118,0.432,1.770,2,-0.281,0.177,1.749,2,-0.341,-0.058,1.732,2,-0.338,-0.254,1.632,2,-0.329,-0.313,1.592,2,0.108,0.194,1.795,2,0.315,0.179,1.733,2,0.193,0.360,1.730,2,0.154,0.398,1.737,2,-0.163,-0.322,1.710,2,-0.187,-0.640,1.704,1,-0.212,-1.070,1.760,1,-0.199,-1.088,1.627,2,0.008,-0.317,1.723,2,0.037,-0.615,1.718,1,0.029,-1.066,1.776,1,0.040,-1.083,1.642,2,-0.095,0.215,1.786,2,-0.316,-0.372,1.566,2,-0.280,-0.330,1.572,2,0.107,0.440,1.730,2,0.186,0.426,1.703,0,0,0
2.366|kb,71234651342400000,6,25,0,0,1,72057594037931114,2,-0.079,-0.326,1.752,2,-0.089,-0.013,1.776,2,-0.097,0.289,1.786,2,-0.118,0.432,1.770,2,-0.281,0.177,1.749,2,-0.341,-0.058,1.732,2,-0.338,-0.254,1.632,2,-0.329,-0.315,1.593,2,0.108,0.194,1.795,2,0.316,0.180,1.733,2,0.192,0.359,1.731,2,0.155,0.399,1.739,2,-0.163,-0.322,1.710,2,-0.187,-0.645,1.706,1,-0.212,-1.070,1.760,1,-0.200,-1.087,1.626,2,0.008,-0.317,1.722,2,0.037,-0.614,1.718,1,0.029,-1.066,1.775,1,0.040,-1.083,1.642,2,-0.095,0.215,1.786,2,-0.312,-0.375,1.565,2,-0.279,-0.333,1.571,2,0.108,0.440,1.729,2,0.190,0.427,1.707,0,0,0
2.393|kb,71234654635900000,6,25,0,0,1,72057594037931114,2,-0.079,-0.326,1.752,2,-0.089,-0.013,1.776,2,-0.097,0.289,1.786,2,-0.119,0.432,1.770,2,-0.281,0.177,1.749,2,-0.341,-0.058,1.732,2,-0.338,-0.254,1.632,2,-0.328,-0.316,1.593,2,0.108,0.194,1.795,2,0.316,0.180,1.733,2,0.192,0.359,1.732,2,0.161,0.402,1.735,2,-0.163,-0.322,1.710,2,-0.187,-0.643,1.706,1,-0.212,-1.070,1.760,1,-0.200,-1.087,1.626,2,0.008,-0.317,1.722,2,0.037,-0.614,1.718,1,0.029,-1.066,1.776,1,0.040,-1.083,1.642,2,-0.095,0.215,1.786,2,-0.309,-0.377,1.568,2,-0.279,-0.335,1.566,2,0.113,0.441,1.727,2,0.195,0.429,1.705,0,0,0
2.421|kb,71234657939870000,6,25,0,0,1,72057594037931114,2,-0.079,-0.326,1.752,2,-0.089,-0.013,1.776,2,-0.097,0.289,1.786,2,-0.119,0.432,1.770,2,-0.281,0.176,1.749,2,-0.341,-0.058,1.732,2,-0.338,-0.254,1.632,2,-0.329,-0.315,1.592,2,0.108,0.194,1.795,2,0.316,0.180,1.733,2,0.193,0.359,1.731,2,0.164,0.403,1.732,2,-0.163,-0.322,1.710,2,-0.187,-0.645,1.705,1,-0.212,-1.070,1.759,1,-0.200,-1.087,1.626,2,0.009,-0.317,1.722,2,0.037,-0.614,1.718,1,0.029,-1.066,1.775,1,0.040,-1.083,1.642,2,-0.095,0.215,1.786,2,-0.315,-0.375,1.566,2,-0.279,-0.331,1.573,2,0.117,0.446,1.724,2,0.201,0.428,1.700,0,0,0
2.465|kb,71234661342630000,6,25,0,0,1,72057594037931114,2,-0.079,-0.326,1.752,2,-0.089,-0.013,1.776,2,-0.097,0.289,1.786,2,-0.119,0.432,1.769,2,-0.281,0.176,1.749,2,-0.341,-0.058,1.732,2,-0.338,-0.254,1.632,2,-0.329,-0.316,1.592,2,0.108,0.195,1.795,2,0.316,0.180,1.733,2,0.194,0.360,1.730,2,0.171,0.406,1.727,2,-0.163,-0.322,1.710,2,-0.188,-0.646,1.706,1,-0.212,-1.070,1.759,1,-0.199,-1.087,1.626,2,0.009,-0.317,1.722,2,0.037,-0.613,1.718,1,0.029,-1.066,1.775,1,0.040,-1.083,1.642,2,-0.095,0.215,1.786,2,-0.312,-0.376,1.568,2,-0.280,-0.330,1.574,2,0.122,0.448,1.718,2,0.210,0.427,1.696,0,0,0
2.490|kb,71234664633910000,6,25,0,0,1,72057594037931114,2,-0.079,-0.326,1.752,2,-0.089,-0.013,1.776,2,-0.098,0.289,1.786,2,-0.119,0.432,1.769,2,-0.281,0.177,1.749,2,-0.341,-0.058,1.732,2,-0.338,-0.254,1.632,2,-0.328,-0.315,1.592,2,0.108,0.195,1.795,2,0.316,0.181,1.733,2,0.198,0.362,1.728,2,0.183,0.401,1.723,2,-0.163,-0.322,1.710,2,-0.187,-0.645,1.706,1,-0.212,-1.070,1.759,1,-0.200,-1.087,1.626,2,0.009,-0.317,1.722,2,0.037,-0.614,1.718,1,0.029,-1.066,1.775,1,0.040,-1.083,1.642,2,-0.095,0.215,1.786,2,-0.315,-0.373,1.566,2,-0.280,-0.333,1.572,2,0.130,0.447,1.707,2,0.219,0.428,1.693,0,0,0
2.533|kb,71234667936130000,6,25,0,0,1,72057594037931114,2,-0.079,-0.326,1.752,2,-0.089,-0.013,1.776,2,-0.098,0.289,1.786,2,-0.119,0.432,1.769,2,-0.281,0.176,1.749,2,-0.342,-0.058,1.732,2,-0.338,-0.254,1.632,2,-0.329,-0.316,1.593,2,0.107,0.195,1.794,2,0.315,0.180,1.733,2,0.203,0.366,1.723,2,0.193,0.403,1.715,2,-0.163,-0.322,1.710,2,-0.188,-0.646,1.706,1,-0.212,-1.070,1.759,1,-0.199,-1.087,1.626,2,0.009,-0.317,1.722,2,0.037,-0.614,1.718,1,0.029,-1.065,1.775,1,0.040,-1.082,1.642,2,-0.095,0.215,1.786,2,-0.315,-0.375,1.568,2,-0.280,-0.334,1.568,2,0.141,0.452,1.700,2,0.227,0.433,1.685,0,0,0
2.562|kb,71234671341880000,6,25,0,0,1,72057594037931114,2,-0.079,-0.326,1.752,2,-0.089,-0.013,1.776,2,-0.098,0.289,1.786,2,-0.119,0.432,1.769,2,-0.281,0.176,1.749,2,-0.342,-0.058,1.732,2,-0.338,-0.254,1.632,2,-0.329,-0.315,1.593,2,0.107,0.195,1.794,2,0.315,0.179,1.734,2,0.210,0.369,1.718,2,0.204,0.405,1.708,2,-0.163,-0.322,1.710,2,-0.188,-0.645,1.706,1,-0.212,-1.070,1.759,1,-0.199,-1.087,1.626,2,0.009,-0.317,1.722,2,0.037,-0.614,1.718,1,0.029,-1.065,1.775,1,0.040,-1.082,1.642,2,-0.096,0.215,1.786,2,-0.315,-0.370,1.566,2,-0.280,-0.333,1.573,2,0.157,0.459,1.691,2,0.239,0.429,1.675,0,0,0
2.603|kb,71234674635380000,6,25,0,0,1,72057594037931114,2,-0.079,-0.326,1.752,2,-0.089,-0.013,1.776,2,-0.098,0.289,1.786,2,-0.120,0.432,1.769,2,-0.281,0.176,1.749,2,-0.342,-0.059,1.732,2,-0.338,-0.254,1.632,2,-0.329,-0.316,1.594,2,0.107,0.194,1.794,2,0.315,0.174,1.735,2,0.229,0.368,1.705,2,0.217,0.405,1.700,2,-0.163,-0.322,1.710,2,-0.188,-0.645,1.706,1,-0.212,-1.070,1.759,1,-0.199,-1.087,1.626,2,0.009,-0.317,1.722,2,0.037,-0.615,1.718,1,0.028,-1.065,1.775,1,0.039,-1.082,1.642,2,-0.096,0.215,1.786,2,-0.313,-0.376,1.569,2,-0.280,-0.332,1.573,2,0.172,0.458,1.680,2,0.255,0.427,1.669,0,0,0
2.633|kb,71234677934220000,6,25,0,0,1,72057594037931114,2,-0.079,-0.327,1.752,2,-0.089,-0.013,1.776,2,-0.098,0.289,1.786,2,-0.120,0.432,1.769,2,-0.281,0.177,1.749,2,-0.342,-0.059,1.732,2,-0.338,-0.254,1.632,2,-0.329,-0.317,1.592,2,0.106,0.194,1.794,2,0.314,0.167,1.737,2,0.238,0.364,1.699,2,0.229,0.404,1.691,2,-0.163,-0.322,1.710,2,-0.188,-0.645,1.706,1,-0.212,-1.070,1.760,1,-0.199,-1.087,1.626,2,0.009,-0.317,1.722,2,0.037,-0.616,1.718,1,0.028,-1.065,1.775,1,0.039,-1.082,1.642,2,-0.096,0.215,1.786,2,-0.311,-0.374,1.566,2,-0.279,-0.333,1.574,2,0.188,0.460,1.670,2,0.266,0.425,1.657,0,0,0
2.658|kb,71234681344380000,6,25,0,0,1,72057594037931114,2,-0.079,-0.327,1.752,2,-0.089,-0.013,1.776,2,-0.098,0.289,1.786,2,-0.120,0.432,1.769,2,-0.282,0.176,1.749,2,-0.342,-0.059,1.732,2,-0.338,-0.254,1.633,2,-0.329,-0.316,1.593,2,0.106,0.193,1.794,2,0.313,0.164,1.737,2,0.246,0.363,1.694,2,0.240,0.404,1.682,2,-0.163,-0.322,1.710,2,-0.188,-0.644,1.706,1,-0.212,-1.070,1.759,1,-0.200,-1.087,1.626,2,0.009,-0.318,1.722,2,0.037,-0.616,1.718,1,0.028,-1.065,1.775,1,0.039,-1.082,1.641,2,-0.096,0.215,1.786,2,-0.313,-0.374,1.568,2,-0.280,-0.331,1.573,2,0.205,0.457,1.658,2,0.280,0.421,1.651,0,0,0
2.701|kb,71234684635090000,6,25,0,0,1,72057594037931114,2,-0.079,-0.327,1.752,2,-0.089,-0.013,1.776,2,-0.098,0.289,1.786,2,-0.120,0.432,1.769,2,-0.282,0.176,1.749,2,-0.342,-0.059,1.732,2,-0.338,-0.254,1.633,2,-0.329,-0.316,1.593,2,0.105,0.192,1.793,2,0.320,0.125,1.737,2,0.263,0.338,1.692,2,0.252,0.403,1.673,2,-0.163,-0.323,1.710,2,-0.188,-0.644,1.706,1,-0.212,-1.070,1.760,1,-0.199,-1.087,1.626,2,0.009,-0.318,1.722,2,0.037,-0.616,1.718,1,0.029,-1.065,1.775,1,0.039,-1.082,1.641,2,-0.096,0.215,1.786,2,-0.313,-0.373,1.566,2,-0.280,-0.332,1.574,2,0.218,0.457,1.647,2,0.292,0.416,1.642,0,0,0
2.734|kb,71234687933680000,6,25,0,0,1,72057594037931114,2,-0.079,-0.327,1.752,2,-0.089,-0.013,1.776,2,-0.098,0.289,1.786,2,-0.120,0.432,1.769,2,-0.282,0.176,1.749,2,-0.342,-0.059,1.732,2,-0.338,-0.254,1.633,2,-0.330,-0.315,1.594,2,0.105,0.192,1.793,2,0.320,0.125,1.738,2,0.272,0.337,1.687,2,0.265,0.399,1.667,2,-0.163,-0.323,1.710,2,-0.188,-0.649,1.707,1,-0.212,-1.070,1.759,1,-0.199,-1.087,1.625,2,0.009,-0.318,1.722,2,0.037,-0.617,1.719,1,0.028,-1.065,1.775,1,0.039,-1.082,1.642,2,-0.096,0.215,1.786,2,-0.314,-0.374,1.567,2,-0.280,-0.332,1.575,2,0.236,0.456,1.641,2,0.307,0.414,1.637,0,0,0
2.762|kb,71234691343240000,6,25,0,0,1,72057594037931114,2,-0.079,-0.327,1.752,2,-0.089,-0.013,1.776,2,-0.098,0.289,1.786,2,-0.120,0.432,1.769,2,-0.282,0.176,1.749,2,-0.342,-0.059,1.732,2,-0.338,-0.255,1.633,2,-0.330,-0.314,1.596,2,0.105,0.192,1.794,2,0.320,0.122,1.739,2,0.280,0.340,1.680,2,0.278,0.394,1.659,2,-0.163,-0.323,1.710,2,-0.188,-0.648,1.707,1,-0.212,-1.070,1.759,1,-0.200,-1.087,1.626,2,0.009,-0.318,1.722,2,0.037,-0.618,1.719,1,0.028,-1.065,1.775,1,0.039,-1.082,1.642,2,-0.096,0.215,1.786,2,-0.316,-0.369,1.567,2,-0.275,-0.259,1.568,2,0.255,0.449,1.630,2,0.324,0.407,1.631,0,0,0
2.803|kb,71234694634860000,6,25,0,0,1,72057594037931114,2,-0.079,-0.327,1.752,2,-0.089,-0.013,1.776,2,-0.098,0.289,1.786,2,-0.120,0.432,1.769,2,-0.282,0.176,1.750,2,-0.342,-0.059,1.732,2,-0.338,-0.255,1.633,2,-0.330,-0.315,1.594,2,0.105,0.191,1.794,2,0.318,0.118,1.739,2,0.289,0.340,1.674,2,0.292,0.388,1.651,2,-0.163,-0.323,1.710,2,-0.188,-0.646,1.706,1,-0.212,-1.070,1.760,1,-0.199,-1.087,1.626,2,0.009,-0.318,1.723,2,0.037,-0.618,1.719,1,0.028,-1.065,1.775,1,0.039,-1.082,1.642,2,-0.096,0.215,1.786,2,-0.315,-0.370,1.566,2,-0.283,-0.333,1.570,2,0.271,0.445,1.620,2,0.345,0.409,1.636,0,0,0
2.834|kb,71234697934210000,6,25,0,0,1,72057594037931114,2,-0.079,-0.327,1.752,2,-0.089,-0.013,1.776,2,-0.098,0.289,1.786,2,-0.120,0.432,1.769,2,-0.282,0.176,1.750,2,-0.342,-0.059,1.732,2,-0.338,-0.255,1.633,2,-0.331,-0.314,1.594,2,0.105,0.191,1.794,2,0.317,0.115,1.741,2,0.304,0.321,1.667,2,0.304,0.381,1.642,2,-0.163,-0.323,1.710,2,-0.188,-0.645,1.706,1,-0.212,-1.070,1.759,1,-0.199,-1.087,1.626,2,0.009,-0.318,1.723,2,0.037,-0.618,1.719,1,0.028,-1.065,1.775,1,0.039,-1.082,1.642,2,-0.096,0.215,1.786,2,-0.314,-0.369,1.565,2,-0.282,-0.332,1.573,2,0.285,0.437,1.610,2,0.350,0.395,1.609,0,0,0
2.860|kb,71234701343940000,6,25,0,0,1,72057594037931114,2,-0.079,-0.327,1.752,2,-0.089,-0.013,1.776,2,-0.098,0.289,1.786,2,-0.120,0.432,1.769,2,-0.282,0.177,1.750,2,-0.342,-0.059,1.732,2,-0.338,-0.255,1.633,2,-0.332,-0.315,1.596,2,0.104,0.191,1.794,2,0.316,0.111,1.742,2,0.314,0.314,1.664,2,0.318,0.374,1.636,2,-0.163,-0.323,1.710,2,-0.188,-0.645,1.706,1,-0.212,-1.069,1.760,1,-0.199,-1.087,1.626,2,0.008,-0.318,1.723,2,0.038,-0.619,1.719,1,0.028,-1.065,1.776,1,0.039,-1.082,1.642,2,-0.096,0.215,1.786,2,-0.318,-0.372,1.571,2,-0.282,-0.338,1.575,2,0.303,0.430,1.602,2,0.363,0.381,1.605,0,0,0
2.904|kb,71234704635860000,6,25,0,0,1,72057594037931114,2,-0.079,-0.327,1.752,2,-0.089,-0.013,1.776,2,-0.098,0.289,1.786,2,-0.120,0.432,1.769,2,-0.282,0.177,1.750,2,-0.342,-0.059,1.733,2,-0.338,-0.255,1.633,2,-0.331,-0.314,1.595,2,0.104,0.191,1.794,2,0.314,0.108,1.744,2,0.323,0.307,1.659,2,0.333,0.365,1.625,2,-0.163,-0.323,1.710,2,-0.188,-0.645,1.706,1,-0.212,-1.069,1.760,1,-0.199,-1.087,1.626,2,0.008,-0.318,1.723,2,0.038,-0.619,1.719,1,0.028,-1.065,1.776,1,0.039,-1.082,1.642,2,-0.096,0.215,1.786,2,-0.318,-0.369,1.565,2,-0.283,-0.334,1.571,2,0.326,0.418,1.591,2,0.376,0.364,1.594,0,0,0
2.932|kb,71234707935120000,6,25,0,0,1,72057594037931114,2,-0.079,-0.327,1.752,2,-0.089,-0.013,1.776,2,-0.098,0.289,1.786,2,-0.120,0.432,1.770,2,-0.274,0.178,1.756,2,-0.342,-0.059,1.733,2,-0.339,-0.255,1.634,2,-0.332,-0.314,1.597,2,0.104,0.191,1.795,2,0.313,0.103,1.746,2,0.334,0.303,1.650,2,0.347,0.352,1.617,2,-0.163,-0.323,1.710,2,-0.189,-0.646,1.706,1,-0.212,-1.069,1.760,1,-0.201,-1.087,1.626,2,0.008,-0.318,1.723,2,0.037,-0.619,1.719,1,0.028,-1.065,1.775,1,0.037,-1.082,1.641,2,-0.096,0.215,1.786,2,-0.317,-0.370,1.569,2,-0.283,-0.327,1.578,2,0.343,0.406,1.580,2,0.389,0.348,1.586,0,0,0
2.958|kb,71234711341690000,6,25,0,0,1,72057594037931114,2,-0.079,-0.327,1.752,2,-0.089,-0.013,1.777,2,-0.098,0.289,1.787,2,-0.119,0.432,1.770,2,-0.274,0.178,1.756,2,-0.343,-0.059,1.733,2,-0.339,-0.255,1.634,2,-0.333,-0.314,1.598,2,0.104,0.191,1.796,2,0.313,0.099,1.748,2,0.349,0.287,1.645,2,0.363,0.339,1.611,2,-0.163,-0.323,1.710,2,-0.189,-0.646,1.706,1,-0.212,-1.069,1.760,1,-0.200,-1.087,1.626,2,0.008,-0.318,1.724,2,0.038,-0.620,1.719,1,0.028,-1.065,1.776,1,0.038,-1.082,1.642,2,-0.096,0.215,1.786,2,-0.318,-0.371,1.573,2,-0.283,-0.335,1.576,2,0.360,0.395,1.572,2,0.402,0.328,1.576,0,0,0
3.000|kb,71234714635960000,6,25,0,0,1,72057594037931114,2,-0.079,-0.327,1.752,2,-0.089,-0.013,1.777,2,-0.098,0.289,1.787,2,-0.119,0.432,1.770,2,-0.272,0.179,1.758,2,-0.343,-0.059,1.733,2,-0.340,-0.254,1.634,2,-0.333,-0.314,1.597,2,0.103,0.190,1.796,2,0.308,0.092,1.753,2,0.358,0.273,1.643,2,0.378,0.323,1.605,2,-0.163,-0.323,1.710,2,-0.189,-0.645,1.706,1,-0.212,-1.069,1.760,1,-0.201,-1.086,1.626,2,0.008,-0.318,1.724,2,0.038,-0.621,1.720,1,0.028,-1.065,1.776,1,0.037,-1.082,1.642,2,-0.096,0.215,1.787,2,-0.317,-0.374,1.571,2,-0.283,-0.333,1.573,2,0.378,0.376,1.561,2,0.421,0.313,1.582,0,0,0
3.027|kb,71234717935180000,6,25,0,0,1,72057594037931114,2,-0.079,-0.327,1.752,2,-0.089,-0.013,1.777,2,-0.098,0.289,1.787,2,-0.119,0.432,1.770,2,-0.274,0.178,1.756,2,-0.343,-0.058,1.733,2,-0.340,-0.254,1.634,2,-0.333,-0.312,1.595,2,0.103,0.190,1.797,2,0.306,0.087,1.755,2,0.369,0.259,1.638,2,0.391,0.309,1.596,2,-0.163,-0.323,1.710,2,-0.190,-0.649,1.707,1,-0.212,-1.069,1.760,1,-0.200,-1.086,1.626,2,0.008,-0.318,1.725,2,0.038,-0.621,1.720,1,0.028,-1.065,1.776,1,0.038,-1.082,1.642,2,-0.096,0.215,1.786,2,-0.319,-0.369,1.570,2,-0.283,-0.332,1.574,2,0.395,0.357,1.549,2,0.431,0.291,1.580,0,0,0
3.070|kb,71234721343380000,6,25,0,0,1,72057594037931114,2,-0.079,-0.327,1.753,2,-0.089,-0.013,1.777,2,-0.098,0.289,1.787,2,-0.118,0.432,1.771,2,-0.271,0.179,1.758,2,-0.343,-0.058,1.734,2,-0.340,-0.254,1.634,2,-0.334,-0.313,1.597,2,0.102,0.190,1.798,2,0.306,0.085,1.755,2,0.380,0.250,1.634,2,0.405,0.294,1.592,2,-0.163,-0.323,1.710,2,-0.190,-0.650,1.707,1,-0.212,-1.069,1.760,1,-0.200,-1.086,1.626,2,0.009,-0.318,1.725,2,0.038,-0.622,1.720,1,0.028,-1.065,1.776,1,0.038,-1.082,1.642,2,-0.095,0.215,1.787,2,-0.321,-0.368,1.570,2,-0.283,-0.333,1.575,2,0.413,0.341,1.545,2,0.451,0.279,1.574,0,0,0
3.099|kb,71234724633670000,6,25,0,0,1,72057594037931114,2,-0.079,-0.327,1.753,2,-0.089,-0.013,1.777,2,-0.097,0.289,1.787,2,-0.117,0.432,1.771,2,-0.272,0.179,1.757,2,-0.343,-0.058,1.734,2,-0.341,-0.253,1.635,2,-0.333,-0.313,1.595,2,0.102,0.190,1.800,2,0.306,0.082,1.756,2,0.389,0.240,1.631,2,0.419,0.279,1.586,2,-0.163,-0.323,1.710,2,-0.190,-0.648,1.707,1,-0.212,-1.069,1.760,1,-0.199,-1.086,1.626,2,0.008,-0.318,1.725,2,0.038,-0.622,1.720,1,0.028,-1.065,1.776,1,0.039,-1.082,1.642,2,-0.095,0.215,1.787,2,-0.317,-0.368,1.569,2,-0.283,-0.334,1.575,2,0.426,0.327,1.538,2,0.464,0.263,1.565,0,0,0
3.125|kb,71234727935200000,6,25,0,0,1,72057594037931114,2,-0.079,-0.327,1.753,2,-0.089,-0.013,1.777,2,-0.097,0.289,1.787,2,-0.117,0.432,1.772,2,-0.274,0.178,1.756,2,-0.343,-0.058,1.734,2,-0.342,-0.252,1.634,2,-0.333,-0.313,1.595,2,0.102,0.189,1.801,2,0.296,0.088,1.762,2,0.399,0.225,1.628,2,0.431,0.262,1.580,2,-0.163,-0.323,1.710,2,-0.190,-0.651,1.708,1,-0.212,-1.069,1.759,1,-0.198,-1.086,1.625,2,0.008,-0.318,1.726,2,0.038,-0.622,1.720,1,0.028,-1.065,1.776,1,0.039,-1.082,1.642,2,-0.095,0.215,1.787,2,-0.321,-0.369,1.570,2,-0.283,-0.334,1.573,2,0.443,0.303,1.532,2,0.464,0.241,1.556,0,0,0
3.170|kb,71234731343740000,6,25,0,0,1,72057594037931114,2,-0.079,-0.327,1.753,2,-0.089,-0.013,1.777,2,-0.097,0.289,1.787,2,-0.116,0.432,1.772,2,-0.274,0.179,1.755,2,-0.343,-0.058,1.734,2,-0.342,-0.252,1.634,2,-0.334,-0.311,1.593,2,0.102,0.189,1.801,2,0.298,0.078,1.760,2,0.405,0.212,1.627,2,0.441,0.244,1.575,2,-0.163,-0.323,1.710,2,-0.190,-0.648,1.707,1,-0.212,-1.069,1.760,1,-0.198,-1.086,1.626,2,0.008,-0.318,1.726,2,0.038,-0.622,1.720,1,0.028,-1.065,1.776,1,0.039,-1.082,1.642,2,-0.095,0.215,1.787,2,-0.322,-0.367,1.569,2,-0.283,-0.333,1.573,2,0.461,0.283,1.525,2,0.473,0.220,1.554,0,0,0
3.201|kb,71234734633510000,6,25,0,0,1,72057594037931114,2,-0.079,-0.327,1.753,2,-0.089,-0.013,1.777,2,-0.097,0.289,1.788,2,-0.116,0.432,1.772,2,-0.271,0.179,1.758,2,-0.343,-0.057,1.734,2,-0.343,-0.252,1.634,2,-0.335,-0.311,1.594,2,0.102,0.189,1.802,2,0.301,0.069,1.760,2,0.415,0.194,1.623,2,0.451,0.226,1.571,2,-0.163,-0.323,1.710,2,-0.190,-0.646,1.707,1,-0.212,-1.069,1.760,1,-0.198,-1.086,1.626,2,0.008,-0.318,1.726,2,0.038,-0.622,1.720,1,0.028,-1.065,1.776,1,0.039,-1.082,1.642,2,-0.095,0.215,1.787,2,-0.320,-0.367,1.568,2,-0.283,-0.332,1.573,2,0.467,0.269,1.517,2,0.485,0.200,1.550,0,0,0
3.234|kb,71234737934020000,6,25,0,0,1,72057594037931114,2,-0.079,-0.327,1.753,2,-0.088,-0.013,1.778,2,-0.097,0.289,1.788,2,-0.115,0.432,1.772,2,-0.272,0.180,1.756,2,-0.343,-0.057,1.733,2,-0.343,-0.251,1.633,2,-0.333,-0.309,1.591,2,0.102,0.189,1.803,2,0.301,0.065,1.760,2,0.424,0.175,1.618,2,0.459,0.203,1.567,2,-0.163,-0.322,1.710,2,-0.190,-0.644,1.706,1,-0.212,-1.069,1.760,1,-0.198,-1.086,1.626,2,0.008,-0.318,1.726,2,0.038,-0.622,1.720,1,0.028,-1.066,1.776,1,0.040,-1.082,1.642,2,-0.095,0.215,1.787,2,-0.320,-0.366,1.566,2,-0.283,-0.330,1.573,2,0.476,0.253,1.512,2,0.492,0.180,1.541,0,0,0
3.260|kb,71234741341740000,6,25,0,0,1,72057594037931114,2,-0.079,-0.327,1.753,2,-0.088,-0.013,1.778,2,-0.097,0.289,1.788,2,-0.115,0.432,1.773,2,-0.273,0.180,1.756,2,-0.343,-0.057,1.733,2,-0.343,-0.251,1.633,2,-0.334,-0.310,1.593,2,0.102,0.189,1.803,2,0.288,0.072,1.767,2,0.429,0.151,1.621,2,0.468,0.175,1.573,2,-0.163,-0.322,1.710,2,-0.190,-0.645,1.706,1,-0.212,-1.069,1.760,1,-0.197,-1.086,1.626,2,0.008,-0.318,1.727,2,0.038,-0.623,1.720,1,0.028,-1.065,1.776,1,0.040,-1.082,1.642,2,-0.095,0.215,1.788,2,-0.323,-0.364,1.565,2,-0.283,-0.333,1.572,2,0.493,0.205,1.513,2,0.494,0.153,1.537,0,0,0
3.306|kb,71234744635110000,6,25,0,0,1,72057594037931114,2,-0.079,-0.327,1.753,2,-0.088,-0.013,1.778,2,-0.096,0.289,1.788,2,-0.114,0.432,1.773,2,-0.270,0.180,1.758,2,-0.344,-0.056,1.733,2,-0.343,-0.251,1.633,2,-0.334,-0.311,1.593,2,0.102,0.189,1.804,2,0.260,0.036,1.810,2,0.424,0.126,1.632,2,0.477,0.146,1.575,2,-0.163,-0.322,1.710,2,-0.190,-0.646,1.707,1,-0.212,-1.069,1.760,1,-0.197,-1.086,1.626,2,0.008,-0.318,1.727,2,0.038,-0.623,1.720,1,0.028,-1.066,1.776,1,0.039,-1.082,1.642,2,-0.094,0.215,1.788,2,-0.323,-0.365,1.566,2,-0.285,-0.331,1.571,2,0.503,0.173,1.511,2,0.509,0.113,1.582,0,0,0
3.340|kb,71234747934170000,6,25,0,0,1,72057594037931114,2,-0.079,-0.327,1.753,2,-0.088,-0.013,1.778,2,-0.096,0.289,1.788,2,-0.114,0.432,1.773,2,-0.271,0.181,1.757,2,-0.344,-0.056,1.733,2,-0.343,-0.250,1.633,2,-0.334,-0.310,1.593,2,0.102,0.189,1.805,2,0.274,0.062,1.780,2,0.429,0.108,1.631,2,0.484,0.119,1.570,2,-0.163,-0.322,1.710,2,-0.190,-0.648,1.707,1,-0.212,-1.069,1.760,1,-0.197,-1.086,1.626,2,0.008,-0.318,1.727,2,0.038,-0.623,1.720,1,0.028,-1.066,1.776,1,0.040,-1.082,1.642,2,-0.094,0.215,1.788,2,-0.321,-0.367,1.568,2,-0.283,-0.332,1.573,2,0.513,0.136,1.510,2,0.510,0.089,1.550,0,0,0
3.370|kb,71234751342150000,6,25,0,0,1,72057594037931114,2,-0.079,-0.327,1.754,2,-0.088,-0.013,1.778,2,-0.096,0.289,1.788,2,-0.114,0.433,1.774,2,-0.269,0.181,1.759,2,-0.344,-0.056,1.733,2,-0.343,-0.250,1.633,2,-0.333,-0.310,1.593,2,0.102,0.189,1.805,2,0.274,0.061,1.780,2,0.432,0.087,1.630,2,0.486,0.089,1.570,2,-0.163,-0.322,1.710,2,-0.191,-0.649,1.707,1,-0.212,-1.069,1.760,1,-0.197,-1.086,1.626,2,0.008,-0.318,1.727,2,0.038,-0.623,1.720,1,0.028,-1.066,1.776,1,0.039,-1.082,1.642,2,-0.094,0.215,1.788,2,-0.319,-0.364,1.566,2,-0.283,-0.332,1.573,2,0.530,0.106,1.503,2,0.512,0.056,1.546,0,0,0
3.400|kb,71234754633970000,6,25,0,0,1,72057594037931114,2,-0.079,-0.327,1.754,2,-0.088,-0.013,1.778,2,-0.096,0.289,1.788,2,-0.113,0.433,1.774,2,-0.271,0.181,1.758,2,-0.344,-0.056,1.734,2,-0.343,-0.250,1.633,2,-0.334,-0.311,1.594,2,0.102,0.189,1.805,2,0.272,0.059,1.780,2,0.436,0.057,1.630,2,0.492,0.058,1.571,2,-0.163,-0.322,1.710,2,-0.190,-0.648,1.707,1,-0.212,-1.068,1.760,1,-0.197,-1.086,1.626,2,0.008,-0.318,1.728,2,0.038,-0.623,1.720,1,0.027,-1.066,1.776,1,0.039,-1.082,1.642,2,-0.094,0.215,1.788,2,-0.321,-0.373,1.566,2,-0.284,-0.331,1.574,2,0.529,0.062,1.508,2,0.497,0.022,1.580,0,0,0
3.428|kb,71234757933800000,6,25,0,0,1,72057594037931114,2,-0.079,-0.327,1.754,2,-0.088,-0.013,1.778,2,-0.096,0.289,1.788,2,-0.113,0.433,1.774,2,-0.272,0.181,1.756,2,-0.344,-0.056,1.733,2,-0.343,-0.250,1.633,2,-0.334,-0.309,1.594,2,0.102,0.189,1.805,2,0.271,0.053,1.779,2,0.436,0.023,1.639,2,0.491,0.022,1.577,2,-0.163,-0.322,1.710,2,-0.190,-0.646,1.707,1,-0.212,-1.068,1.760,1,-0.197,-1.086,1.626,2,0.008,-0.318,1.728,2,0.038,-0.623,1.720,1,0.027,-1.066,1.776,1,0.039,-1.082,1.643,2,-0.094,0.215,1.788,2,-0.321,-0.364,1.566,2,-0.284,-0.328,1.574,2,0.530,0.028,1.505,2,0.506,-0.017,1.586,0,0,0
3.470|kb,71234761343280000,6,25,0,0,1,72057594037931114,2,-0.079,-0.327,1.754,2,-0.088,-0.013,1.778,2,-0.096,0.289,1.788,2,-0.113,0.433,1.774,2,-0.273,0.181,1.755,2,-0.344,-0.056,1.734,2,-0.343,-0.250,1.633,2,-0.334,-0.310,1.594,2,0.102,0.188,1.805,2,0.271,0.046,1.779,2,0.435,0.004,1.641,2,0.489,-0.014,1.584,2,-0.163,-0.322,1.710,2,-0.190,-0.649,1.707,1,-0.212,-1.068,1.760,1,-0.196,-1.086,1.626,2,0.008,-0.318,1.728,2,0.038,-0.623,1.721,1,0.027,-1.066,1.776,1,0.039,-1.082,1.643,2,-0.094,0.215,1.788,2,-0.322,-0.365,1.568,2,-0.283,-0.332,1.573,2,0.526,-0.008,1.495,2,0.499,-0.055,1.589,0,0,0
3.499|kb,71234764633520000,6,25,0,0,1,72057594037931114,2,-0.079,-0.327,1.754,2,-0.088,-0.013,1.778,2,-0.096,0.289,1.788,2,-0.113,0.433,1.774,2,-0.273,0.181,1.755,2,-0.344,-0.056,1.734,2,-0.343,-0.250,1.633,2,-0.333,-0.310,1.593,2,0.101,0.188,1.806,2,0.270,0.036,1.777,2,0.432,-0.030,1.647,2,0.482,-0.051,1.593,2,-0.163,-0.322,1.710,2,-0.190,-0.647,1.707,1,-0.212,-1.068,1.760,1,-0.196,-1.086,1.627,2,0.008,-0.318,1.728,2,0.038,-0.623,1.721,1,0.027,-1.066,1.776,1,0.040,-1.082,1.643,2,-0.094,0.215,1.788,2,-0.318,-0.368,1.567,2,-0.286,-0.319,1.599,2,0.520,-0.059,1.522,2,0.494,-0.096,1.608,0,0,0
3.525|kb,71234767934420000,6,25,0,0,1,72057594037931114,2,-0.079,-0.327,1.754,2,-0.088,-0.013,1.778,2,-0.095,0.289,1.788,2,-0.113,0.433,1.774,2,-0.274,0.181,1.754,2,-0.344,-0.055,1.734,2,-0.343,-0.249,1.633,2,-0.333,-0.311,1.594,2,0.101,0.188,1.806,2,0.268,0.030,1.777,2,0.427,-0.053,1.654,2,0.470,-0.083,1.604,2,-0.163,-0.322,1.710,2,-0.190,-0.645,1.707,1,-0.212,-1.068,1.760,1,-0.196,-1.086,1.627,2,0.008,-0.318,1.728,2,0.038,-0.624,1.720,1,0.027,-1.066,1.776,1,0.040,-1.082,1.643,2,-0.094,0.215,1.788,2,-0.320,-0.365,1.565,2,-0.287,-0.329,1.568,2,0.504,-0.100,1.536,2,0.471,-0.123,1.624,0,0,0
3.568|kb,71234771342990000,6,25,0,0,1,72057594037931114,2,-0.079,-0.327,1.754,2,-0.088,-0.013,1.778,2,-0.095,0.289,1.788,2,-0.112,0.433,1.774,2,-0.274,0.181,1.754,2,-0.344,-0.055,1.733,2,-0.343,-0.250,1.633,2,-0.332,-0.309,1.594,2,0.101,0.188,1.806,2,0.263,0.024,1.776,2,0.417,-0.079,1.662,2,0.458,-0.115,1.617,2,-0.163,-0.322,1.710,2,-0.190,-0.646,1.707,1,-0.212,-1.068,1.760,1,-0.196,-1.086,1.627,2,0.008,-0.318,1.728,2,0.038,-0.624,1.720,1,0.027,-1.066,1.776,1,0.040,-1.082,1.642,2,-0.094,0.215,1.788,2,-0.318,-0.368,1.564,2,-0.277,-0.273,1.575,2,0.488,-0.145,1.552,2,0.459,-0.158,1.632,0,0,0
3.600|kb,71234774634950000,6,25,0,0,1,72057594037931114,2,-0.079,-0.327,1.754,2,-0.088,-0.013,1.778,2,-0.095,0.289,1.788,2,-0.112,0.433,1.774,2,-0.274,0.181,1.754,2,-0.344,-0.055,1.734,2,-0.343,-0.250,1.633,2,-0.333,-0.311,1.596,2,0.101,0.188,1.806,2,0.256,0.014,1.778,2,0.407,-0.100,1.673,2,0.447,-0.145,1.630,2,-0.163,-0.323,1.711,2,-0.190,-0.649,1.708,1,-0.212,-1.068,1.760,1,-0.196,-1.086,1.626,2,0.008,-0.318,1.728,2,0.038,-0.624,1.721,1,0.027,-1.065,1.776,1,0.040,-1.082,1.643,2,-0.093,0.215,1.788,2,-0.320,-0.370,1.574,2,-0.284,-0.330,1.575,2,0.479,-0.180,1.571,2,0.436,-0.176,1.661,0,0,0
3.630|kb,71234777936230000,6,25,0,0,1,72057594037931114,2,-0.079,-0.327,1.754,2,-0.087,-0.013,1.778,2,-0.095,0.289,1.788,2,-0.112,0.433,1.774,2,-0.274,0.181,1.753,2,-0.343,-0.055,1.733,2,-0.342,-0.250,1.633,2,-0.332,-0.310,1.595,2,0.101,0.188,1.805,2,0.253,0.006,1.777,2,0.399,-0.121,1.679,2,0.434,-0.172,1.639,2,-0.163,-0.323,1.711,2,-0.190,-0.648,1.707,1,-0.212,-1.068,1.760,1,-0.196,-1.086,1.626,2,0.008,-0.319,1.728,2,0.038,-0.624,1.721,1,0.027,-1.066,1.776,1,0.040,-1.082,1.643,2,-0.093,0.215,1.788,2,-0.317,-0.365,1.567,2,-0.284,-0.330,1.576,2,0.463,-0.211,1.583,2,0.423,-0.211,1.666,0,0,0
3.672|kb,71234781344980000,6,25,0,0,1,72057594037931114,2,-0.079,-0.327,1.754,2,-0.087,-0.013,1.778,2,-0.095,0.289,1.788,2,-0.111,0.433,1.774,2,-0.274,0.181,1.753,2,-0.343,-0.055,1.733,2,-0.342,-0.250,1.633,2,-0.332,-0.309,1.595,2,0.101,0.188,1.805,2,0.251,0.000,1.776,2,0.388,-0.142,1.688,2,0.421,-0.198,1.649,2,-0.163,-0.323,1.711,2,-0.190,-0.650,1.708,1,-0.212,-1.068,1.760,1,-0.196,-1.086,1.626,2,0.008,-0.319,1.728,2,0.038,-0.624,1.721,1,0.027,-1.066,1.776,1,0.040,-1.082,1.643,2,-0.093,0.215,1.788,2,-0.318,-0.368,1.567,2,-0.283,-0.330,1.578,2,0.448,-0.244,1.598,2,0.405,-0.239,1.676,0,0,0
3.700|kb,71234784634370000,6,25,0,0,1,72057594037931114,2,-0.079,-0.327,1.754,2,-0.087,-0.013,1.778,2,-0.094,0.289,1.788,2,-0.111,0.433,1.774,2,-0.274,0.181,1.753,2,-0.343,-0.055,1.733,2,-0.342,-0.250,1.633,2,-0.332,-0.310,1.595,2,0.101,0.188,1.805,2,0.249,-0.009,1.776,2,0.376,-0.165,1.697,2,0.406,-0.220,1.661,2,-0.163,-0.323,1.711,2,-0.190,-0.650,1.708,1,-0.212,-1.068,1.760,1,-0.196,-1.086,1.626,2,0.008,-0.319,1.728,2,0.039,-0.625,1.721,1,0.027,-1.066,1.776,1,0.040,-1.082,1.642,2,-0.092,0.215,1.788,2,-0.321,-0.366,1.568,2,-0.283,-0.330,1.578,2,0.428,-0.265,1.609,2,0.386,-0.260,1.690,0,0,0
3.726|kb,71234787933760000,6,25,0,0,1,72057594037931114,2,-0.079,-0.327,1.754,2,-0.087,-0.013,1.778,2,-0.093,0.288,1.787,2,-0.110,0.433,1.774,2,-0.273,0.181,1.752,2,-0.343,-0.055,1.733,2,-0.342,-0.250,1.633,2,-0.332,-0.309,1.592,2,0.101,0.188,1.805,2,0.246,-0.017,1.775,2,0.370,-0.176,1.700,2,0.390,-0.236,1.671,2,-0.162,-0.323,1.711,2,-0.190,-0.650,1.708,1,-0.212,-1.068,1.760,1,-0.196,-1.086,1.626,2,0.008,-0.319,1.728,2,0.039,-0.625,1.721,1,0.027,-1.066,1.776,1,0.041,-1.082,1.642,2,-0.091,0.215,1.787,2,-0.320,-0.367,1.568,2,-0.283,-0.330,1.578,2,0.407,-0.288,1.628,2,0.369,-0.272,1.699,0,0,0
3.769|kb,71234791345340000,6,25,0,0,1,72057594037931114,2,-0.078,-0.327,1.754,2,-0.086,-0.013,1.778,2,-0.093,0.289,1.787,2,-0.109,0.433,1.774,2,-0.274,0.181,1.752,2,-0.343,-0.055,1.733,2,-0.342,-0.250,1.633,2,-0.333,-0.309,1.594,2,0.101,0.189,1.805,2,0.241,-0.022,1.776,2,0.360,-0.188,1.708,2,0.375,-0.248,1.683,2,-0.162,-0.323,1.711,2,-0.189,-0.648,1.708,1,-0.212,-1.068,1.760,1,-0.196,-1.086,1.626,2,0.009,-0.319,1.728,2,0.039,-0.625,1.721,1,0.027,-1.066,1.776,1,0.040,-1.082,1.642,2,-0.091,0.215,1.787,2,-0.321,-0.365,1.568,2,-0.283,-0.330,1.577,2,0.389,-0.303,1.638,2,0.354,-0.283,1.708,0,0,0
3.799|kb,71234794633830000,6,25,0,0,1,72057594037931114,2,-0.078,-0.327,1.754,2,-0.086,-0.013,1.778,2,-0.092,0.289,1.787,2,-0.109,0.433,1.773,2,-0.274,0.181,1.752,2,-0.343,-0.055,1.732,2,-0.342,-0.250,1.633,2,-0.332,-0.309,1.591,2,0.101,0.189,1.805,2,0.236,-0.027,1.777,2,0.350,-0.197,1.711,2,0.361,-0.260,1.686,2,-0.162,-0.323,1.711,2,-0.189,-0.646,1.707,1,-0.213,-1.068,1.760,1,-0.196,-1.086,1.626,2,0.009,-0.319,1.727,2,0.039,-0.625,1.721,1,0.027,-1.066,1.776,1,0.040,-1.082,1.642,2,-0.091,0.215,1.787,2,-0.319,-0.366,1.565,2,-0.284,-0.330,1.575,2,0.375,-0.317,1.646,2,0.335,-0.300,1.722,0,0,0
3.824|kb,71234797933400000,6,25,0,0,1,72057594037931114,2,-0.078,-0.327,1.754,2,-0.086,-0.013,1.778,2,-0.092,0.289,1.787,2,-0.108,0.433,1.773,2,-0.274,0.182,1.751,2,-0.343,-0.055,1.732,2,-0.342,-0.250,1.633,2,-0.332,-0.308,1.593,2,0.101,0.189,1.805,2,0.230,-0.032,1.780,2,0.339,-0.207,1.719,2,0.346,-0.271,1.694,2,-0.162,-0.323,1.711,2,-0.189,-0.647,1.708,1,-0.212,-1.068,1.760,1,-0.196,-1.086,1.627,2,0.009,-0.318,1.728,2,0.039,-0.625,1.721,1,0.027,-1.066,1.775,1,0.041,-1.082,1.642,2,-0.091,0.215,1.787,2,-0.316,-0.362,1.562,2,-0.284,-0.329,1.575,2,0.355,-0.328,1.656,2,0.319,-0.295,1.725,0,0,0
3.869|kb,71234801343940000,6,25,0,0,1,72057594037931114,2,-0.078,-0.327,1.754,2,-0.085,-0.013,1.778,2,-0.092,0.289,1.786,2,-0.107,0.433,1.773,2,-0.273,0.182,1.751,2,-0.342,-0.055,1.732,2,-0.342,-0.250,1.633,2,-0.331,-0.307,1.590,2,0.101,0.190,1.805,2,0.225,-0.034,1.781,2,0.327,-0.213,1.721,2,0.331,-0.280,1.695,2,-0.162,-0.322,1.711,2,-0.188,-0.646,1.707,1,-0.212,-1.068,1.760,1,-0.196,-1.086,1.627,2,0.009,-0.318,1.727,2,0.039,-0.625,1.720,1,0.027,-1.066,1.775,1,0.041,-1.082,1.642,2,-0.090,0.215,1.787,2,-0.311,-0.361,1.560,2,-0.282,-0.327,1.578,2,0.336,-0.338,1.662,2,0.306,-0.306,1.725,0,0,0
3.900|kb,71234804634020000,6,25,0,0,1,72057594037931114,2,-0.078,-0.327,1.754,2,-0.085,-0.013,1.777,2,-0.091,0.289,1.786,2,-0.107,0.433,1.772,2,-0.273,0.182,1.750,2,-0.342,-0.055,1.732,2,-0.342,-0.249,1.632,2,-0.331,-0.306,1.590,2,0.101,0.190,1.805,2,0.220,-0.037,1.783,2,0.314,-0.221,1.725,2,0.316,-0.289,1.699,2,-0.161,-0.323,1.711,2,-0.188,-0.645,1.707,1,-0.213,-1.068,1.760,1,-0.196,-1.086,1.627,2,0.009,-0.318,1.727,2,0.039,-0.625,1.720,1,0.027,-1.066,1.775,1,0.042,-1.082,1.641,2,-0.090,0.215,1.786,2,-0.308,-0.364,1.555,2,-0.282,-0.327,1.574,2,0.319,-0.350,1.675,2,0.290,-0.305,1.733,0,0,0
3.926|kb,71234807933590000,6,25,0,0,1,72057594037931114,2,-0.077,-0.327,1.754,2,-0.085,-0.013,1.777,2,-0.091,0.289,1.786,2,-0.106,0.433,1.772,2,-0.273,0.182,1.750,2,-0.341,-0.055,1.732,2,-0.341,-0.248,1.632,2,-0.329,-0.305,1.591,2,0.101,0.190,1.805,2,0.214,-0.038,1.785,2,0.305,-0.224,1.727,2,0.301,-0.294,1.701,2,-0.161,-0.322,1.711,2,-0.188,-0.648,1.708,1,-0.213,-1.068,1.760,1,-0.196,-1.086,1.627,2,0.009,-0.318,1.727,2,0.039,-0.625,1.720,1,0.028,-1.066,1.775,1,0.042,-1.082,1.641,2,-0.089,0.215,1.786,2,-0.307,-0.364,1.557,2,-0.280,-0.324,1.574,2,0.300,-0.355,1.677,2,0.274,-0.308,1.735,0,0,0
3.972|kb,71234811346780000,6,25,0,0,1,72057594037931114,2,-0.077,-0.327,1.754,2,-0.084,-0.013,1.777,2,-0.090,0.289,1.786,2,-0.106,0.433,1.772,2,-0.273,0.182,1.750,2,-0.341,-0.055,1.731,2,-0.341,-0.247,1.631,2,-0.329,-0.305,1.591,2,0.101,0.191,1.805,2,0.207,-0.041,1.787,2,0.289,-0.230,1.729,2,0.284,-0.299,1.700,2,-0.161,-0.322,1.711,2,-0.188,-0.648,1.708,1,-0.213,-1.068,1.760,1,-0.196,-1.086,1.627,2,0.010,-0.318,1.727,2,0.039,-0.625,1.720,1,0.029,-1.066,1.774,1,0.043,-1.082,1.640,2,-0.089,0.215,1.786,2,-0.309,-0.361,1.562,2,-0.283,-0.320,1.565,2,0.277,-0.364,1.684,2,0.263,-0.283,1.745,0,0,0
3.999|kb,71234814634500000,6,25,0,0,1,72057594037931114,2,-0.077,-0.327,1.754,2,-0.084,-0.013,1.777,2,-0.090,0.289,1.785,2,-0.106,0.433,1.772,2,-0.273,0.182,1.750,2,-0.340,-0.055,1.731,2,-0.341,-0.248,1.631,2,-0.328,-0.306,1.593,2,0.102,0.192,1.806,2,0.201,-0.042,1.789,2,0.279,-0.233,1.730,2,0.268,-0.310,1.701,2,-0.160,-0.322,1.711,2,-0.188,-0.647,1.708,1,-0.213,-1.068,1.760,1,-0.196,-1.086,1.627,2,0.010,-0.318,1.727,2,0.039,-0.625,1.720,1,0.028,-1.065,1.774,1,0.043,-1.082,1.641,2,-0.089,0.215,1.786,2,-0.308,-0.362,1.562,2,-0.281,-0.325,1.569,2,0.255,-0.379,1.689,2,0.243,-0.308,1.715,0,0,0
4.025|kb,71234817933600000,6,25,0,0,1,72057594037931114,2,-0.077,-0.326,1.754,2,-0.084,-0.013,1.777,2,-0.090,0.289,1.785,2,-0.106,0.433,1.771,2,-0.273,0.181,1.749,2,-0.340,-0.055,1.731,2,-0.340,-0.248,1.631,2,-0.326,-0.308,1.592,2,0.102,0.192,1.806,2,0.197,-0.044,1.790,2,0.264,-0.238,1.727,2,0.253,-0.319,1.701,2,-0.160,-0.322,1.711,2,-0.188,-0.646,1.707,1,-0.212,-1.068,1.760,1,-0.196,-1.086,1.627,2,0.010,-0.318,1.727,2,0.039,-0.625,1.720,1,0.028,-1.065,1.774,1,0.043,-1.082,1.640,2,-0.088,0.215,1.786,2,-0.308,-0.367,1.563,2,-0.278,-0.322,1.589,2,0.242,-0.389,1.691,2,0.223,-0.333,1.707,0,0,0
4.068|kb,71234821343040000,6,25,0,0,1,72057594037931114,2,-0.076,-0.326,1.754,2,-0.084,-0.013,1.777,2,-0.089,0.289,1.785,2,-0.106,0.433,1.771,2,-0.273,0.181,1.749,2,-0.338,-0.056,1.732,2,-0.339,-0.248,1.631,2,-0.326,-0.308,1.593,2,0.102,0.192,1.806,2,0.194,-0.046,1.790,2,0.253,-0.243,1.725,2,0.239,-0.327,1.703,2,-0.160,-0.322,1.711,2,-0.187,-0.646,1.707,1,-0.212,-1.068,1.760,1,-0.196,-1.086,1.627,2,0.010,-0.318,1.727,2,0.040,-0.625,1.720,1,0.028,-1.065,1.774,1,0.043,-1.082,1.640,2,-0.088,0.215,1.785,2,-0.308,-0.365,1.564,2,-0.277,-0.328,1.569,2,0.228,-0.397,1.694,2,0.199,-0.365,1.711,0,0,0
4.099|kb,71234824633580000,6,25,0,0,1,72057594037931114,2,-0.076,-0.326,1.754,2,-0.083,-0.013,1.777,2,-0.089,0.289,1.785,2,-0.106,0.433,1.771,2,-0.273,0.181,1.749,2,-0.338,-0.056,1.732,2,-0.337,-0.249,1.632,2,-0.324,-0.309,1.594,2,0.102,0.193,1.806,2,0.191,-0.048,1.790,2,0.246,-0.246,1.724,2,0.230,-0.327,1.703,2,-0.160,-0.322,1.711,2,-0.187,-0.647,1.707,1,-0.212,-1.068,1.760,1,-0.196,-1.086,1.627,2,0.011,-0.317,1.726,2,0.040,-0.626,1.720,1,0.028,-1.065,1.774,1,0.043,-1.082,1.640,2,-0.088,0.215,1.785,2,-0.302,-0.369,1.564,2,-0.278,-0.325,1.575,2,0.226,-0.398,1.690,2,0.183,-0.365,1.692,0,0,0
4.126|kb,71234827933660000,6,25,0,0,1,72057594037931114,2,-0.076,-0.326,1.754,2,-0.083,-0.013,1.777,2,-0.089,0.289,1.785,2,-0.106,0.433,1.770,2,-0.273,0.181,1.749,2,-0.337,-0.056,1.732,2,-0.337,-0.249,1.632,2,-0.323,-0.309,1.594,2,0.103,0.193,1.806,2,0.189,-0.051,1.789,2,0.241,-0.250,1.723,2,0.226,-0.327,1.704,2,-0.159,-0.322,1.711,2,-0.187,-0.646,1.707,1,-0.212,-1.068,1.760,1,-0.196,-1.086,1.627,2,0.011,-0.317,1.726,2,0.040,-0.626,1.720,1,0.028,-1.065,1.774,1,0.043,-1.081,1.640,2,-0.088,0.215,1.785,2,-0.303,-0.368,1.565,2,-0.274,-0.323,1.584,2,0.220,-0.398,1.690,2,0.178,-0.367,1.686,0,0,0
4.168|kb,71234831343010000,6,25,0,0,1,72057594037931114,2,-0.076,-0.326,1.753,2,-0.083,-0.013,1.776,2,-0.089,0.289,1.785,2,-0.106,0.433,1.770,2,-0.273,0.181,1.749,2,-0.337,-0.056,1.732,2,-0.336,-0.249,1.633,2,-0.323,-0.311,1.596,2,0.103,0.193,1.806,2,0.188,-0.051,1.789,2,0.239,-0.252,1.722,2,0.227,-0.329,1.702,2,-0.159,-0.322,1.711,2,-0.187,-0.646,1.707,1,-0.213,-1.068,1.760,1,-0.196,-1.086,1.627,2,0.011,-0.317,1.726,2,0.040,-0.626,1.720,1,0.029,-1.065,1.773,1,0.043,-1.081,1.639,2,-0.088,0.215,1.785,2,-0.309,-0.368,1.573,2,-0.276,-0.328,1.578,2,0.221,-0.402,1.690,2,0.178,-0.369,1.685,0,0,0
4.199|kb,71234834635140000,6,25,0,0,1,72057594037931114,2,-0.076,-0.326,1.753,2,-0.083,-0.013,1.776,2,-0.089,0.289,1.785,2,-0.106,0.433,1.769,2,-0.273,0.181,1.749,2,-0.337,-0.056,1.732,2,-0.335,-0.250,1.633,2,-0.324,-0.311,1.596,2,0.103,0.193,1.806,2,0.187,-0.052,1.789,2,0.238,-0.253,1.721,2,0.230,-0.331,1.697,2,-0.159,-0.322,1.710,2,-0.186,-0.645,1.707,1,-0.213,-1.068,1.760,1,-0.196,-1.086,1.627,2,0.011,-0.317,1.726,2,0.040,-0.626,1.720,1,0.029,-1.065,1.773,1,0.044,-1.081,1.639,2,-0.088,0.215,1.785,2,-0.304,-0.373,1.569,2,-0.277,-0.326,1.578,2,0.227,-0.400,1.684,2,0.186,-0.361,1.676,0,0,0
4.226|kb,71234837935350000,6,25,0,0,1,72057594037931114,2,-0.075,-0.326,1.753,2,-0.083,-0.013,1.776,2,-0.089,0.289,1.785,2,-0.106,0.433,1.769,2,-0.274,0.181,1.749,2,-0.337,-0.057,1.732,2,-0.335,-0.250,1.633,2,-0.325,-0.312,1.597,2,0.103,0.194,1.807,2,0.187,-0.052,1.789,2,0.239,-0.257,1.718,2,0.235,-0.332,1.692,2,-0.159,-0.322,1.711,2,-0.186,-0.645,1.706,1,-0.213,-1.068,1.760,1,-0.196,-1.086,1.627,2,0.011,-0.317,1.726,2,0.040,-0.626,1.720,1,0.029,-1.065,1.773,1,0.044,-1.081,1.639,2,-0.088,0.215,1.785,2,-0.306,-0.370,1.567,2,-0.277,-0.328,1.577,2,0.234,-0.398,1.676,2,0.192,-0.367,1.670,0,0,0
4.270|kb,71234841346660000,6,25,0,0,1,72057594037931114,2,-0.075,-0.326,1.753,2,-0.083,-0.013,1.776,2,-0.089,0.289,1.785,2,-0.107,0.433,1.769,2,-0.274,0.181,1.749,2,-0.337,-0.057,1.732,2,-0.335,-0.251,1.633,2,-0.327,-0.312,1.597,2,0.103,0.194,1.807,2,0.187,-0.052,1.789,2,0.239,-0.257,1.716,2,0.242,-0.330,1.684,2,-0.159,-0.322,1.710,2,-0.187,-0.648,1.707,1,-0.212,-1.068,1.760,1,-0.195,-1.086,1.627,2,0.011,-0.317,1.726,2,0.040,-0.626,1.720,1,0.029,-1.065,1.773,1,0.044,-1.081,1.639,2,-0.088,0.215,1.785,2,-0.308,-0.370,1.569,2,-0.277,-0.335,1.573,2,0.241,-0.393,1.665,2,0.205,-0.361,1.657,0,0,0
4.302|kb,71234844633490000,6,25,0,0,1,72057594037931114,2,-0.075,-0.326,1.753,2,-0.083,-0.013,1.776,2,-0.089,0.289,1.785,2,-0.107,0.433,1.769,2,-0.274,0.181,1.749,2,-0.337,-0.056,1.732,2,-0.335,-0.251,1.633,2,-0.328,-0.313,1.596,2,0.103,0.194,1.807,2,0.187,-0.052,1.789,2,0.242,-0.258,1.710,2,0.248,-0.326,1.676,2,-0.159,-0.322,1.710,2,-0.187,-0.647,1.707,1,-0.212,-1.068,1.760,1,-0.195,-1.086,1.627,2,0.011,-0.317,1.726,2,0.040,-0.625,1.720,1,0.029,-1.065,1.773,1,0.044,-1.081,1.639,2,-0.088,0.215,1.785,2,-0.306,-0.374,1.567,2,-0.279,-0.328,1.576,2,0.250,-0.387,1.654,2,0.246,-0.364,1.693,0,0,0
4.333|kb,71234847934080000,6,25,0,0,1,72057594037931114,2,-0.075,-0.326,1.753,2,-0.083,-0.013,1.776,2,-0.089,0.289,1.784,2,-0.107,0.433,1.768,2,-0.274,0.181,1.749,2,-0.337,-0.056,1.732,2,-0.335,-0.251,1.633,2,-0.329,-0.314,1.595,2,0.103,0.195,1.807,2,0.187,-0.050,1.789,2,0.245,-0.257,1.707,2,0.254,-0.324,1.668,2,-0.159,-0.322,1.710,2,-0.187,-0.647,1.707,1,-0.212,-1.068,1.760,1,-0.195,-1.086,1.627,2,0.011,-0.317,1.726,2,0.040,-0.625,1.720,1,0.029,-1.065,1.773,1,0.044,-1.081,1.639,2,-0.088,0.215,1.785,2,-0.311,-0.374,1.570,2,-0.278,-0.331,1.576,2,0.257,-0.384,1.648,2,0.219,-0.361,1.641,0,0,0
4.368|kb,71234851341800000,6,25,0,0,1,72057594037931114,2,-0.075,-0.326,1.753,2,-0.083,-0.013,1.776,2,-0.089,0.289,1.784,2,-0.107,0.433,1.768,2,-0.274,0.181,1.749,2,-0.337,-0.057,1.732,2,-0.335,-0.251,1.633,2,-0.330,-0.314,1.598,2,0.104,0.195,1.807,2,0.188,-0.049,1.790,2,0.248,-0.255,1.705,2,0.258,-0.318,1.664,2,-0.159,-0.321,1.711,2,-0.187,-0.647,1.707,1,-0.212,-1.068,1.760,1,-0.195,-1.086,1.627,2,0.011,-0.317,1.726,2,0.040,-0.625,1.720,1,0.029,-1.064,1.773,1,0.044,-1.081,1.639,2,-0.088,0.215,1.785,2,-0.316,-0.374,1.574,2,-0.274,-0.264,1.559,2,0.263,-0.377,1.639,2,0.221,-0.348,1.643,0,0,0
4.399|kb,71234854634360000,6,25,0,0,1,72057594037931114,2,-0.075,-0.326,1.753,2,-0.083,-0.013,1.776,2,-0.090,0.289,1.784,2,-0.107,0.433,1.768,2,-0.274,0.180,1.749,2,-0.337,-0.057,1.733,2,-0.336,-0.252,1.634,2,-0.331,-0.315,1.598,2,0.103,0.195,1.808,2,0.189,-0.048,1.790,2,0.250,-0.252,1.701,2,0.259,-0.314,1.658,2,-0.159,-0.321,1.711,2,-0.187,-0.646,1.706,1,-0.212,-1.067,1.760,1,-0.195,-1.086,1.627,2,0.011,-0.317,1.726,2,0.040,-0.625,1.720,1,0.029,-1.064,1.773,1,0.044,-1.081,1.639,2,-0.088,0.215,1.785,2,-0.315,-0.371,1.569,2,-0.284,-0.326,1.607,2,0.264,-0.374,1.631,2,0.228,-0.352,1.629,0,0,0
4.425|kb,71234857934310000,6,25,0,0,1,72057594037931114,2,-0.075,-0.325,1.753,2,-0.083,-0.013,1.776,2,-0.090,0.289,1.784,2,-0.107,0.433,1.768,2,-0.274,0.180,1.749,2,-0.337,-0.057,1.733,2,-0.336,-0.252,1.634,2,-0.331,-0.315,1.598,2,0.103,0.195,1.808,2,0.189,-0.047,1.790,2,0.252,-0.250,1.698,2,0.260,-0.313,1.653,2,-0.159,-0.321,1.711,2,-0.187,-0.645,1.706,1,-0.212,-1.067,1.760,1,-0.195,-1.086,1.627,2,0.011,-0.316,1.726,2,0.040,-0.625,1.720,1,0.029,-1.064,1.773,1,0.044,-1.081,1.639,2,-0.088,0.215,1.785,2,-0.317,-0.376,1.571,2,-0.281,-0.337,1.577,2,0.268,-0.373,1.629,2,0.229,-0.346,1.621,0,0,0
4.470|kb,71234861344040000,6,25,0,0,1,72057594037931114,2,-0.075,-0.325,1.753,2,-0.083,-0.012,1.776,2,-0.090,0.289,1.784,2,-0.108,0.433,1.767,2,-0.274,0.180,1.749,2,-0.337,-0.057,1.733,2,-0.336,-0.252,1.635,2,-0.331,-0.315,1.598,2,0.103,0.196,1.808,2,0.189,-0.046,1.790,2,0.253,-0.248,1.695,2,0.259,-0.310,1.650,2,-0.159,-0.321,1.711,2,-0.188,-0.650,1.708,1,-0.212,-1.068,1.760,1,-0.195,-1.085,1.627,2,0.011,-0.316,1.726,2,0.040,-0.625,1.720,1,0.029,-1.064,1.773,1,0.044,-1.081,1.639,2,-0.088,0.215,1.784,2,-0.315,-0.375,1.571,2,-0.283,-0.336,1.574,2,0.265,-0.371,1.623,2,0.228,-0.335,1.620,0,0,0
4.499|kb,71234864633820000,6,25,0,0,1,72057594037931114,2,-0.075,-0.325,1.753,2,-0.083,-0.012,1.776,2,-0.090,0.289,1.784,2,-0.108,0.433,1.767,2,-0.275,0.180,1.749,2,-0.337,-0.057,1.733,2,-0.336,-0.254,1.635,2,-0.330,-0.316,1.598,2,0.103,0.196,1.808,2,0.189,-0.045,1.790,2,0.252,-0.247,1.693,2,0.255,-0.310,1.646,2,-0.159,-0.321,1.711,2,-0.188,-0.650,1.708,1,-0.212,-1.068,1.760,1,-0.195,-1.085,1.627,2,0.011,-0.316,1.726,2,0.040,-0.625,1.720,1,0.029,-1.064,1.773,1,0.044,-1.081,1.639,2,-0.088,0.215,1.784,2,-0.314,-0.378,1.577,2,-0.281,-0.338,1.574,2,0.263,-0.371,1.621,2,0.229,-0.337,1.654,0,0,0
4.526|kb,71234867934630000,6,25,0,0,1,72057594037931114,2,-0.075,-0.325,1.753,2,-0.083,-0.012,1.776,2,-0.090,0.289,1.784,2,-0.108,0.433,1.767,2,-0.275,0.180,1.749,2,-0.337,-0.057,1.733,2,-0.337,-0.254,1.635,2,-0.330,-0.315,1.598,2,0.103,0.196,1.808,2,0.189,-0.045,1.789,2,0.251,-0.247,1.690,2,0.251,-0.309,1.644,2,-0.159,-0.321,1.711,2,-0.188,-0.649,1.707,1,-0.212,-1.067,1.760,1,-0.195,-1.085,1.627,2,0.011,-0.316,1.726,2,0.040,-0.625,1.720,1,0.029,-1.064,1.773,1,0.044,-1.081,1.639,2,-0.089,0.215,1.784,2,-0.315,-0.377,1.578,2,-0.281,-0.338,1.576,2,0.260,-0.370,1.618,2,0.215,-0.344,1.641,0,0,0
4.570|kb,71234871344700000,6,25,0,0,1,72057594037931114,2,-0.075,-0.325,1.753,2,-0.083,-0.012,1.776,2,-0.090,0.289,1.784,2,-0.108,0.433,1.767,2,-0.275,0.180,1.749,2,-0.337,-0.057,1.733,2,-0.337,-0.254,1.635,2,-0.329,-0.316,1.600,2,0.103,0.196,1.808,2,0.189,-0.045,1.789,2,0.250,-0.247,1.688,2,0.246,-0.310,1.645,2,-0.159,-0.321,1.711,2,-0.187,-0.648,1.707,1,-0.212,-1.067,1.761,1,-0.195,-1.085,1.627,2,0.011,-0.316,1.726,2,0.040,-0.625,1.720,1,0.029,-1.064,1.773,1,0.044,-1.081,1.640,2,-0.089,0.215,1.784,2,-0.314,-0.374,1.575,2,-0.281,-0.335,1.581,2,0.253,-0.372,1.619,2,0.209,-0.332,1.644,0,0,0
4.599|kb,71234874634520000,6,25,0,0,1,72057594037931114,2,-0.075,-0.325,1.753,2,-0.083,-0.012,1.776,2,-0.091,0.289,1.784,2,-0.109,0.432,1.767,2,-0.275,0.180,1.749,2,-0.337,-0.057,1.733,2,-0.337,-0.254,1.635,2,-0.327,-0.316,1.598,2,0.103,0.196,1.808,2,0.188,-0.044,1.789,2,0.247,-0.247,1.685,2,0.240,-0.310,1.643,2,-0.159,-0.321,1.711,2,-0.187,-0.648,1.707,1,-0.212,-1.067,1.761,1,-0.195,-1.085,1.628,2,0.011,-0.316,1.726,2,0.041,-0.625,1.720,1,0.029,-1.064,1.773,1,0.044,-1.081,1.640,2,-0.089,0.215,1.784,2,-0.314,-0.377,1.574,2,-0.279,-0.334,1.582,2,0.248,-0.372,1.617,2,0.203,-0.338,1.650,0,0,0
4.625|kb,71234877933620000,6,25,0,0,1,72057594037931114,2,-0.075,-0.325,1.753,2,-0.083,-0.012,1.776,2,-0.091,0.289,1.783,2,-0.109,0.432,1.767,2,-0.276,0.180,1.749,2,-0.337,-0.058,1.734,2,-0.337,-0.254,1.635,2,-0.326,-0.315,1.598,2,0.103,0.196,1.808,2,0.187,-0.044,1.788,2,0.243,-0.248,1.682,2,0.232,-0.312,1.641,2,-0.159,-0.321,1.711,2,-0.187,-0.647,1.707,1,-0.212,-1.067,1.761,1,-0.195,-1.085,1.628,2,0.011,-0.316,1.726,2,0.041,-0.625,1.720,1,0.029,-1.064,1.773,1,0.044,-1.081,1.640,2,-0.089,0.215,1.784,2,-0.309,-0.377,1.572,2,-0.279,-0.333,1.579,2,0.241,-0.374,1.617,2,0.197,-0.326,1.656,0,0,0
4.669|kb,71234881343610000,6,25,0,0,1,72057594037931114,2,-0.075,-0.325,1.753,2,-0.083,-0.012,1.776,2,-0.091,0.289,1.783,2,-0.109,0.432,1.766,2,-0.276,0.180,1.749,2,-0.337,-0.058,1.734,2,-0.336,-0.254,1.635,2,-0.326,-0.315,1.598,2,0.103,0.197,1.808,2,0.187,-0.044,1.788,2,0.238,-0.248,1.681,2,0.226,-0.315,1.643,2,-0.158,-0.321,1.711,2,-0.187,-0.650,1.708,1,-0.212,-1.068,1.760,1,-0.195,-1.085,1.627,2,0.011,-0.316,1.726,2,0.041,-0.625,1.719,1,0.029,-1.064,1.773,1,0.044,-1.081,1.640,2,-0.089,0.215,1.784,2,-0.312,-0.374,1.571,2,-0.278,-0.329,1.600,2,0.235,-0.376,1.618,2,0.188,-0.335,1.649,0,0,0
4.702|kb,71234884633550000,6,25,0,0,1,72057594037931114,2,-0.075,-0.325,1.753,2,-0.083,-0.012,1.776,2,-0.091,0.289,1.783,2,-0.109,0.432,1.766,2,-0.276,0.180,1.749,2,-0.337,-0.058,1.734,2,-0.336,-0.254,1.636,2,-0.324,-0.316,1.600,2,0.103,0.197,1.808,2,0.186,-0.045,1.788,2,0.234,-0.250,1.680,2,0.220,-0.315,1.645,2,-0.158,-0.321,1.711,2,-0.187,-0.648,1.708,1,-0.212,-1.067,1.761,1,-0.195,-1.086,1.628,2,0.011,-0.316,1.726,2,0.041,-0.625,1.719,1,0.028,-1.064,1.773,1,0.043,-1.081,1.640,2,-0.089,0.215,1.784,2,-0.312,-0.373,1.574,2,-0.277,-0.334,1.585,2,0.227,-0.376,1.620,2,0.182,-0.329,1.653,0,0,0
4.734|kb,71234887935950000,6,25,0,0,1,72057594037931114,2,-0.075,-0.325,1.754,2,-0.083,-0.012,1.776,2,-0.091,0.289,1.783,2,-0.109,0.432,1.766,2,-0.276,0.180,1.750,2,-0.337,-0.058,1.734,2,-0.336,-0.255,1.636,2,-0.325,-0.316,1.599,2,0.103,0.197,1.808,2,0.185,-0.045,1.787,2,0.229,-0.251,1.680,2,0.216,-0.317,1.648,2,-0.158,-0.321,1.711,2,-0.187,-0.647,1.708,1,-0.212,-1.067,1.761,1,-0.195,-1.085,1.628,2,0.012,-0.316,1.726,2,0.041,-0.625,1.719,1,0.028,-1.064,1.774,1,0.043,-1.081,1.640,2,-0.089,0.215,1.784,2,-0.307,-0.378,1.573,2,-0.279,-0.325,1.596,2,0.221,-0.382,1.625,2,0.176,-0.335,1.652,0,0,0
4.768|kb,71234891344050000,6,25,0,0,1,72057594037931114,2,-0.075,-0.325,1.754,2,-0.083,-0.012,1.776,2,-0.091,0.289,1.783,2,-0.110,0.432,1.766,2,-0.276,0.180,1.750,2,-0.336,-0.058,1.734,2,-0.336,-0.255,1.636,2,-0.325,-0.316,1.599,2,0.103,0.197,1.808,2,0.184,-0.046,1.787,2,0.226,-0.252,1.680,2,0.212,-0.318,1.648,2,-0.158,-0.321,1.711,2,-0.187,-0.651,1.708,1,-0.212,-1.067,1.761,1,-0.195,-1.085,1.628,2,0.012,-0.316,1.726,2,0.041,-0.625,1.719,1,0.028,-1.064,1.774,1,0.043,-1.081,1.640,2,-0.089,0.215,1.784,2,-0.293,-0.386,1.566,2,-0.281,-0.319,1.585,2,0.219,-0.382,1.625,2,0.171,-0.340,1.651,0,0,0
