0.000|kb,69385991758960000,6,25,0,0,1,72057594037931167,2,0.286,-0.145,1.241,2,0.218,-0.010,1.009,2,0.148,0.123,0.763,2,0.163,0.245,0.701,2,0.008,0.153,0.881,2,-0.110,0.097,1.115,2,-0.190,-0.050,1.233,2,-0.211,-0.135,1.259,2,0.263,0.029,0.726,2,0.311,-0.127,0.569,1,0.268,-0.322,0.483,1,0.255,-0.388,0.457,2,0.212,-0.113,1.242,2,-0.016,-0.452,1.364,2,-0.045,-0.860,1.677,2,-0.086,-0.878,1.638,2,0.343,-0.170,1.170,2,0.154,-0.477,1.080,1,-0.111,-0.930,0.986,1,-0.125,-0.914,0.948,2,0.166,0.091,0.827,2,-0.195,-0.204,1.291,2,-0.228,-0.181,1.238,1,0.255,-0.394,0.448,1,0.247,-0.381,0.448,0,0,0
0.044|kb,69385998352070000,6,25,0,0,1,72057594037931167,2,0.285,-0.145,1.239,2,0.217,-0.010,1.006,2,0.147,0.121,0.759,2,0.161,0.243,0.697,2,0.007,0.152,0.876,2,-0.115,0.101,1.109,2,-0.190,-0.051,1.231,2,-0.212,-0.136,1.256,2,0.262,0.027,0.722,2,0.311,-0.128,0.566,1,0.266,-0.327,0.490,1,0.253,-0.393,0.468,2,0.212,-0.112,1.240,2,-0.017,-0.452,1.365,2,-0.044,-0.857,1.676,2,-0.085,-0.876,1.638,2,0.343,-0.169,1.167,2,0.151,-0.475,1.080,1,-0.118,-0.928,0.988,1,-0.132,-0.912,0.950,2,0.165,0.089,0.823,2,-0.197,-0.208,1.288,2,-0.234,-0.164,1.233,1,0.254,-0.399,0.458,1,0.246,-0.386,0.458,0,0,0
0.084|kb,69386001758210000,6,25,0,0,1,72057594037931167,2,0.285,-0.144,1.238,2,0.217,-0.011,1.004,2,0.146,0.120,0.757,2,0.160,0.242,0.695,2,0.007,0.151,0.875,2,-0.116,0.098,1.106,2,-0.191,-0.051,1.229,2,-0.214,-0.135,1.253,2,0.261,0.026,0.720,2,0.311,-0.129,0.564,1,0.266,-0.328,0.492,1,0.253,-0.395,0.471,2,0.212,-0.112,1.239,2,-0.018,-0.452,1.365,2,-0.044,-0.856,1.676,2,-0.085,-0.875,1.638,2,0.343,-0.169,1.166,2,0.150,-0.475,1.080,1,-0.120,-0.927,0.989,1,-0.133,-0.912,0.951,2,0.164,0.089,0.821,2,-0.197,-0.200,1.288,2,-0.236,-0.164,1.231,1,0.256,-0.401,0.461,1,0.246,-0.388,0.461,0,0,0
0.111|kb,69386005057780000,6,25,0,0,1,72057594037931167,2,0.281,-0.146,1.237,2,0.215,-0.011,1.003,2,0.145,0.120,0.756,2,0.160,0.241,0.693,2,0.006,0.150,0.873,2,-0.116,0.099,1.105,2,-0.191,-0.051,1.227,2,-0.216,-0.135,1.251,2,0.261,0.025,0.719,2,0.311,-0.129,0.563,1,0.265,-0.329,0.494,1,0.251,-0.396,0.474,2,0.208,-0.113,1.238,2,-0.020,-0.454,1.366,2,-0.044,-0.855,1.675,2,-0.084,-0.875,1.638,2,0.339,-0.170,1.166,2,0.149,-0.474,1.080,1,-0.122,-0.930,0.989,1,-0.135,-0.914,0.950,2,0.163,0.088,0.820,2,-0.201,-0.208,1.304,2,-0.217,-0.188,1.225,1,0.253,-0.402,0.464,1,0.244,-0.389,0.464,0,0,0
0.165|kb,69386008350300000,6,25,0,0,1,72057594037931167,2,0.281,-0.146,1.237,2,0.214,-0.012,1.003,2,0.145,0.119,0.755,2,0.159,0.240,0.692,2,0.006,0.149,0.872,2,-0.116,0.099,1.104,2,-0.193,-0.051,1.226,2,-0.220,-0.134,1.252,2,0.261,0.025,0.719,2,0.311,-0.129,0.563,1,0.265,-0.329,0.494,1,0.251,-0.396,0.475,2,0.207,-0.113,1.237,2,-0.021,-0.454,1.367,2,-0.044,-0.855,1.675,2,-0.084,-0.875,1.639,2,0.339,-0.170,1.166,2,0.148,-0.474,1.079,1,-0.122,-0.931,0.988,1,-0.135,-0.915,0.949,2,0.163,0.088,0.820,2,-0.204,-0.198,1.288,2,-0.241,-0.170,1.229,1,0.252,-0.402,0.465,1,0.244,-0.389,0.465,0,0,0
0.189|kb,69386011756350000,6,25,0,0,1,72057594037931167,2,0.281,-0.145,1.237,2,0.214,-0.012,1.003,2,0.144,0.119,0.755,2,0.159,0.239,0.692,2,0.005,0.148,0.872,2,-0.118,0.100,1.103,2,-0.194,-0.052,1.225,2,-0.226,-0.135,1.252,2,0.261,0.025,0.719,2,0.311,-0.130,0.563,1,0.265,-0.329,0.494,1,0.252,-0.395,0.474,2,0.207,-0.112,1.238,2,-0.021,-0.455,1.367,2,-0.044,-0.854,1.675,2,-0.084,-0.875,1.639,2,0.338,-0.170,1.166,2,0.147,-0.474,1.080,1,-0.124,-0.930,0.989,1,-0.136,-0.915,0.950,2,0.162,0.087,0.820,2,-0.211,-0.196,1.282,2,-0.248,-0.164,1.228,1,0.254,-0.402,0.464,1,0.245,-0.388,0.462,0,0,0
0.227|kb,69386015058870000,6,25,0,0,1,72057594037931167,2,0.278,-0.146,1.238,2,0.212,-0.012,1.004,2,0.144,0.119,0.756,2,0.158,0.239,0.692,2,0.004,0.148,0.872,2,-0.120,0.096,1.101,2,-0.197,-0.051,1.224,2,-0.231,-0.134,1.250,2,0.261,0.024,0.719,2,0.311,-0.131,0.565,1,0.267,-0.327,0.487,1,0.254,-0.393,0.463,2,0.204,-0.114,1.238,2,-0.023,-0.458,1.369,2,-0.044,-0.855,1.675,2,-0.085,-0.875,1.639,2,0.336,-0.171,1.168,2,0.146,-0.474,1.080,1,-0.126,-0.932,0.988,1,-0.138,-0.917,0.948,2,0.161,0.087,0.820,2,-0.211,-0.193,1.297,2,-0.239,-0.196,1.230,1,0.254,-0.399,0.454,1,0.246,-0.386,0.456,0,0,0
0.252|kb,69386018349590000,6,25,0,0,1,72057594037931167,2,0.264,-0.149,1.244,2,0.206,-0.013,1.007,2,0.142,0.119,0.757,2,0.157,0.239,0.694,2,0.003,0.148,0.873,2,-0.123,0.090,1.101,2,-0.200,-0.052,1.224,2,-0.237,-0.135,1.249,2,0.260,0.024,0.720,2,0.313,-0.137,0.573,1,0.270,-0.323,0.471,1,0.257,-0.385,0.440,2,0.188,-0.116,1.243,2,-0.030,-0.466,1.373,2,-0.046,-0.857,1.676,2,-0.086,-0.879,1.641,2,0.324,-0.173,1.174,2,0.145,-0.474,1.081,1,-0.121,-0.941,0.980,1,-0.133,-0.925,0.938,2,0.159,0.087,0.822,2,-0.220,-0.198,1.285,2,-0.259,-0.167,1.228,1,0.257,-0.391,0.430,1,0.249,-0.378,0.430,0,0,0
0.294|kb,69386021757100000,6,25,0,0,1,72057594037931167,2,0.244,-0.151,1.253,2,0.195,-0.014,1.013,2,0.140,0.119,0.761,2,0.154,0.239,0.697,2,0.000,0.148,0.876,2,-0.124,0.090,1.104,2,-0.204,-0.052,1.223,2,-0.241,-0.135,1.249,2,0.260,0.025,0.725,2,0.319,-0.142,0.590,1,0.394,-0.351,0.424,1,0.417,-0.411,0.379,2,0.167,-0.118,1.250,2,-0.046,-0.474,1.372,2,-0.044,-0.855,1.675,2,-0.086,-0.878,1.640,2,0.307,-0.176,1.184,2,0.145,-0.473,1.081,1,-0.108,-0.954,0.963,1,-0.120,-0.937,0.921,2,0.155,0.087,0.826,2,-0.233,-0.200,1.265,2,-0.269,-0.146,1.227,1,0.415,-0.417,0.371,1,0.405,-0.405,0.373,0,0,0
0.318|kb,69386025059020000,6,25,0,0,1,72057594037931167,2,0.239,-0.155,1.256,2,0.191,-0.015,1.018,2,0.136,0.122,0.768,2,0.149,0.241,0.704,2,-0.004,0.150,0.882,2,-0.128,0.089,1.110,2,-0.209,-0.054,1.226,2,-0.246,-0.138,1.250,2,0.259,0.026,0.734,2,0.326,-0.148,0.613,1,0.411,-0.366,0.467,1,0.437,-0.429,0.428,2,0.162,-0.122,1.253,2,-0.052,-0.479,1.372,2,-0.043,-0.853,1.673,2,-0.084,-0.878,1.639,2,0.302,-0.180,1.188,2,0.144,-0.473,1.081,1,-0.106,-0.959,0.955,1,-0.119,-0.941,0.912,2,0.151,0.088,0.832,2,-0.240,-0.200,1.265,2,-0.273,-0.143,1.229,1,0.435,-0.435,0.420,1,0.425,-0.423,0.422,0,0,0
0.361|kb,69386028348630000,6,25,0,0,1,72057594037931167,2,0.231,-0.159,1.262,2,0.184,-0.015,1.026,2,0.132,0.126,0.778,2,0.144,0.244,0.714,2,-0.010,0.153,0.891,2,-0.132,0.087,1.119,2,-0.215,-0.059,1.230,2,-0.250,-0.144,1.255,2,0.257,0.028,0.747,2,0.333,-0.152,0.644,1,0.371,-0.299,0.488,1,0.385,-0.348,0.440,2,0.154,-0.126,1.260,2,-0.060,-0.485,1.372,2,-0.042,-0.850,1.669,2,-0.081,-0.878,1.636,2,0.296,-0.183,1.194,2,0.144,-0.473,1.082,1,-0.102,-0.964,0.943,1,-0.115,-0.944,0.900,2,0.145,0.092,0.843,2,-0.247,-0.211,1.261,2,-0.245,-0.196,1.211,1,0.384,-0.354,0.431,1,0.374,-0.343,0.431,0,0,0
0.385|kb,69386031758790000,6,25,0,0,1,72057594037931167,2,0.213,-0.168,1.275,2,0.173,-0.015,1.039,2,0.127,0.132,0.792,2,0.139,0.249,0.726,2,-0.016,0.157,0.902,2,-0.136,0.083,1.129,2,-0.221,-0.065,1.237,2,-0.252,-0.149,1.259,2,0.256,0.030,0.763,2,0.340,-0.153,0.675,1,0.393,-0.280,0.507,2,0.363,-0.305,0.531,2,0.135,-0.135,1.271,2,-0.068,-0.492,1.374,2,-0.042,-0.850,1.667,2,-0.080,-0.881,1.632,2,0.279,-0.192,1.209,2,0.141,-0.480,1.081,1,-0.088,-0.979,0.915,1,-0.104,-0.956,0.872,2,0.139,0.096,0.855,2,-0.247,-0.210,1.270,2,-0.249,-0.185,1.223,1,0.358,-0.315,0.520,1,0.355,-0.310,0.518,0,0,0
0.409|kb,69386035056650000,6,25,0,0,1,72057594037931167,2,0.203,-0.169,1.284,2,0.165,-0.013,1.051,2,0.123,0.139,0.806,2,0.135,0.254,0.739,2,-0.022,0.161,0.916,2,-0.141,0.080,1.141,2,-0.226,-0.071,1.245,2,-0.254,-0.155,1.265,2,0.255,0.034,0.780,2,0.346,-0.152,0.708,1,0.386,-0.280,0.537,2,0.349,-0.286,0.536,2,0.124,-0.136,1.280,2,-0.070,-0.497,1.378,2,-0.045,-0.855,1.664,2,-0.083,-0.888,1.627,2,0.271,-0.192,1.218,2,0.140,-0.481,1.083,1,-0.078,-0.981,0.903,1,-0.095,-0.957,0.862,2,0.134,0.102,0.870,2,-0.248,-0.216,1.275,2,-0.282,-0.161,1.242,1,0.338,-0.306,0.514,2,0.338,-0.305,0.534,0,0,0
0.462|kb,69386038349550000,6,25,0,0,1,72057594037931167,2,0.192,-0.177,1.294,2,0.158,-0.014,1.064,2,0.120,0.146,0.824,2,0.130,0.259,0.756,2,-0.029,0.164,0.931,2,-0.144,0.078,1.157,2,-0.231,-0.077,1.254,2,-0.256,-0.161,1.273,2,0.254,0.038,0.800,2,0.351,-0.149,0.751,2,0.349,-0.288,0.583,2,0.342,-0.299,0.567,2,0.111,-0.145,1.289,2,-0.074,-0.505,1.386,2,-0.043,-0.847,1.648,2,-0.077,-0.875,1.619,2,0.261,-0.199,1.228,2,0.137,-0.488,1.084,1,-0.069,-0.987,0.888,1,-0.087,-0.961,0.846,2,0.130,0.107,0.886,2,-0.249,-0.224,1.278,2,-0.252,-0.231,1.229,1,0.323,-0.309,0.521,2,0.341,-0.339,0.606,0,0,0
0.490|kb,69386041758810000,6,25,0,0,1,72057594037931167,2,0.179,-0.185,1.306,2,0.149,-0.014,1.080,2,0.116,0.153,0.843,2,0.126,0.265,0.775,2,-0.035,0.168,0.949,2,-0.148,0.072,1.173,2,-0.236,-0.085,1.266,2,-0.257,-0.167,1.282,2,0.253,0.045,0.821,2,0.352,-0.143,0.791,2,0.325,-0.287,0.615,2,0.313,-0.312,0.591,2,0.098,-0.154,1.300,2,-0.077,-0.508,1.388,2,-0.042,-0.849,1.644,2,-0.076,-0.874,1.611,2,0.250,-0.206,1.241,2,0.134,-0.494,1.088,1,-0.058,-0.993,0.877,1,-0.077,-0.965,0.834,2,0.125,0.112,0.904,2,-0.249,-0.229,1.287,2,-0.240,-0.200,1.316,1,0.275,-0.308,0.520,2,0.278,-0.339,0.605,0,0,0
0.528|kb,69386045059410000,6,25,0,0,1,72057594037931167,2,0.162,-0.195,1.321,2,0.140,-0.016,1.097,2,0.114,0.158,0.862,2,0.123,0.272,0.796,2,-0.041,0.168,0.968,2,-0.152,0.067,1.190,2,-0.241,-0.093,1.279,2,-0.261,-0.174,1.294,2,0.252,0.054,0.846,2,0.356,-0.144,0.830,2,0.342,-0.312,0.693,2,0.315,-0.312,0.665,2,0.082,-0.164,1.313,2,-0.081,-0.511,1.392,2,-0.044,-0.851,1.640,2,-0.076,-0.876,1.605,2,0.235,-0.216,1.258,2,0.132,-0.502,1.093,1,-0.040,-0.999,0.860,1,-0.059,-0.970,0.816,2,0.121,0.116,0.923,2,-0.253,-0.235,1.296,2,-0.243,-0.207,1.326,2,0.280,-0.324,0.568,2,0.284,-0.340,0.688,0,0,0
0.552|kb,69386048350850000,6,25,0,0,1,72057594037931167,2,0.153,-0.208,1.331,2,0.133,-0.019,1.113,2,0.110,0.165,0.886,2,0.119,0.278,0.820,2,-0.048,0.171,0.992,2,-0.158,0.061,1.211,2,-0.247,-0.103,1.293,2,-0.265,-0.184,1.306,2,0.250,0.060,0.869,2,0.359,-0.149,0.871,2,0.334,-0.325,0.748,2,0.283,-0.348,0.693,2,0.072,-0.179,1.322,2,-0.085,-0.518,1.398,2,-0.051,-0.850,1.623,1,-0.101,-0.903,1.535,2,0.227,-0.226,1.269,2,0.128,-0.510,1.100,1,-0.035,-1.007,0.857,1,-0.056,-0.976,0.813,2,0.116,0.120,0.945,2,-0.257,-0.244,1.307,2,-0.248,-0.216,1.340,2,0.262,-0.353,0.639,2,0.234,-0.361,0.694,0,0,0
0.595|kb,69386051759640000,6,25,0,0,1,72057594037931167,2,0.048,-0.299,1.251,2,0.078,-0.058,1.094,2,0.106,0.172,0.912,2,0.116,0.287,0.848,2,-0.056,0.175,1.018,2,-0.164,0.052,1.232,2,-0.254,-0.113,1.311,2,-0.271,-0.191,1.320,2,0.249,0.067,0.901,2,0.360,-0.153,0.920,2,0.322,-0.336,0.813,2,0.276,-0.376,0.756,2,-0.033,-0.271,1.235,2,-0.090,-0.528,1.405,2,-0.057,-0.847,1.613,1,-0.104,-0.903,1.515,2,0.127,-0.310,1.197,1,0.143,-0.682,1.077,1,0.157,-1.150,0.955,1,0.115,-1.119,0.877,2,0.106,0.119,0.957,2,-0.266,-0.257,1.314,2,-0.253,-0.224,1.351,1,0.245,-0.398,0.692,2,0.223,-0.398,0.769,0,0,0
0.619|kb,69386055056390000,6,25,0,0,1,72057594037931167,2,0.043,-0.301,1.258,2,0.075,-0.064,1.099,2,0.106,0.163,0.921,2,0.112,0.295,0.877,2,-0.059,0.176,1.029,2,-0.166,0.051,1.242,2,-0.255,-0.116,1.321,2,-0.276,-0.197,1.334,2,0.247,0.071,0.928,2,0.357,-0.162,0.963,2,0.314,-0.351,0.871,2,0.280,-0.394,0.833,2,-0.038,-0.274,1.240,2,-0.093,-0.531,1.407,2,-0.059,-0.838,1.601,1,-0.101,-0.900,1.505,2,0.122,-0.312,1.206,1,0.145,-0.684,1.090,1,0.179,-1.140,0.982,1,0.129,-1.123,0.892,2,0.101,0.107,0.968,2,-0.267,-0.258,1.338,2,-0.259,-0.235,1.366,2,0.241,-0.442,0.779,2,0.235,-0.390,0.807,0,0,0
0.662|kb,69386058351470000,6,25,0,0,1,72057594037931167,2,0.035,-0.309,1.276,2,0.066,-0.060,1.135,2,0.096,0.185,0.979,2,0.107,0.302,0.913,2,-0.073,0.175,1.085,2,-0.182,0.032,1.288,2,-0.269,-0.144,1.345,2,-0.284,-0.208,1.350,2,0.245,0.075,0.965,2,0.349,-0.160,1.017,2,0.318,-0.367,0.942,2,0.283,-0.435,0.912,2,-0.046,-0.282,1.254,2,-0.101,-0.542,1.416,2,-0.060,-0.852,1.606,2,-0.095,-0.896,1.587,2,0.114,-0.318,1.228,1,0.142,-0.685,1.092,1,0.184,-1.129,0.966,1,0.130,-1.112,0.868,2,0.089,0.126,1.022,2,-0.276,-0.272,1.348,2,-0.264,-0.247,1.381,2,0.256,-0.521,0.915,2,0.245,-0.432,0.879,0,0,0
0.688|kb,69386061758900000,6,25,0,0,1,72057594037931167,2,0.027,-0.316,1.296,2,0.061,-0.060,1.157,2,0.093,0.189,1.004,2,0.101,0.308,0.948,2,-0.079,0.173,1.105,2,-0.186,0.028,1.307,2,-0.275,-0.149,1.358,2,-0.293,-0.220,1.365,2,0.243,0.075,1.001,2,0.347,-0.168,1.067,2,0.318,-0.385,1.007,2,0.293,-0.457,0.994,2,-0.054,-0.291,1.273,2,-0.107,-0.548,1.419,2,-0.063,-0.868,1.611,2,-0.098,-0.904,1.589,2,0.107,-0.323,1.249,1,0.132,-0.686,1.098,1,0.171,-1.124,0.956,1,0.119,-1.108,0.855,2,0.086,0.128,1.044,2,-0.285,-0.284,1.362,2,-0.274,-0.261,1.395,2,0.279,-0.546,1.009,2,0.247,-0.457,0.976,0,0,0
0.728|kb,69386065058720000,6,25,0,0,1,72057594037931167,2,0.019,-0.324,1.317,2,0.052,-0.061,1.192,2,0.084,0.195,1.054,2,0.094,0.313,0.993,2,-0.090,0.170,1.149,2,-0.198,0.015,1.343,2,-0.287,-0.168,1.378,2,-0.303,-0.232,1.381,2,0.238,0.076,1.045,2,0.343,-0.175,1.110,2,0.324,-0.389,1.073,2,0.305,-0.465,1.069,2,-0.063,-0.300,1.294,2,-0.116,-0.560,1.427,2,-0.068,-0.885,1.618,1,-0.107,-0.919,1.584,2,0.100,-0.331,1.269,1,0.126,-0.689,1.105,1,0.165,-1.121,0.948,1,0.116,-1.101,0.845,2,0.076,0.133,1.092,2,-0.294,-0.296,1.377,2,-0.284,-0.275,1.408,2,0.292,-0.554,1.091,2,0.237,-0.422,1.052,0,0,0
0.770|kb,69386068348630000,6,25,0,0,1,72057594037931167,2,0.009,-0.333,1.340,2,0.042,-0.072,1.237,2,0.075,0.183,1.112,2,0.086,0.317,1.038,2,-0.099,0.167,1.182,2,-0.207,0.004,1.370,2,-0.298,-0.179,1.398,2,-0.314,-0.248,1.398,2,0.231,0.077,1.086,2,0.335,-0.174,1.158,2,0.337,-0.385,1.133,2,0.324,-0.465,1.135,2,-0.073,-0.310,1.314,2,-0.128,-0.592,1.449,1,-0.047,-0.986,1.672,1,-0.074,-1.038,1.565,2,0.090,-0.340,1.296,1,0.121,-0.689,1.109,1,0.166,-1.115,0.920,1,0.121,-1.086,0.819,2,0.067,0.121,1.146,2,-0.306,-0.311,1.392,2,-0.295,-0.292,1.421,2,0.305,-0.534,1.141,2,0.261,-0.467,1.108,0,0,0
0.795|kb,69386071756820000,6,25,0,0,1,72057594037931167,2,-0.008,-0.344,1.367,2,0.032,-0.076,1.263,2,0.068,0.184,1.148,2,0.077,0.318,1.088,2,-0.112,0.160,1.228,2,-0.218,-0.015,1.407,2,-0.313,-0.198,1.419,2,-0.326,-0.261,1.416,2,0.224,0.076,1.133,2,0.329,-0.175,1.200,2,0.350,-0.386,1.188,2,0.342,-0.465,1.197,2,-0.088,-0.321,1.340,2,-0.133,-0.596,1.453,1,-0.054,-0.995,1.677,1,-0.077,-1.059,1.577,2,0.074,-0.350,1.324,1,0.123,-0.691,1.122,1,0.185,-1.111,0.913,1,0.142,-1.076,0.815,2,0.060,0.120,1.179,2,-0.320,-0.325,1.405,2,-0.305,-0.311,1.432,2,0.331,-0.527,1.204,2,0.315,-0.437,1.226,0,0,0
0.818|kb,69386075056430000,6,25,0,0,1,72057594037931167,2,-0.021,-0.356,1.393,2,0.019,-0.083,1.306,2,0.058,0.182,1.199,2,0.066,0.319,1.140,2,-0.123,0.154,1.266,2,-0.229,-0.027,1.439,2,-0.328,-0.209,1.440,2,-0.339,-0.275,1.432,2,0.215,0.075,1.174,2,0.320,-0.172,1.250,2,0.360,-0.387,1.242,2,0.356,-0.470,1.253,2,-0.101,-0.333,1.366,2,-0.146,-0.613,1.467,1,-0.034,-1.009,1.683,1,-0.047,-1.073,1.582,2,0.060,-0.360,1.350,1,0.122,-0.692,1.136,1,0.200,-1.104,0.908,1,0.158,-1.064,0.811,2,0.049,0.117,1.229,2,-0.332,-0.339,1.420,2,-0.317,-0.327,1.445,2,0.337,-0.535,1.283,2,0.304,-0.483,1.256,0,0,0
0.861|kb,69386078350320000,6,25,0,0,1,72057594037931167,2,-0.037,-0.369,1.429,2,0.006,-0.091,1.343,2,0.045,0.178,1.245,2,0.054,0.316,1.193,2,-0.138,0.144,1.315,2,-0.248,-0.040,1.481,2,-0.342,-0.225,1.462,2,-0.353,-0.291,1.450,2,0.203,0.071,1.227,2,0.317,-0.174,1.299,2,0.366,-0.393,1.293,2,0.366,-0.474,1.304,2,-0.116,-0.347,1.401,2,-0.157,-0.636,1.484,1,-0.056,-1.040,1.698,1,-0.064,-1.099,1.596,2,0.044,-0.372,1.388,1,0.121,-0.693,1.158,1,0.214,-1.094,0.910,1,0.174,-1.050,0.816,2,0.036,0.112,1.271,2,-0.345,-0.354,1.435,2,-0.320,-0.281,1.422,2,0.357,-0.545,1.331,2,0.339,-0.446,1.339,0,0,0
0.885|kb,69386081758940000,6,25,0,0,1,72057594037931167,2,-0.046,-0.379,1.456,2,-0.009,-0.099,1.385,2,0.028,0.173,1.294,2,0.040,0.311,1.244,2,-0.154,0.134,1.363,2,-0.266,-0.060,1.517,2,-0.357,-0.245,1.480,2,-0.365,-0.304,1.466,2,0.191,0.067,1.276,2,0.311,-0.173,1.352,2,0.370,-0.399,1.339,2,0.373,-0.478,1.344,2,-0.125,-0.359,1.427,2,-0.164,-0.651,1.505,1,-0.065,-1.059,1.701,1,-0.078,-1.121,1.595,2,0.035,-0.381,1.416,1,0.114,-0.697,1.181,1,0.211,-1.096,0.923,1,0.171,-1.048,0.831,2,0.019,0.106,1.320,2,-0.356,-0.369,1.447,2,-0.332,-0.287,1.435,2,0.367,-0.548,1.360,2,0.339,-0.452,1.358,0,0,0
0.928|kb,69386085056930000,6,25,0,0,1,72057594037931167,2,-0.058,-0.391,1.488,2,-0.022,-0.107,1.424,2,0.013,0.169,1.345,2,0.025,0.308,1.297,2,-0.172,0.127,1.410,2,-0.284,-0.074,1.556,2,-0.368,-0.257,1.497,2,-0.379,-0.316,1.480,2,0.179,0.062,1.329,2,0.301,-0.175,1.409,2,0.369,-0.407,1.375,2,0.373,-0.482,1.377,2,-0.137,-0.375,1.460,2,-0.168,-0.673,1.523,1,-0.048,-1.087,1.711,1,-0.051,-1.139,1.602,2,0.025,-0.390,1.447,1,0.105,-0.707,1.215,1,0.204,-1.107,0.956,1,0.166,-1.056,0.866,2,0.004,0.101,1.368,2,-0.369,-0.380,1.457,2,-0.345,-0.299,1.463,2,0.368,-0.552,1.382,2,0.350,-0.436,1.412,0,0,0
0.952|kb,69386088351020000,6,25,0,0,1,72057594037931167,2,-0.067,-0.398,1.517,2,-0.035,-0.111,1.465,2,-0.004,0.167,1.396,2,0.007,0.307,1.349,2,-0.190,0.121,1.459,2,-0.301,-0.087,1.590,2,-0.381,-0.268,1.517,2,-0.393,-0.335,1.492,2,0.168,0.059,1.383,2,0.291,-0.178,1.463,2,0.364,-0.412,1.420,2,0.370,-0.480,1.407,2,-0.146,-0.383,1.485,2,-0.171,-0.682,1.544,1,-0.034,-1.100,1.702,1,-0.036,-1.150,1.586,2,0.015,-0.396,1.479,2,0.081,-0.663,1.275,1,0.190,-1.113,0.979,1,0.153,-1.057,0.892,2,-0.012,0.099,1.417,2,-0.382,-0.389,1.465,2,-0.363,-0.391,1.473,2,0.364,-0.548,1.406,2,0.378,-0.513,1.440,0,0,0
0.995|kb,69386091758830000,6,25,0,0,1,72057594037931167,2,-0.075,-0.401,1.550,2,-0.046,-0.112,1.504,2,-0.019,0.168,1.445,2,-0.009,0.307,1.400,2,-0.207,0.117,1.503,2,-0.318,-0.097,1.624,2,-0.395,-0.276,1.540,2,-0.406,-0.342,1.507,2,0.158,0.060,1.435,2,0.272,-0.172,1.518,2,0.357,-0.405,1.448,2,0.362,-0.472,1.436,2,-0.155,-0.388,1.521,2,-0.173,-0.696,1.568,1,-0.016,-1.109,1.723,1,-0.012,-1.153,1.605,2,0.008,-0.397,1.509,2,0.068,-0.671,1.313,1,0.169,-1.128,1.035,1,0.136,-1.074,0.942,2,-0.025,0.099,1.462,2,-0.394,-0.394,1.471,2,-0.393,-0.392,1.517,2,0.352,-0.541,1.427,2,0.355,-0.466,1.473,0,0,0
1.021|kb,69386095056390000,6,25,0,0,1,72057594037931167,2,-0.081,-0.401,1.576,2,-0.056,-0.110,1.537,2,-0.030,0.171,1.482,2,-0.023,0.313,1.442,2,-0.219,0.115,1.533,2,-0.329,-0.100,1.647,2,-0.405,-0.277,1.560,2,-0.417,-0.343,1.523,2,0.148,0.065,1.477,2,0.257,-0.166,1.554,2,0.339,-0.387,1.493,2,0.349,-0.460,1.463,2,-0.161,-0.390,1.542,2,-0.173,-0.702,1.586,1,-0.022,-1.116,1.752,1,-0.017,-1.158,1.635,2,0.002,-0.395,1.540,2,0.064,-0.664,1.337,1,0.166,-1.115,1.048,1,0.137,-1.059,0.955,2,-0.037,0.102,1.498,2,-0.406,-0.395,1.480,2,-0.402,-0.394,1.526,2,0.340,-0.525,1.450,2,0.320,-0.462,1.466,0,0,0
1.073|kb,69386098351340000,6,25,0,0,1,72057594037931167,2,-0.088,-0.397,1.607,2,-0.065,-0.104,1.573,2,-0.042,0.179,1.524,2,-0.038,0.322,1.486,2,-0.231,0.117,1.571,2,-0.342,-0.102,1.678,2,-0.417,-0.276,1.582,2,-0.429,-0.343,1.542,2,0.137,0.077,1.522,2,0.242,-0.160,1.600,2,0.327,-0.374,1.524,2,0.335,-0.451,1.496,2,-0.168,-0.388,1.573,2,-0.173,-0.707,1.612,1,-0.026,-1.120,1.779,1,-0.020,-1.159,1.663,2,-0.004,-0.390,1.570,2,0.057,-0.658,1.365,1,0.292,-0.591,1.377,1,0.258,-0.615,1.311,2,-0.048,0.110,1.539,2,-0.416,-0.395,1.499,2,-0.415,-0.394,1.546,2,0.324,-0.515,1.479,2,0.321,-0.503,1.537,0,0,0
1.103|kb,69386101757270000,6,25,0,0,1,72057594037931167,2,-0.092,-0.391,1.627,2,-0.072,-0.096,1.597,2,-0.053,0.189,1.553,2,-0.047,0.331,1.517,2,-0.238,0.122,1.594,2,-0.349,-0.101,1.699,2,-0.428,-0.276,1.609,2,-0.440,-0.338,1.562,2,0.130,0.087,1.549,2,0.233,-0.154,1.624,2,0.311,-0.362,1.562,2,0.318,-0.440,1.529,2,-0.171,-0.383,1.591,2,-0.174,-0.708,1.625,1,-0.032,-1.120,1.790,1,-0.026,-1.158,1.673,2,-0.009,-0.383,1.593,2,0.053,-0.646,1.383,1,0.181,-0.805,1.357,1,0.193,-0.770,1.305,2,-0.057,0.120,1.566,2,-0.431,-0.388,1.522,2,-0.424,-0.391,1.563,2,0.308,-0.505,1.512,2,0.302,-0.490,1.571,0,0,0
1.129|kb,69386105057700000,6,25,0,0,1,72057594037931167,2,-0.096,-0.380,1.652,2,-0.079,-0.083,1.627,2,-0.063,0.204,1.588,2,-0.058,0.344,1.552,2,-0.248,0.131,1.625,2,-0.358,-0.095,1.721,2,-0.439,-0.271,1.634,2,-0.452,-0.332,1.585,2,0.120,0.103,1.584,2,0.220,-0.142,1.659,2,0.297,-0.351,1.597,2,0.305,-0.429,1.566,2,-0.175,-0.372,1.615,2,-0.175,-0.706,1.641,1,-0.036,-1.120,1.788,1,-0.031,-1.153,1.666,2,-0.013,-0.372,1.618,2,0.050,-0.631,1.403,1,0.163,-0.784,1.346,1,0.181,-0.759,1.303,2,-0.067,0.134,1.600,2,-0.441,-0.380,1.538,2,-0.442,-0.381,1.590,2,0.297,-0.493,1.559,2,0.286,-0.482,1.626,0,0,0
1.152|kb,69386108349230000,6,25,0,0,1,72057594037931167,2,-0.098,-0.371,1.668,2,-0.083,-0.073,1.646,2,-0.068,0.215,1.610,2,-0.066,0.357,1.580,2,-0.254,0.139,1.646,2,-0.363,-0.087,1.741,2,-0.450,-0.261,1.657,2,-0.466,-0.323,1.611,2,0.113,0.115,1.610,2,0.212,-0.130,1.684,2,0.290,-0.340,1.624,2,0.298,-0.416,1.599,2,-0.177,-0.363,1.630,2,-0.174,-0.702,1.657,1,-0.048,-1.113,1.806,1,-0.043,-1.148,1.686,2,-0.015,-0.362,1.635,2,0.049,-0.624,1.424,1,0.140,-0.772,1.347,1,0.154,-0.775,1.321,2,-0.072,0.145,1.622,2,-0.457,-0.370,1.558,2,-0.457,-0.369,1.616,2,0.295,-0.478,1.584,2,0.273,-0.468,1.627,0,0,0
1.195|kb,69386111758700000,6,25,0,0,1,72057594037931167,2,-0.099,-0.359,1.688,2,-0.087,-0.060,1.672,2,-0.076,0.228,1.641,2,-0.075,0.369,1.607,2,-0.262,0.150,1.670,2,-0.371,-0.078,1.762,2,-0.465,-0.252,1.686,2,-0.487,-0.314,1.642,2,0.105,0.130,1.639,2,0.206,-0.115,1.713,2,0.291,-0.327,1.654,2,0.300,-0.403,1.632,2,-0.178,-0.353,1.651,2,-0.173,-0.701,1.678,1,-0.056,-1.107,1.820,1,-0.050,-1.141,1.698,2,-0.016,-0.350,1.654,2,0.050,-0.615,1.449,1,0.098,-1.077,1.416,1,0.087,-1.093,1.292,2,-0.079,0.158,1.651,2,-0.481,-0.359,1.584,2,-0.477,-0.346,1.658,2,0.294,-0.470,1.618,2,0.279,-0.449,1.661,0,0,0
1.224|kb,69386115059040000,6,25,0,0,1,72057594037931167,2,-0.100,-0.350,1.702,2,-0.091,-0.051,1.689,2,-0.083,0.238,1.663,2,-0.082,0.380,1.631,2,-0.268,0.157,1.690,2,-0.380,-0.069,1.783,2,-0.480,-0.241,1.711,2,-0.512,-0.305,1.670,2,0.099,0.141,1.663,2,0.204,-0.103,1.733,2,0.296,-0.304,1.689,2,0.313,-0.383,1.661,2,-0.180,-0.346,1.664,2,-0.172,-0.699,1.696,1,-0.061,-1.100,1.836,1,-0.054,-1.134,1.715,2,-0.016,-0.340,1.669,2,0.050,-0.609,1.471,1,0.085,-1.068,1.381,1,0.075,-1.077,1.251,2,-0.085,0.167,1.672,2,-0.511,-0.347,1.604,2,-0.503,-0.331,1.683,2,0.313,-0.454,1.652,2,0.294,-0.428,1.695,0,0,0
1.263|kb,69386118350490000,6,25,0,0,1,72057594037931167,2,-0.101,-0.342,1.716,2,-0.095,-0.042,1.708,2,-0.089,0.246,1.685,2,-0.089,0.388,1.655,2,-0.274,0.164,1.710,2,-0.393,-0.065,1.799,2,-0.504,-0.234,1.736,2,-0.542,-0.293,1.698,2,0.094,0.150,1.684,2,0.205,-0.094,1.753,2,0.306,-0.288,1.713,2,0.334,-0.366,1.690,2,-0.181,-0.338,1.679,2,-0.170,-0.696,1.712,1,-0.067,-1.095,1.845,1,-0.060,-1.129,1.723,2,-0.017,-0.331,1.683,2,0.050,-0.604,1.493,1,0.088,-1.099,1.446,1,0.079,-1.082,1.321,2,-0.090,0.176,1.693,2,-0.551,-0.333,1.634,2,-0.533,-0.321,1.704,2,0.336,-0.431,1.678,2,0.318,-0.405,1.727,0,0,0
1.285|kb,69386121757310000,6,25,0,0,1,72057594037931167,2,-0.103,-0.335,1.730,2,-0.098,-0.036,1.724,2,-0.094,0.252,1.703,2,-0.096,0.395,1.678,2,-0.279,0.170,1.727,2,-0.405,-0.059,1.818,2,-0.526,-0.222,1.758,2,-0.576,-0.280,1.725,2,0.088,0.157,1.703,2,0.211,-0.082,1.774,2,0.319,-0.265,1.744,2,0.359,-0.345,1.721,2,-0.183,-0.332,1.693,2,-0.168,-0.699,1.732,2,-0.111,-0.946,1.810,2,-0.151,-0.918,1.766,2,-0.018,-0.324,1.697,2,0.047,-0.602,1.516,1,0.086,-1.096,1.501,1,0.082,-1.083,1.371,2,-0.095,0.181,1.711,2,-0.598,-0.317,1.659,2,-0.565,-0.310,1.725,2,0.371,-0.406,1.703,2,0.346,-0.376,1.738,0,0,0
1.328|kb,69386125057570000,6,25,0,0,1,72057594037931167,2,-0.103,-0.331,1.740,2,-0.102,-0.032,1.738,2,-0.100,0.256,1.722,2,-0.103,0.399,1.698,2,-0.285,0.169,1.743,2,-0.418,-0.054,1.831,2,-0.557,-0.215,1.776,2,-0.611,-0.266,1.750,2,0.085,0.162,1.722,2,0.218,-0.073,1.788,2,0.342,-0.256,1.759,2,0.388,-0.328,1.743,2,-0.183,-0.329,1.703,2,-0.166,-0.700,1.748,2,-0.125,-0.896,1.802,2,-0.154,-0.924,1.770,2,-0.019,-0.320,1.706,2,0.045,-0.604,1.538,1,0.114,-1.093,1.565,1,0.115,-1.087,1.435,2,-0.101,0.185,1.728,2,-0.647,-0.301,1.695,2,-0.599,-0.298,1.747,2,0.410,-0.382,1.720,2,0.373,-0.353,1.758,0,0,0
1.353|kb,69386128349180000,6,25,0,0,1,72057594037931167,2,-0.104,-0.328,1.753,2,-0.104,-0.029,1.752,2,-0.103,0.258,1.736,2,-0.108,0.401,1.717,2,-0.292,0.170,1.764,2,-0.432,-0.052,1.842,2,-0.581,-0.211,1.787,2,-0.646,-0.251,1.767,2,0.082,0.165,1.737,2,0.227,-0.065,1.799,2,0.367,-0.244,1.771,2,0.419,-0.313,1.756,2,-0.183,-0.326,1.716,2,-0.165,-0.701,1.759,2,-0.122,-0.878,1.806,2,-0.156,-0.931,1.777,2,-0.020,-0.316,1.718,2,0.041,-0.606,1.564,1,0.121,-1.097,1.593,1,0.119,-1.089,1.460,2,-0.104,0.188,1.742,2,-0.691,-0.284,1.722,2,-0.630,-0.287,1.764,2,0.445,-0.366,1.727,2,0.404,-0.325,1.771,0,0,0
1.394|kb,69386131760500000,6,25,0,0,1,72057594037931167,2,-0.104,-0.326,1.761,2,-0.105,-0.028,1.763,2,-0.106,0.259,1.751,2,-0.114,0.403,1.734,2,-0.295,0.169,1.776,2,-0.443,-0.051,1.849,2,-0.603,-0.205,1.795,2,-0.669,-0.238,1.777,2,0.079,0.169,1.751,2,0.236,-0.055,1.810,2,0.379,-0.216,1.780,2,0.441,-0.285,1.761,2,-0.183,-0.325,1.725,2,-0.162,-0.702,1.770,2,-0.119,-0.871,1.811,2,-0.151,-0.934,1.781,2,-0.021,-0.313,1.727,2,0.040,-0.611,1.587,1,0.121,-1.093,1.634,1,0.119,-1.094,1.502,2,-0.106,0.189,1.756,2,-0.718,-0.268,1.734,2,-0.658,-0.279,1.772,2,0.472,-0.344,1.732,2,0.432,-0.317,1.776,0,0,0
1.419|kb,69386135056730000,6,25,0,0,1,72057594037931167,2,-0.103,-0.323,1.773,2,-0.107,-0.026,1.776,2,-0.110,0.260,1.764,2,-0.119,0.404,1.748,2,-0.299,0.167,1.789,2,-0.449,-0.049,1.855,2,-0.616,-0.198,1.796,2,-0.684,-0.227,1.775,2,0.077,0.173,1.762,2,0.243,-0.042,1.814,2,0.387,-0.193,1.779,2,0.455,-0.259,1.756,2,-0.182,-0.323,1.738,2,-0.159,-0.702,1.778,2,-0.115,-0.874,1.819,2,-0.148,-0.936,1.786,2,-0.020,-0.310,1.738,2,0.039,-0.618,1.614,1,0.098,-1.097,1.663,1,0.091,-1.100,1.532,2,-0.109,0.190,1.770,2,-0.735,-0.256,1.732,2,-0.672,-0.270,1.769,2,0.487,-0.316,1.726,2,0.452,-0.300,1.767,0,0,0
1.463|kb,69386138351560000,6,25,0,0,1,72057594037931167,2,-0.103,-0.322,1.780,2,-0.108,-0.026,1.784,2,-0.113,0.260,1.774,2,-0.123,0.405,1.759,2,-0.301,0.166,1.799,2,-0.453,-0.046,1.857,2,-0.620,-0.193,1.793,2,-0.689,-0.219,1.759,2,0.075,0.175,1.770,2,0.249,-0.034,1.815,2,0.396,-0.179,1.771,2,0.462,-0.240,1.735,2,-0.181,-0.323,1.745,2,-0.157,-0.704,1.786,2,-0.110,-0.888,1.829,2,-0.144,-0.940,1.787,2,-0.020,-0.309,1.745,2,0.039,-0.628,1.634,1,0.076,-1.087,1.725,1,0.067,-1.108,1.600,2,-0.112,0.190,1.779,2,-0.737,-0.246,1.712,2,-0.680,-0.264,1.755,2,0.493,-0.296,1.699,2,0.460,-0.279,1.746,0,0,0
1.487|kb,69386141758940000,6,25,0,0,1,72057594037931167,2,-0.099,-0.322,1.795,2,-0.108,-0.026,1.798,2,-0.115,0.260,1.787,2,-0.126,0.405,1.773,2,-0.303,0.164,1.808,2,-0.454,-0.045,1.857,2,-0.624,-0.187,1.781,2,-0.687,-0.213,1.735,2,0.074,0.177,1.782,2,0.250,-0.024,1.817,2,0.400,-0.163,1.756,2,0.459,-0.226,1.709,2,-0.178,-0.324,1.760,2,-0.155,-0.707,1.795,2,-0.106,-0.904,1.839,2,-0.147,-0.949,1.794,2,-0.017,-0.308,1.759,2,0.039,-0.640,1.657,1,0.086,-1.087,1.747,1,0.080,-1.109,1.620,2,-0.114,0.190,1.792,2,-0.733,-0.237,1.677,2,-0.678,-0.259,1.731,2,0.487,-0.283,1.674,2,0.459,-0.260,1.733,0,0,0
1.528|kb,69386145060780000,6,25,0,0,1,72057594037931167,2,-0.098,-0.322,1.801,2,-0.108,-0.025,1.805,2,-0.117,0.261,1.795,2,-0.129,0.405,1.780,2,-0.304,0.162,1.814,2,-0.454,-0.045,1.857,2,-0.614,-0.178,1.751,2,-0.673,-0.211,1.700,2,0.072,0.178,1.790,2,0.248,-0.014,1.818,2,0.393,-0.148,1.737,2,0.446,-0.219,1.663,2,-0.176,-0.324,1.767,2,-0.153,-0.684,1.799,2,-0.106,-0.903,1.842,2,-0.168,-0.961,1.789,2,-0.016,-0.307,1.765,2,0.038,-0.644,1.669,1,0.076,-1.079,1.784,1,0.070,-1.111,1.662,2,-0.115,0.191,1.800,2,-0.713,-0.232,1.631,2,-0.665,-0.255,1.697,2,0.466,-0.272,1.627,2,0.455,-0.272,1.678,0,0,0
1.564|kb,69386148351710000,6,25,0,0,1,72057594037931167,2,-0.096,-0.322,1.809,2,-0.108,-0.025,1.814,2,-0.118,0.261,1.805,2,-0.131,0.405,1.791,2,-0.304,0.160,1.822,2,-0.451,-0.047,1.854,2,-0.596,-0.177,1.724,2,-0.647,-0.211,1.665,2,0.071,0.179,1.797,2,0.245,-0.008,1.817,2,0.379,-0.141,1.709,2,0.417,-0.215,1.627,2,-0.175,-0.324,1.775,2,-0.152,-0.681,1.802,2,-0.103,-0.916,1.851,2,-0.168,-0.969,1.788,2,-0.014,-0.307,1.773,2,0.038,-0.647,1.682,1,0.068,-1.076,1.808,1,0.062,-1.113,1.688,2,-0.116,0.191,1.810,2,-0.679,-0.233,1.598,2,-0.635,-0.253,1.654,2,0.435,-0.268,1.592,2,0.425,-0.274,1.650,0,0,0
1.617|kb,69386151759050000,6,25,0,0,1,72057594037931167,2,-0.095,-0.322,1.815,2,-0.107,-0.025,1.820,2,-0.119,0.261,1.812,2,-0.132,0.406,1.798,2,-0.305,0.159,1.826,2,-0.440,-0.050,1.846,2,-0.558,-0.171,1.688,2,-0.608,-0.208,1.625,2,0.070,0.181,1.802,2,0.248,-0.004,1.804,2,0.353,-0.145,1.677,2,0.375,-0.208,1.591,2,-0.173,-0.324,1.780,2,-0.152,-0.679,1.804,2,-0.102,-0.927,1.855,1,-0.170,-0.976,1.787,2,-0.012,-0.307,1.779,2,0.039,-0.650,1.691,1,0.067,-1.077,1.812,1,0.061,-1.113,1.690,2,-0.116,0.191,1.816,2,-0.626,-0.234,1.544,2,-0.594,-0.247,1.617,2,0.388,-0.268,1.556,2,0.394,-0.265,1.570,0,0,0
1.661|kb,69386158350100000,6,25,0,0,1,72057594037931167,2,-0.091,-0.322,1.825,2,-0.106,-0.025,1.831,2,-0.119,0.262,1.824,2,-0.134,0.406,1.810,2,-0.304,0.157,1.830,2,-0.416,-0.056,1.810,2,-0.476,-0.162,1.628,2,-0.496,-0.199,1.534,2,0.067,0.182,1.809,2,0.218,-0.005,1.786,2,0.269,-0.149,1.617,2,0.269,-0.226,1.527,2,-0.170,-0.325,1.791,2,-0.150,-0.677,1.807,2,-0.099,-0.935,1.859,1,-0.172,-0.981,1.793,2,-0.009,-0.307,1.788,2,0.039,-0.653,1.699,1,0.066,-1.080,1.812,1,0.061,-1.113,1.686,2,-0.116,0.192,1.828,2,-0.493,-0.226,1.456,2,-0.491,-0.224,1.558,2,0.268,-0.283,1.498,2,0.293,-0.235,1.500,0,0,0
1.695|kb,69386161758770000,6,25,0,0,1,72057594037931167,2,-0.091,-0.322,1.828,2,-0.105,-0.025,1.836,2,-0.119,0.262,1.829,2,-0.134,0.406,1.815,2,-0.303,0.157,1.831,2,-0.391,-0.036,1.797,2,-0.425,-0.147,1.612,2,-0.427,-0.191,1.472,2,0.066,0.182,1.812,2,0.201,-0.006,1.772,2,0.220,-0.164,1.577,2,0.206,-0.233,1.509,2,-0.170,-0.325,1.794,2,-0.150,-0.676,1.808,2,-0.096,-0.939,1.862,1,-0.166,-0.961,1.792,2,-0.008,-0.306,1.791,2,0.039,-0.653,1.700,1,0.070,-1.081,1.805,1,0.065,-1.113,1.679,2,-0.116,0.192,1.833,2,-0.429,-0.207,1.403,2,-0.409,-0.237,1.435,2,0.194,-0.287,1.480,2,0.231,-0.242,1.478,0,0,0
1.719|kb,69386165057570000,6,25,0,0,1,72057594037931167,2,-0.091,-0.322,1.829,2,-0.105,-0.025,1.838,2,-0.118,0.262,1.834,2,-0.133,0.406,1.819,2,-0.302,0.157,1.831,2,-0.384,-0.055,1.730,2,-0.357,-0.144,1.485,2,-0.353,-0.177,1.428,2,0.066,0.182,1.812,2,0.174,-0.010,1.746,2,0.168,-0.167,1.558,2,0.140,-0.237,1.500,2,-0.170,-0.325,1.795,2,-0.149,-0.676,1.808,2,-0.094,-0.942,1.863,1,-0.164,-0.957,1.792,2,-0.008,-0.307,1.792,2,0.038,-0.654,1.700,1,0.073,-1.085,1.786,1,0.070,-1.111,1.655,2,-0.115,0.192,1.837,2,-0.355,-0.190,1.354,2,-0.335,-0.217,1.412,2,0.122,-0.292,1.474,2,0.168,-0.241,1.467,0,0,0
1.761|kb,69386168350470000,6,25,0,0,1,72057594037931167,2,-0.091,-0.322,1.829,2,-0.105,-0.025,1.838,2,-0.117,0.262,1.836,2,-0.132,0.405,1.822,2,-0.302,0.157,1.830,2,-0.372,-0.040,1.697,2,-0.283,-0.158,1.444,2,-0.272,-0.165,1.408,2,0.066,0.181,1.812,2,0.147,-0.011,1.748,2,0.111,-0.164,1.552,2,0.072,-0.237,1.497,2,-0.171,-0.325,1.795,2,-0.148,-0.675,1.808,2,-0.090,-0.943,1.863,2,-0.166,-0.963,1.797,2,-0.008,-0.308,1.792,2,0.038,-0.654,1.699,1,0.078,-1.093,1.740,1,0.074,-1.108,1.605,2,-0.114,0.192,1.839,2,-0.284,-0.179,1.356,2,-0.241,-0.161,1.390,2,0.049,-0.288,1.474,2,0.105,-0.238,1.460,0,0,0
1.788|kb,69386171756570000,6,25,0,0,1,72057594037931167,2,-0.091,-0.323,1.829,2,-0.104,-0.025,1.839,2,-0.116,0.262,1.838,2,-0.130,0.405,1.824,2,-0.289,0.158,1.820,2,-0.343,-0.035,1.731,2,-0.280,-0.096,1.530,2,-0.207,-0.126,1.428,2,0.066,0.180,1.810,2,0.127,-0.016,1.735,2,0.055,-0.170,1.541,2,0.006,-0.237,1.495,2,-0.170,-0.325,1.794,2,-0.148,-0.672,1.806,2,-0.089,-0.943,1.862,1,-0.168,-0.971,1.800,2,-0.008,-0.308,1.792,2,0.038,-0.652,1.694,1,0.049,-1.101,1.711,1,0.044,-1.105,1.576,2,-0.113,0.192,1.841,2,-0.184,-0.141,1.389,2,-0.178,-0.161,1.439,2,-0.025,-0.289,1.480,2,0.030,-0.250,1.458,0,0,0
1.828|kb,69386175059640000,6,25,0,0,1,72057594037931167,2,-0.090,-0.322,1.830,2,-0.103,-0.025,1.841,2,-0.115,0.262,1.839,2,-0.128,0.405,1.825,2,-0.282,0.160,1.813,2,-0.338,-0.015,1.657,2,-0.202,-0.096,1.506,2,-0.141,-0.095,1.440,2,0.065,0.176,1.806,2,0.100,-0.019,1.691,2,0.015,-0.159,1.548,2,-0.050,-0.224,1.499,2,-0.168,-0.324,1.795,2,-0.147,-0.666,1.802,2,-0.089,-0.943,1.860,1,-0.168,-0.993,1.800,2,-0.008,-0.309,1.794,2,0.039,-0.646,1.683,1,0.035,-1.101,1.690,1,0.029,-1.102,1.556,2,-0.112,0.192,1.842,2,-0.096,-0.095,1.413,2,-0.116,-0.137,1.461,2,-0.097,-0.277,1.476,2,-0.030,-0.237,1.455,0,0,0
1.852|kb,69386178351130000,6,25,0,0,1,72057594037931167,2,-0.090,-0.322,1.830,2,-0.103,-0.025,1.841,2,-0.113,0.262,1.839,2,-0.126,0.404,1.825,2,-0.282,0.160,1.813,2,-0.325,-0.014,1.647,2,-0.105,-0.077,1.465,2,-0.083,-0.067,1.449,2,0.065,0.176,1.804,2,0.081,-0.034,1.663,2,-0.080,-0.194,1.514,2,-0.116,-0.226,1.493,2,-0.168,-0.323,1.795,2,-0.140,-0.709,1.799,2,-0.086,-0.967,1.865,1,-0.140,-0.952,1.801,2,-0.008,-0.308,1.795,2,0.039,-0.635,1.668,1,0.040,-1.098,1.653,1,0.035,-1.094,1.519,2,-0.111,0.192,1.842,2,-0.020,-0.065,1.420,2,-0.022,-0.086,1.466,2,-0.169,-0.265,1.484,2,-0.094,-0.237,1.455,0,0,0
1.895|kb,69386181759240000,6,25,0,0,1,72057594037931167,2,-0.089,-0.321,1.829,2,-0.101,-0.025,1.839,2,-0.112,0.261,1.837,2,-0.123,0.403,1.824,2,-0.283,0.160,1.811,2,-0.324,-0.011,1.655,2,-0.124,-0.045,1.521,2,-0.055,-0.068,1.492,2,0.066,0.176,1.801,2,0.076,-0.037,1.659,2,-0.122,-0.190,1.512,2,-0.169,-0.217,1.494,2,-0.166,-0.322,1.792,2,-0.140,-0.708,1.797,2,-0.089,-0.957,1.856,1,-0.142,-0.952,1.798,2,-0.008,-0.308,1.794,2,0.038,-0.631,1.660,1,0.030,-1.095,1.626,1,0.025,-1.087,1.492,2,-0.109,0.191,1.840,2,0.010,-0.039,1.423,2,-0.032,-0.100,1.543,2,-0.232,-0.249,1.489,2,-0.172,-0.265,1.494,0,0,0
1.928|kb,69386185057310000,6,25,0,0,1,72057594037931167,2,-0.088,-0.320,1.824,2,-0.099,-0.025,1.835,2,-0.108,0.259,1.831,2,-0.118,0.402,1.820,2,-0.279,0.161,1.800,2,-0.287,-0.005,1.652,2,-0.115,-0.041,1.522,2,-0.020,-0.050,1.501,2,0.068,0.172,1.787,2,0.054,-0.053,1.635,2,-0.158,-0.184,1.509,2,-0.216,-0.206,1.498,2,-0.164,-0.320,1.786,2,-0.141,-0.706,1.790,2,-0.091,-0.947,1.846,1,-0.143,-0.950,1.792,2,-0.007,-0.307,1.791,2,0.040,-0.627,1.643,1,0.010,-1.089,1.602,1,0.002,-1.079,1.469,2,-0.106,0.190,1.834,2,0.062,-0.018,1.435,2,-0.002,-0.070,1.555,2,-0.272,-0.235,1.500,2,-0.191,-0.218,1.462,0,0,0
1.957|kb,69386188349100000,6,25,0,0,1,72057594037931167,2,-0.087,-0.320,1.817,2,-0.096,-0.026,1.827,2,-0.103,0.256,1.822,2,-0.112,0.399,1.813,2,-0.268,0.158,1.769,2,-0.283,-0.020,1.639,2,-0.103,-0.039,1.518,2,-0.029,-0.051,1.519,2,0.070,0.170,1.780,2,0.040,-0.056,1.626,2,-0.190,-0.176,1.506,2,-0.242,-0.188,1.500,2,-0.163,-0.320,1.777,2,-0.142,-0.703,1.780,2,-0.092,-0.938,1.839,1,-0.146,-0.951,1.785,2,-0.007,-0.307,1.786,2,0.039,-0.625,1.635,1,0.020,-1.090,1.567,1,0.022,-1.073,1.433,2,-0.102,0.187,1.826,2,0.047,0.002,1.429,2,0.006,-0.059,1.554,2,-0.307,-0.215,1.498,2,-0.229,-0.211,1.462,0,0,0
2.001|kb,69386191758230000,6,25,0,0,1,72057594037931167,2,-0.086,-0.321,1.807,2,-0.094,-0.028,1.817,2,-0.100,0.254,1.813,2,-0.107,0.397,1.804,2,-0.265,0.153,1.757,2,-0.280,-0.027,1.629,2,-0.096,-0.038,1.515,2,-0.032,-0.051,1.517,2,0.072,0.168,1.770,2,0.036,-0.058,1.619,2,-0.206,-0.165,1.505,2,-0.256,-0.177,1.493,2,-0.163,-0.321,1.767,2,-0.143,-0.701,1.769,2,-0.093,-0.931,1.828,1,-0.145,-0.947,1.775,2,-0.006,-0.309,1.776,2,0.038,-0.623,1.616,1,0.024,-1.088,1.536,1,0.027,-1.068,1.403,2,-0.099,0.185,1.817,2,0.042,0.004,1.416,2,0.005,-0.065,1.551,2,-0.319,-0.197,1.484,2,-0.250,-0.227,1.493,0,0,0
2.036|kb,69386195056910000,6,25,0,0,1,72057594037931167,2,-0.086,-0.323,1.794,2,-0.092,-0.030,1.806,2,-0.096,0.251,1.803,2,-0.100,0.394,1.792,2,-0.264,0.152,1.752,2,-0.277,-0.025,1.620,2,-0.092,-0.038,1.507,2,-0.037,-0.056,1.503,2,0.076,0.164,1.759,2,0.039,-0.059,1.613,2,-0.203,-0.163,1.495,2,-0.254,-0.172,1.474,2,-0.164,-0.322,1.754,2,-0.144,-0.701,1.759,2,-0.091,-0.926,1.818,1,-0.142,-0.946,1.767,2,-0.006,-0.311,1.762,2,0.039,-0.621,1.599,1,0.033,-1.089,1.493,1,0.034,-1.062,1.362,2,-0.095,0.182,1.806,2,0.037,-0.002,1.395,2,0.009,-0.069,1.538,2,-0.315,-0.191,1.458,2,-0.252,-0.226,1.480,0,0,0
2.066|kb,69386198349030000,6,25,0,0,1,72057594037931167,2,-0.087,-0.326,1.776,2,-0.089,-0.033,1.792,2,-0.090,0.248,1.791,2,-0.094,0.390,1.779,2,-0.261,0.151,1.742,2,-0.268,-0.023,1.606,2,-0.093,-0.061,1.484,2,-0.050,-0.072,1.479,2,0.081,0.160,1.747,2,0.047,-0.058,1.598,2,-0.122,-0.132,1.486,2,-0.233,-0.178,1.444,2,-0.164,-0.324,1.739,2,-0.145,-0.701,1.746,2,-0.091,-0.922,1.809,1,-0.141,-0.946,1.758,2,-0.007,-0.314,1.743,2,0.039,-0.620,1.577,1,0.040,-1.089,1.440,1,0.041,-1.053,1.312,2,-0.090,0.179,1.794,2,0.021,-0.016,1.362,2,0.000,-0.079,1.512,2,-0.295,-0.197,1.421,2,-0.239,-0.232,1.453,0,0,0
2.099|kb,69386201759370000,6,25,0,0,1,72057594037931167,2,-0.086,-0.329,1.762,2,-0.086,-0.036,1.779,2,-0.086,0.246,1.781,2,-0.088,0.387,1.766,2,-0.257,0.152,1.734,2,-0.266,-0.021,1.597,2,-0.097,-0.065,1.458,2,-0.047,-0.085,1.437,2,0.085,0.158,1.737,2,0.062,-0.053,1.595,2,-0.113,-0.144,1.464,2,-0.202,-0.192,1.409,2,-0.163,-0.327,1.726,2,-0.145,-0.705,1.736,1,-0.060,-1.055,1.843,1,-0.035,-1.122,1.731,2,-0.006,-0.318,1.728,2,0.041,-0.618,1.559,1,0.025,-1.089,1.405,1,0.024,-1.048,1.279,2,-0.086,0.177,1.783,2,0.020,-0.039,1.337,2,-0.008,-0.089,1.483,2,-0.253,-0.210,1.365,2,-0.244,-0.229,1.435,0,0,0
2.130|kb,69386205059490000,6,25,0,0,1,72057594037931167,2,-0.082,-0.332,1.747,2,-0.081,-0.039,1.763,2,-0.080,0.244,1.764,2,-0.081,0.385,1.747,2,-0.250,0.153,1.722,2,-0.267,-0.020,1.586,2,-0.129,-0.083,1.390,2,-0.082,-0.117,1.378,2,0.090,0.155,1.722,2,0.074,-0.055,1.579,2,-0.080,-0.172,1.424,2,-0.155,-0.207,1.372,2,-0.158,-0.330,1.710,2,-0.144,-0.707,1.724,1,-0.050,-1.111,1.847,1,-0.040,-1.125,1.718,2,-0.003,-0.322,1.714,2,0.043,-0.618,1.535,1,0.015,-1.081,1.346,1,0.013,-1.032,1.224,2,-0.080,0.175,1.766,2,-0.023,-0.071,1.300,2,-0.048,-0.089,1.360,2,-0.211,-0.216,1.304,2,-0.189,-0.239,1.377,0,0,0
2.171|kb,69386208349480000,6,25,0,0,1,72057594037931167,2,-0.082,-0.339,1.735,2,-0.078,-0.044,1.749,2,-0.073,0.241,1.748,2,-0.074,0.383,1.729,2,-0.240,0.149,1.704,2,-0.279,-0.022,1.572,2,-0.186,-0.100,1.391,2,-0.116,-0.140,1.315,2,0.097,0.150,1.703,2,0.090,-0.057,1.562,2,-0.015,-0.173,1.412,2,-0.098,-0.226,1.342,2,-0.158,-0.334,1.697,2,-0.145,-0.706,1.712,1,-0.054,-1.130,1.843,1,-0.049,-1.131,1.710,2,-0.003,-0.329,1.703,2,0.046,-0.616,1.516,1,-0.042,-1.074,1.308,1,-0.043,-1.019,1.192,2,-0.074,0.171,1.750,2,-0.090,-0.106,1.244,2,-0.100,-0.194,1.336,2,-0.150,-0.251,1.288,2,-0.124,-0.273,1.339,0,0,0
2.199|kb,69386211757680000,6,25,0,0,1,72057594037931167,2,-0.080,-0.346,1.708,2,-0.073,-0.048,1.726,2,-0.067,0.238,1.729,2,-0.066,0.380,1.706,2,-0.239,0.150,1.694,2,-0.317,-0.001,1.554,2,-0.210,-0.114,1.402,2,-0.202,-0.127,1.303,2,0.102,0.143,1.681,2,0.112,-0.051,1.558,2,0.030,-0.185,1.385,2,-0.038,-0.249,1.309,2,-0.157,-0.339,1.671,2,-0.148,-0.702,1.698,1,-0.049,-1.132,1.848,1,-0.046,-1.134,1.718,2,0.001,-0.338,1.674,2,0.049,-0.617,1.497,1,-0.180,-1.027,1.278,1,-0.177,-0.965,1.168,2,-0.069,0.168,1.731,2,-0.175,-0.138,1.217,2,-0.153,-0.126,1.247,2,-0.077,-0.298,1.271,2,-0.091,-0.241,1.325,0,0,0
2.233|kb,69386215056820000,6,25,0,0,1,72057594037931167,2,-0.079,-0.349,1.679,2,-0.069,-0.051,1.698,2,-0.059,0.236,1.701,2,-0.057,0.378,1.677,2,-0.239,0.147,1.674,2,-0.309,-0.019,1.538,2,-0.269,-0.143,1.365,2,-0.257,-0.160,1.259,2,0.106,0.140,1.656,2,0.126,-0.057,1.554,2,0.077,-0.219,1.333,2,0.037,-0.264,1.279,2,-0.159,-0.342,1.644,2,-0.145,-0.702,1.686,1,-0.051,-1.131,1.840,1,-0.049,-1.134,1.710,2,0.005,-0.341,1.643,2,0.055,-0.617,1.461,1,-0.171,-1.020,1.214,1,-0.159,-0.958,1.108,2,-0.061,0.166,1.703,2,-0.261,-0.172,1.183,2,-0.214,-0.157,1.269,2,0.005,-0.309,1.228,2,-0.001,-0.267,1.330,0,0,0
2.266|kb,69386218349590000,6,25,0,0,1,72057594037931167,2,-0.082,-0.351,1.670,2,-0.069,-0.052,1.682,2,-0.053,0.235,1.675,2,-0.048,0.376,1.648,2,-0.235,0.148,1.655,2,-0.311,-0.025,1.536,2,-0.309,-0.144,1.350,2,-0.321,-0.188,1.243,2,0.114,0.137,1.632,2,0.146,-0.065,1.558,2,0.156,-0.187,1.371,2,0.118,-0.271,1.255,2,-0.163,-0.344,1.635,2,-0.144,-0.700,1.672,1,-0.050,-1.126,1.827,1,-0.049,-1.134,1.698,2,0.003,-0.343,1.634,2,0.054,-0.614,1.445,1,0.324,-0.860,1.026,1,0.289,-0.786,0.962,2,-0.057,0.164,1.679,2,-0.325,-0.208,1.155,2,-0.280,-0.179,1.250,2,0.096,-0.315,1.192,2,0.073,-0.264,1.264,0,0,0
2.295|kb,69386221756890000,6,25,0,0,1,72057594037931167,2,-0.076,-0.354,1.652,2,-0.059,-0.056,1.653,2,-0.043,0.232,1.639,2,-0.040,0.374,1.618,2,-0.230,0.147,1.632,2,-0.317,-0.035,1.531,2,-0.358,-0.163,1.361,2,-0.383,-0.211,1.245,2,0.125,0.133,1.603,2,0.195,-0.062,1.516,2,0.202,-0.213,1.362,2,0.190,-0.272,1.240,2,-0.156,-0.349,1.615,2,-0.142,-0.700,1.662,1,-0.047,-1.116,1.820,1,-0.045,-1.134,1.693,2,0.008,-0.345,1.619,2,0.064,-0.607,1.416,1,0.429,-0.938,1.265,1,0.403,-0.898,1.154,2,-0.047,0.162,1.644,2,-0.415,-0.240,1.159,2,-0.344,-0.205,1.235,2,0.177,-0.332,1.165,2,0.154,-0.247,1.204,0,0,0
2.318|kb,69386225057350000,6,25,0,0,1,72057594037931167,2,-0.070,-0.356,1.627,2,-0.053,-0.058,1.625,2,-0.035,0.229,1.608,2,-0.028,0.372,1.578,2,-0.222,0.146,1.602,2,-0.322,-0.039,1.526,2,-0.381,-0.167,1.363,2,-0.429,-0.221,1.260,2,0.135,0.131,1.574,2,0.219,-0.068,1.495,2,0.259,-0.217,1.344,2,0.264,-0.306,1.219,2,-0.151,-0.351,1.590,2,-0.139,-0.696,1.646,1,-0.050,-1.102,1.812,1,-0.046,-1.132,1.691,2,0.014,-0.346,1.593,2,0.069,-0.611,1.395,1,0.476,-0.879,1.362,1,0.468,-0.858,1.238,2,-0.039,0.159,1.614,2,-0.470,-0.251,1.188,2,-0.443,-0.238,1.160,2,0.259,-0.363,1.171,2,0.243,-0.269,1.186,0,0,0
2.361|kb,69386228349400000,6,25,0,0,1,72057594037931167,2,-0.062,-0.358,1.599,2,-0.043,-0.061,1.591,2,-0.023,0.225,1.567,2,-0.016,0.369,1.539,2,-0.215,0.146,1.572,2,-0.329,-0.043,1.516,2,-0.407,-0.173,1.364,2,-0.465,-0.224,1.276,2,0.147,0.129,1.540,2,0.255,-0.080,1.460,2,0.319,-0.248,1.292,2,0.335,-0.326,1.202,2,-0.143,-0.352,1.562,2,-0.136,-0.691,1.627,1,-0.050,-1.088,1.798,1,-0.045,-1.129,1.683,2,0.021,-0.348,1.565,2,0.076,-0.614,1.368,1,0.187,-0.792,1.303,1,0.184,-0.754,1.262,2,-0.028,0.156,1.576,2,-0.509,-0.253,1.197,2,-0.440,-0.236,1.218,2,0.330,-0.379,1.155,2,0.298,-0.298,1.141,0,0,0
2.384|kb,69386231759770000,6,25,0,0,1,72057594037931167,2,-0.056,-0.360,1.569,2,-0.032,-0.063,1.554,2,-0.008,0.222,1.523,2,-0.002,0.365,1.491,2,-0.206,0.145,1.538,2,-0.337,-0.046,1.497,2,-0.439,-0.177,1.362,2,-0.497,-0.225,1.287,2,0.160,0.125,1.497,2,0.285,-0.085,1.423,2,0.364,-0.253,1.270,2,0.395,-0.323,1.198,2,-0.137,-0.353,1.535,2,-0.131,-0.682,1.603,1,-0.048,-1.075,1.786,1,-0.044,-1.126,1.676,2,0.028,-0.350,1.533,2,0.084,-0.617,1.341,1,0.183,-0.780,1.275,1,0.194,-0.757,1.239,2,-0.014,0.153,1.534,2,-0.545,-0.251,1.219,2,-0.459,-0.235,1.247,2,0.411,-0.380,1.151,2,0.371,-0.296,1.152,0,0,0
2.428|kb,69386235059260000,6,25,0,0,1,72057594037931167,2,-0.049,-0.361,1.538,2,-0.022,-0.066,1.519,2,0.005,0.218,1.485,2,0.012,0.361,1.445,2,-0.196,0.143,1.500,2,-0.338,-0.046,1.486,2,-0.450,-0.179,1.362,2,-0.526,-0.226,1.297,2,0.174,0.122,1.457,2,0.312,-0.086,1.385,2,0.407,-0.261,1.244,2,0.444,-0.328,1.174,2,-0.130,-0.354,1.504,2,-0.129,-0.672,1.580,1,-0.048,-1.069,1.764,1,-0.045,-1.122,1.654,2,0.034,-0.352,1.503,2,0.092,-0.621,1.315,1,0.185,-1.038,1.077,1,0.167,-1.019,0.949,2,-0.002,0.149,1.496,2,-0.580,-0.252,1.241,2,-0.497,-0.239,1.256,2,0.466,-0.378,1.119,2,0.428,-0.295,1.132,0,0,0
2.453|kb,69386238351040000,6,25,0,0,1,72057594037931167,2,-0.040,-0.364,1.505,2,-0.009,-0.069,1.478,2,0.021,0.214,1.436,2,0.028,0.355,1.395,2,-0.185,0.144,1.463,2,-0.338,-0.051,1.469,2,-0.468,-0.181,1.361,2,-0.551,-0.223,1.305,2,0.190,0.118,1.411,2,0.332,-0.085,1.345,2,0.443,-0.259,1.208,2,0.484,-0.331,1.145,2,-0.122,-0.355,1.472,2,-0.123,-0.666,1.555,1,-0.057,-1.060,1.753,1,-0.060,-1.118,1.648,2,0.044,-0.356,1.467,2,0.103,-0.630,1.291,1,0.193,-1.052,1.072,1,0.177,-1.039,0.943,2,0.014,0.145,1.448,2,-0.613,-0.248,1.262,2,-0.526,-0.237,1.250,2,0.509,-0.384,1.094,2,0.482,-0.314,1.088,0,0,0
2.495|kb,69386241759150000,6,25,0,0,1,72057594037931167,2,-0.030,-0.365,1.473,2,0.004,-0.072,1.438,2,0.037,0.210,1.387,2,0.044,0.350,1.342,2,-0.169,0.142,1.412,2,-0.335,-0.054,1.447,2,-0.482,-0.179,1.361,2,-0.570,-0.216,1.317,2,0.206,0.115,1.361,2,0.347,-0.082,1.297,2,0.454,-0.246,1.185,2,0.502,-0.309,1.118,2,-0.112,-0.355,1.440,2,-0.117,-0.655,1.525,1,-0.061,-1.062,1.709,1,-0.067,-1.117,1.597,2,0.053,-0.358,1.436,2,0.115,-0.633,1.261,1,0.214,-1.104,1.017,1,0.192,-1.043,0.916,2,0.029,0.141,1.402,2,-0.645,-0.245,1.300,2,-0.553,-0.228,1.258,2,0.542,-0.365,1.078,2,0.489,-0.295,1.054,0,0,0
2.518|kb,69386245059360000,6,25,0,0,1,72057594037931167,2,-0.019,-0.365,1.444,2,0.018,-0.073,1.398,2,0.053,0.207,1.337,2,0.060,0.346,1.288,2,-0.154,0.143,1.366,2,-0.328,-0.050,1.419,2,-0.487,-0.173,1.361,2,-0.570,-0.204,1.334,2,0.220,0.110,1.313,2,0.362,-0.082,1.248,2,0.472,-0.234,1.129,2,0.521,-0.305,1.064,2,-0.101,-0.353,1.410,2,-0.113,-0.637,1.488,1,-0.061,-1.047,1.699,1,-0.066,-1.109,1.596,2,0.064,-0.359,1.407,2,0.129,-0.633,1.234,1,0.230,-1.107,0.991,1,0.210,-1.046,0.892,2,0.045,0.139,1.354,2,-0.649,-0.257,1.345,2,-0.606,-0.224,1.256,2,0.562,-0.361,1.023,2,0.515,-0.293,0.996,0,0,0
2.563|kb,69386248349480000,6,25,0,0,1,72057594037931167,2,-0.007,-0.362,1.413,2,0.032,-0.072,1.358,2,0.069,0.206,1.287,2,0.076,0.344,1.235,2,-0.137,0.145,1.315,2,-0.334,-0.039,1.390,2,-0.493,-0.171,1.359,2,-0.576,-0.201,1.345,2,0.235,0.108,1.263,2,0.374,-0.082,1.198,2,0.486,-0.230,1.072,2,0.548,-0.331,0.986,2,-0.090,-0.349,1.380,2,-0.111,-0.627,1.468,1,-0.043,-1.042,1.665,1,-0.044,-1.098,1.554,2,0.077,-0.357,1.376,1,0.155,-0.682,1.179,1,0.245,-1.108,0.960,1,0.226,-1.048,0.864,2,0.060,0.138,1.307,2,-0.644,-0.249,1.357,2,-0.601,-0.206,1.284,2,0.568,-0.379,0.934,2,0.520,-0.293,0.933,0,0,0
2.589|kb,69386251759050000,6,25,0,0,1,72057594037931167,2,0.005,-0.358,1.391,2,0.045,-0.070,1.325,2,0.081,0.207,1.240,2,0.090,0.342,1.182,2,-0.123,0.146,1.267,2,-0.324,-0.026,1.355,2,-0.489,-0.162,1.354,2,-0.572,-0.197,1.347,2,0.245,0.107,1.217,2,0.383,-0.082,1.151,2,0.491,-0.223,1.022,2,0.536,-0.288,0.956,2,-0.078,-0.344,1.356,2,-0.106,-0.622,1.445,1,-0.069,-1.023,1.673,1,-0.072,-1.086,1.575,2,0.088,-0.355,1.355,1,0.162,-0.683,1.164,1,0.251,-1.124,0.946,1,0.228,-1.057,0.857,2,0.073,0.139,1.264,2,-0.656,-0.238,1.366,2,-0.595,-0.186,1.298,2,0.576,-0.344,0.903,2,0.525,-0.275,0.890,0,0,0
2.630|kb,69386255057970000,6,25,0,0,1,72057594037931167,2,0.019,-0.352,1.368,2,0.058,-0.067,1.291,2,0.095,0.205,1.198,2,0.104,0.340,1.134,2,-0.109,0.149,1.228,2,-0.311,-0.019,1.321,2,-0.481,-0.153,1.335,2,-0.562,-0.198,1.337,2,0.255,0.108,1.176,2,0.391,-0.081,1.105,2,0.492,-0.213,0.969,2,0.531,-0.270,0.898,2,-0.066,-0.335,1.334,2,-0.099,-0.610,1.430,1,-0.077,-1.007,1.665,1,-0.086,-1.071,1.566,2,0.102,-0.350,1.331,1,0.169,-0.683,1.147,1,0.251,-1.129,0.936,1,0.226,-1.065,0.849,2,0.086,0.139,1.224,2,-0.630,-0.245,1.362,2,-0.575,-0.176,1.281,2,0.567,-0.327,0.836,2,0.522,-0.262,0.832,0,0,0
2.653|kb,69386258351640000,6,25,0,0,1,72057594037931167,2,0.031,-0.345,1.349,2,0.069,-0.065,1.265,2,0.105,0.204,1.161,2,0.116,0.336,1.089,2,-0.095,0.151,1.191,2,-0.297,-0.012,1.293,2,-0.471,-0.148,1.309,2,-0.546,-0.202,1.313,2,0.264,0.107,1.135,2,0.399,-0.080,1.060,2,0.491,-0.204,0.911,2,0.522,-0.257,0.836,2,-0.054,-0.328,1.316,2,-0.094,-0.598,1.419,1,-0.052,-0.995,1.652,1,-0.057,-1.057,1.551,2,0.114,-0.345,1.312,1,0.171,-0.684,1.137,1,0.244,-1.130,0.939,1,0.216,-1.074,0.850,2,0.096,0.139,1.190,2,-0.612,-0.246,1.332,2,-0.557,-0.173,1.239,1,0.554,-0.319,0.785,2,0.501,-0.270,0.763,0,0,0
2.694|kb,69386261759750000,6,25,0,0,1,72057594037931167,2,0.039,-0.339,1.332,2,0.079,-0.062,1.236,2,0.117,0.203,1.122,2,0.126,0.330,1.041,2,-0.083,0.152,1.160,2,-0.283,-0.011,1.265,2,-0.448,-0.147,1.267,2,-0.519,-0.204,1.269,2,0.271,0.105,1.092,2,0.401,-0.075,1.008,2,0.491,-0.198,0.854,2,0.501,-0.223,0.819,2,-0.047,-0.321,1.300,2,-0.093,-0.587,1.410,1,-0.060,-0.984,1.645,1,-0.068,-1.045,1.544,2,0.123,-0.340,1.293,1,0.175,-0.684,1.128,1,0.243,-1.130,0.946,1,0.211,-1.083,0.856,2,0.108,0.138,1.153,2,-0.578,-0.255,1.274,2,-0.524,-0.179,1.171,1,0.505,-0.263,0.717,2,0.488,-0.178,0.811,0,0,0
2.734|kb,69386265059190000,6,25,0,0,1,72057594037931167,2,0.046,-0.331,1.314,2,0.087,-0.060,1.208,2,0.126,0.199,1.084,2,0.135,0.326,1.005,2,-0.071,0.156,1.130,2,-0.269,-0.006,1.242,2,-0.422,-0.147,1.226,2,-0.488,-0.209,1.216,2,0.276,0.103,1.054,2,0.402,-0.073,0.966,2,0.489,-0.195,0.810,2,0.499,-0.222,0.772,2,-0.041,-0.311,1.284,2,-0.091,-0.572,1.401,1,-0.067,-0.968,1.640,1,-0.080,-1.029,1.539,2,0.129,-0.333,1.273,1,0.178,-0.682,1.121,1,0.242,-1.128,0.957,1,0.207,-1.090,0.864,2,0.117,0.136,1.118,2,-0.527,-0.258,1.196,2,-0.497,-0.195,1.158,1,0.504,-0.285,0.711,2,0.494,-0.222,0.713,0,0,0
2.764|kb,69386268352520000,6,25,0,0,1,72057594037931167,2,0.054,-0.324,1.296,2,0.095,-0.059,1.182,2,0.133,0.194,1.050,2,0.145,0.318,0.966,2,-0.059,0.157,1.096,2,-0.251,-0.001,1.218,2,-0.390,-0.155,1.183,2,-0.446,-0.217,1.157,2,0.282,0.102,1.016,2,0.400,-0.068,0.924,2,0.484,-0.195,0.770,2,0.488,-0.208,0.741,2,-0.032,-0.303,1.268,2,-0.090,-0.558,1.393,2,-0.086,-0.871,1.585,1,-0.130,-0.911,1.531,2,0.138,-0.327,1.253,1,0.182,-0.680,1.113,1,0.241,-1.126,0.965,1,0.204,-1.095,0.872,2,0.124,0.133,1.086,2,-0.473,-0.269,1.140,2,-0.471,-0.235,1.092,1,0.498,-0.245,0.701,1,0.481,-0.198,0.692,0,0,0
2.795|kb,69386271759170000,6,25,0,0,1,72057594037931167,2,0.061,-0.317,1.282,2,0.103,-0.058,1.160,2,0.142,0.189,1.019,2,0.151,0.314,0.936,2,-0.049,0.158,1.074,2,-0.236,0.005,1.200,2,-0.350,-0.165,1.147,2,-0.395,-0.228,1.112,2,0.288,0.102,0.982,2,0.396,-0.065,0.890,2,0.478,-0.190,0.734,2,0.474,-0.199,0.712,2,-0.025,-0.296,1.256,1,-0.078,-0.554,1.376,2,-0.082,-0.828,1.562,1,-0.115,-0.885,1.459,2,0.144,-0.321,1.237,1,0.186,-0.676,1.102,1,0.242,-1.122,0.964,1,0.202,-1.096,0.870,2,0.133,0.129,1.057,2,-0.412,-0.285,1.086,2,-0.361,-0.218,1.082,1,0.488,-0.239,0.693,2,0.469,-0.173,0.680,0,0,0
2.829|kb,69386275057030000,6,25,0,0,1,72057594037931167,2,0.068,-0.311,1.268,2,0.109,-0.058,1.140,2,0.147,0.184,0.993,2,0.158,0.305,0.905,2,-0.038,0.160,1.046,2,-0.211,0.012,1.180,2,-0.312,-0.167,1.124,2,-0.333,-0.231,1.085,2,0.291,0.098,0.952,2,0.394,-0.069,0.852,2,0.475,-0.194,0.695,2,0.461,-0.201,0.679,2,-0.018,-0.289,1.245,1,0.015,-0.580,1.305,2,-0.084,-0.825,1.572,1,-0.138,-0.891,1.490,2,0.150,-0.316,1.221,1,0.188,-0.674,1.096,1,0.239,-1.121,0.970,1,0.197,-1.099,0.875,2,0.138,0.126,1.032,2,-0.341,-0.299,1.063,2,-0.301,-0.232,1.046,1,0.472,-0.235,0.663,1,0.452,-0.169,0.649,0,0,0
2.858|kb,69386278351260000,6,25,0,0,1,72057594037931167,2,0.074,-0.304,1.254,2,0.115,-0.057,1.119,2,0.151,0.179,0.965,2,0.164,0.301,0.879,2,-0.030,0.160,1.025,2,-0.193,0.013,1.164,2,-0.268,-0.177,1.102,2,-0.271,-0.237,1.059,2,0.295,0.093,0.924,2,0.392,-0.076,0.822,1,0.468,-0.181,0.591,1,0.489,-0.207,0.522,2,-0.012,-0.279,1.234,1,0.020,-0.570,1.297,2,-0.070,-0.876,1.592,1,-0.164,-0.894,1.596,2,0.157,-0.311,1.203,1,0.186,-0.673,1.093,1,0.227,-1.123,0.988,1,0.183,-1.105,0.893,2,0.143,0.122,1.006,2,-0.266,-0.308,1.043,2,-0.240,-0.250,1.012,1,0.498,-0.241,0.507,1,0.477,-0.175,0.494,0,0,0
2.906|kb,69386281757190000,6,25,0,0,1,72057594037931167,2,0.081,-0.298,1.241,2,0.120,-0.056,1.101,2,0.154,0.176,0.942,2,0.170,0.296,0.853,2,-0.021,0.160,1.004,2,-0.181,0.009,1.153,2,-0.228,-0.187,1.083,2,-0.221,-0.244,1.044,2,0.299,0.089,0.900,2,0.389,-0.080,0.790,1,0.502,-0.287,0.660,1,0.536,-0.347,0.626,2,-0.006,-0.272,1.223,2,-0.078,-0.513,1.376,2,-0.083,-0.844,1.608,1,-0.121,-0.911,1.515,2,0.163,-0.307,1.189,1,0.186,-0.670,1.084,1,0.221,-1.121,0.984,1,0.176,-1.104,0.890,2,0.147,0.120,0.985,2,-0.206,-0.321,1.036,2,-0.183,-0.247,0.993,1,0.546,-0.379,0.611,1,0.526,-0.312,0.598,0,0,0
2.935|kb,69386285058980000,6,25,0,0,1,72057594037931167,2,0.099,-0.291,1.222,2,0.132,-0.049,1.068,2,0.158,0.185,0.892,2,0.175,0.294,0.831,2,-0.013,0.160,0.984,2,-0.162,0.005,1.140,2,-0.211,-0.194,1.083,2,-0.183,-0.247,1.046,2,0.302,0.086,0.876,2,0.386,-0.084,0.762,1,0.492,-0.292,0.627,1,0.524,-0.352,0.591,2,0.009,-0.265,1.207,2,-0.075,-0.539,1.395,2,-0.081,-0.831,1.615,1,-0.122,-0.904,1.529,2,0.183,-0.301,1.166,1,0.173,-0.668,1.086,1,0.169,-1.126,1.020,1,0.125,-1.112,0.926,2,0.153,0.129,0.938,2,-0.181,-0.311,1.039,2,-0.155,-0.255,1.006,1,0.534,-0.385,0.576,1,0.514,-0.317,0.563,0,0,0
2.974|kb,69386288349270000,6,25,0,0,1,72057594037931167,2,0.186,-0.200,1.307,2,0.175,-0.007,1.095,2,0.160,0.184,0.882,2,0.179,0.292,0.809,2,-0.005,0.161,0.965,2,-0.147,0.002,1.132,2,-0.171,-0.203,1.082,2,-0.153,-0.245,1.060,2,0.304,0.082,0.854,2,0.386,-0.090,0.740,1,0.488,-0.300,0.605,1,0.519,-0.360,0.569,2,0.099,-0.173,1.295,2,-0.075,-0.539,1.396,2,-0.078,-0.826,1.626,1,-0.119,-0.903,1.552,2,0.262,-0.217,1.248,2,0.175,-0.502,1.095,1,0.045,-1.000,0.890,1,0.015,-0.974,0.824,2,0.157,0.131,0.935,2,-0.126,-0.311,1.041,2,-0.119,-0.242,1.022,1,0.529,-0.393,0.555,1,0.509,-0.324,0.542,0,0,0
3.014|kb,69386295058150000,6,25,0,0,1,72057594037931167,2,0.212,-0.183,1.288,2,0.189,-0.002,1.073,2,0.166,0.175,0.840,2,0.188,0.287,0.771,2,0.007,0.162,0.934,2,-0.126,0.009,1.118,2,-0.153,-0.199,1.093,2,-0.125,-0.245,1.090,2,0.308,0.070,0.811,2,0.380,-0.097,0.683,1,0.470,-0.303,0.531,1,0.497,-0.362,0.490,2,0.127,-0.153,1.279,2,-0.069,-0.509,1.381,2,-0.084,-0.828,1.665,2,-0.131,-0.908,1.601,2,0.286,-0.202,1.227,2,0.177,-0.491,1.085,1,0.001,-0.988,0.892,1,-0.017,-0.959,0.841,2,0.171,0.131,0.901,2,-0.117,-0.317,1.096,2,-0.087,-0.259,1.061,1,0.507,-0.394,0.475,1,0.486,-0.325,0.464,0,0,0
3.049|kb,69386298350230000,6,25,0,0,1,72057594037931167,2,0.225,-0.180,1.277,2,0.199,-0.003,1.058,2,0.170,0.169,0.823,2,0.191,0.283,0.756,2,0.013,0.163,0.922,2,-0.118,0.015,1.110,2,-0.146,-0.193,1.107,2,-0.129,-0.228,1.111,2,0.310,0.063,0.793,2,0.380,-0.103,0.662,1,0.469,-0.306,0.506,1,0.495,-0.365,0.464,2,0.141,-0.150,1.268,2,-0.075,-0.464,1.341,2,-0.087,-0.800,1.653,2,-0.135,-0.879,1.590,2,0.297,-0.200,1.215,2,0.176,-0.487,1.081,1,-0.022,-0.984,0.897,1,-0.036,-0.955,0.851,2,0.178,0.127,0.884,2,-0.107,-0.308,1.106,2,-0.089,-0.199,1.125,1,0.505,-0.397,0.450,1,0.484,-0.328,0.439,0,0,0
3.083|kb,69386301759670000,6,25,0,0,1,72057594037931167,2,0.243,-0.173,1.264,2,0.208,-0.003,1.044,2,0.174,0.163,0.806,2,0.194,0.278,0.739,2,0.019,0.164,0.908,2,-0.110,0.021,1.101,2,-0.148,-0.184,1.117,2,-0.132,-0.233,1.123,2,0.310,0.057,0.777,2,0.379,-0.108,0.644,1,0.465,-0.310,0.485,1,0.491,-0.368,0.442,2,0.160,-0.142,1.256,2,-0.071,-0.443,1.324,2,-0.087,-0.789,1.652,2,-0.136,-0.855,1.579,2,0.312,-0.194,1.201,2,0.176,-0.485,1.077,1,-0.042,-0.974,0.910,1,-0.052,-0.947,0.869,2,0.183,0.123,0.869,2,-0.124,-0.313,1.139,2,-0.094,-0.241,1.103,1,0.501,-0.400,0.428,1,0.480,-0.331,0.417,0,0,0
3.116|kb,69386305057230000,6,25,0,0,1,72057594037931167,2,0.255,-0.160,1.256,2,0.216,0.000,1.033,2,0.177,0.157,0.792,2,0.197,0.274,0.725,2,0.025,0.164,0.894,2,-0.104,0.026,1.091,2,-0.151,-0.173,1.124,2,-0.144,-0.209,1.134,2,0.311,0.053,0.763,2,0.377,-0.113,0.629,1,0.459,-0.316,0.469,1,0.484,-0.375,0.426,2,0.173,-0.128,1.249,2,-0.071,-0.441,1.324,2,-0.087,-0.791,1.661,2,-0.137,-0.850,1.585,2,0.324,-0.184,1.193,2,0.177,-0.482,1.071,1,-0.050,-0.960,0.913,1,-0.058,-0.935,0.875,2,0.187,0.119,0.855,2,-0.131,-0.287,1.142,2,-0.096,-0.159,1.169,1,0.494,-0.406,0.412,1,0.473,-0.337,0.401,0,0,0
3.144|kb,69386308348800000,6,25,0,0,1,72057594037931167,2,0.259,-0.157,1.250,2,0.220,0.000,1.022,2,0.180,0.152,0.779,2,0.199,0.269,0.711,2,0.029,0.163,0.883,2,-0.100,0.031,1.083,2,-0.157,-0.162,1.129,2,-0.157,-0.211,1.143,2,0.312,0.049,0.749,2,0.376,-0.119,0.617,1,0.455,-0.325,0.459,1,0.479,-0.384,0.416,2,0.177,-0.124,1.243,2,-0.070,-0.440,1.324,2,-0.084,-0.787,1.668,2,-0.135,-0.845,1.592,2,0.326,-0.182,1.187,2,0.178,-0.481,1.067,1,-0.052,-0.957,0.914,1,-0.059,-0.933,0.876,2,0.191,0.116,0.842,2,-0.142,-0.291,1.154,2,-0.105,-0.217,1.167,1,0.489,-0.415,0.402,1,0.468,-0.346,0.392,0,0,0
3.204|kb,69386311758280000,6,25,0,0,1,72057594037931167,2,0.263,-0.153,1.243,2,0.224,0.000,1.013,2,0.183,0.148,0.768,2,0.201,0.265,0.700,2,0.033,0.162,0.873,2,-0.097,0.035,1.076,2,-0.165,-0.151,1.132,2,-0.173,-0.225,1.146,2,0.313,0.046,0.739,2,0.374,-0.123,0.607,1,0.450,-0.330,0.449,1,0.473,-0.390,0.406,2,0.181,-0.118,1.236,2,-0.069,-0.439,1.326,2,-0.077,-0.781,1.676,2,-0.128,-0.840,1.602,2,0.330,-0.178,1.180,2,0.179,-0.477,1.062,1,-0.055,-0.952,0.915,1,-0.062,-0.930,0.876,2,0.194,0.113,0.832,2,-0.150,-0.303,1.176,2,-0.138,-0.193,1.137,1,0.483,-0.421,0.392,1,0.462,-0.352,0.382,0,0,0
3.245|kb,69386315057030000,6,25,0,0,1,72057594037931167,2,0.265,-0.149,1.236,2,0.227,0.000,1.004,2,0.186,0.143,0.756,2,0.203,0.260,0.689,2,0.037,0.159,0.863,2,-0.093,0.039,1.067,2,-0.171,-0.140,1.131,2,-0.191,-0.215,1.141,2,0.314,0.042,0.728,2,0.373,-0.128,0.597,1,0.447,-0.338,0.441,1,0.470,-0.398,0.398,2,0.184,-0.114,1.229,2,-0.068,-0.439,1.328,2,-0.076,-0.780,1.678,2,-0.127,-0.839,1.605,2,0.332,-0.175,1.173,2,0.180,-0.474,1.057,1,-0.055,-0.949,0.914,1,-0.064,-0.928,0.875,2,0.197,0.109,0.821,2,-0.177,-0.291,1.163,2,-0.162,-0.182,1.122,1,0.479,-0.429,0.385,1,0.458,-0.359,0.375,0,0,0
