0.000|kb,7199960073610000,6,25,1,72057594037945517,2,0.183,0.148,1.629,2,0.188,0.415,1.601,2,0.193,0.670,1.564,2,0.144,0.775,1.524,2,0.010,0.581,1.603,2,-0.115,0.386,1.621,2,-0.299,0.406,1.435,2,-0.360,0.428,1.390,2,0.314,0.585,1.550,2,0.468,0.390,1.533,2,0.570,0.504,1.372,2,0.583,0.570,1.340,2,0.106,0.143,1.604,2,0.106,-0.202,1.604,1,0.086,-0.379,1.645,1,0.080,-0.385,1.619,2,0.252,0.147,1.590,2,0.284,-0.199,1.561,1,0.155,-0.271,1.661,1,0.163,-0.295,1.661,2,0.192,0.608,1.575,2,-0.420,0.450,1.338,2,-0.310,0.445,1.330,2,0.622,0.617,1.296,2,0.598,0.548,1.292,0,0,0,0,0
0.037|kb,7199963367320000,6,25,1,72057594037945517,2,0.182,0.148,1.629,2,0.188,0.415,1.601,2,0.193,0.670,1.564,2,0.145,0.775,1.524,2,0.010,0.581,1.603,2,-0.108,0.387,1.628,2,-0.309,0.388,1.435,2,-0.367,0.399,1.397,2,0.316,0.585,1.550,2,0.470,0.392,1.533,2,0.570,0.511,1.376,2,0.580,0.572,1.349,2,0.106,0.143,1.604,2,0.104,-0.202,1.605,1,0.087,-0.379,1.648,1,0.077,-0.384,1.623,2,0.252,0.146,1.590,2,0.283,-0.199,1.562,1,0.156,-0.275,1.661,1,0.163,-0.296,1.661,2,0.192,0.608,1.575,2,-0.426,0.422,1.347,2,-0.313,0.414,1.341,2,0.620,0.619,1.307,2,0.533,0.595,1.338,0,0,0,0,0
0.071|kb,7199966675960000,6,25,1,72057594037945517,2,0.182,0.148,1.629,2,0.188,0.415,1.601,2,0.193,0.670,1.565,2,0.146,0.775,1.524,2,0.011,0.582,1.603,2,-0.104,0.387,1.631,2,-0.316,0.359,1.433,2,-0.375,0.370,1.402,2,0.317,0.585,1.551,2,0.471,0.393,1.535,2,0.571,0.514,1.377,2,0.584,0.572,1.349,2,0.105,0.143,1.604,2,0.103,-0.202,1.606,1,0.089,-0.379,1.648,1,0.078,-0.385,1.623,2,0.251,0.146,1.590,2,0.282,-0.199,1.562,1,0.156,-0.278,1.661,1,0.163,-0.298,1.661,2,0.192,0.608,1.576,2,-0.435,0.386,1.345,2,-0.322,0.386,1.332,2,0.629,0.623,1.305,2,0.534,0.594,1.336,0,0,0,0,0
0.126|kb,7199970074740000,6,25,1,72057594037945517,2,0.182,0.148,1.629,2,0.188,0.415,1.601,2,0.194,0.670,1.565,2,0.147,0.775,1.523,2,0.011,0.582,1.603,2,-0.102,0.386,1.633,2,-0.325,0.342,1.436,2,-0.381,0.344,1.408,2,0.318,0.584,1.551,2,0.473,0.392,1.536,2,0.571,0.514,1.378,2,0.589,0.567,1.345,2,0.105,0.143,1.604,2,0.103,-0.202,1.605,1,0.089,-0.379,1.647,1,0.078,-0.385,1.623,2,0.251,0.146,1.590,2,0.282,-0.199,1.562,1,0.157,-0.279,1.661,1,0.163,-0.298,1.662,2,0.192,0.608,1.576,2,-0.442,0.355,1.357,2,-0.331,0.363,1.340,2,0.618,0.622,1.309,2,0.541,0.576,1.325,0,0,0,0,0
0.157|kb,7199976672770000,6,25,1,72057594037945517,2,0.181,0.148,1.629,2,0.188,0.415,1.601,2,0.194,0.670,1.565,2,0.149,0.775,1.522,2,0.011,0.582,1.603,2,-0.100,0.383,1.635,2,-0.326,0.310,1.450,2,-0.383,0.301,1.421,2,0.319,0.584,1.552,2,0.475,0.388,1.541,2,0.583,0.490,1.375,2,0.614,0.537,1.321,2,0.105,0.144,1.604,2,0.103,-0.201,1.605,1,0.090,-0.379,1.646,1,0.077,-0.385,1.622,2,0.251,0.146,1.590,2,0.282,-0.199,1.563,1,0.156,-0.281,1.660,1,0.162,-0.299,1.661,2,0.193,0.608,1.576,2,-0.446,0.297,1.381,2,-0.342,0.325,1.341,2,0.641,0.578,1.280,2,0.598,0.620,1.339,0,0,0,0,0
0.200|kb,7199980079720000,6,25,1,72057594037945517,2,0.181,0.148,1.629,2,0.188,0.415,1.602,2,0.194,0.670,1.565,2,0.149,0.775,1.521,2,0.011,0.582,1.603,2,-0.098,0.379,1.638,2,-0.322,0.300,1.454,2,-0.380,0.286,1.427,2,0.319,0.584,1.552,2,0.455,0.376,1.572,2,0.592,0.451,1.376,2,0.628,0.497,1.315,2,0.105,0.144,1.604,2,0.103,-0.201,1.605,1,0.088,-0.379,1.645,1,0.078,-0.385,1.620,2,0.251,0.146,1.590,2,0.282,-0.199,1.563,1,0.157,-0.281,1.662,1,0.163,-0.300,1.661,2,0.193,0.608,1.576,2,-0.444,0.279,1.385,2,-0.343,0.314,1.359,2,0.687,0.537,1.260,2,0.577,0.506,1.269,0,0,0,0,0
0.230|kb,7199983366710000,6,25,1,72057594037945517,2,0.181,0.148,1.629,2,0.188,0.415,1.602,2,0.195,0.670,1.565,2,0.149,0.775,1.521,2,0.011,0.582,1.603,2,-0.095,0.375,1.641,2,-0.319,0.292,1.458,2,-0.377,0.275,1.431,2,0.319,0.584,1.552,2,0.470,0.354,1.566,2,0.599,0.418,1.377,2,0.647,0.450,1.309,2,0.105,0.144,1.604,2,0.103,-0.201,1.605,1,0.086,-0.379,1.645,1,0.077,-0.385,1.620,2,0.250,0.146,1.590,2,0.283,-0.199,1.563,1,0.180,-0.342,1.633,1,0.195,-0.367,1.621,2,0.193,0.608,1.576,2,-0.443,0.263,1.394,2,-0.344,0.304,1.360,2,0.692,0.495,1.240,2,0.592,0.456,1.266,0,0,0,0,0
0.268|kb,7199986672700000,6,25,1,72057594037945517,2,0.181,0.148,1.629,2,0.188,0.415,1.602,2,0.194,0.670,1.567,2,0.149,0.775,1.521,2,0.011,0.582,1.603,2,-0.093,0.372,1.642,2,-0.293,0.271,1.481,2,-0.376,0.266,1.433,2,0.319,0.584,1.553,2,0.458,0.363,1.573,2,0.609,0.376,1.373,2,0.662,0.397,1.306,2,0.105,0.144,1.604,2,0.103,-0.201,1.605,1,0.090,-0.381,1.641,1,0.080,-0.386,1.617,2,0.250,0.146,1.591,2,0.283,-0.199,1.563,1,0.151,-0.261,1.682,1,0.169,-0.306,1.661,2,0.193,0.608,1.577,2,-0.440,0.256,1.397,2,-0.343,0.297,1.360,2,0.706,0.420,1.244,2,0.605,0.405,1.256,0,0,0,0,0
0.299|kb,7199990074130000,6,25,1,72057594037945517,2,0.181,0.148,1.629,2,0.188,0.415,1.602,2,0.193,0.670,1.568,2,0.148,0.775,1.520,2,0.011,0.582,1.603,2,-0.092,0.368,1.644,2,-0.312,0.269,1.465,2,-0.373,0.263,1.436,2,0.319,0.585,1.553,2,0.452,0.366,1.577,2,0.616,0.342,1.374,2,0.670,0.350,1.302,2,0.105,0.144,1.604,2,0.102,-0.201,1.605,1,0.090,-0.381,1.641,1,0.081,-0.386,1.617,2,0.251,0.146,1.591,2,0.283,-0.199,1.563,1,0.149,-0.261,1.679,1,0.167,-0.304,1.660,2,0.192,0.608,1.578,2,-0.439,0.249,1.403,2,-0.343,0.294,1.366,2,0.707,0.380,1.226,2,0.616,0.357,1.278,0,0,0,0,0
0.329|kb,7199993365530000,6,25,1,72057594037945517,2,0.181,0.148,1.629,2,0.188,0.416,1.603,2,0.194,0.670,1.568,2,0.148,0.775,1.520,2,0.011,0.582,1.603,2,-0.091,0.365,1.646,2,-0.310,0.265,1.468,2,-0.373,0.265,1.438,2,0.319,0.585,1.553,2,0.451,0.366,1.577,2,0.605,0.295,1.403,2,0.674,0.291,1.313,2,0.105,0.144,1.604,2,0.102,-0.201,1.605,1,0.093,-0.380,1.644,1,0.083,-0.386,1.620,2,0.251,0.146,1.591,2,0.283,-0.199,1.563,1,0.146,-0.262,1.673,1,0.162,-0.302,1.656,2,0.193,0.609,1.578,2,-0.438,0.252,1.403,2,-0.345,0.297,1.369,2,0.727,0.292,1.259,2,0.637,0.301,1.265,0,0,0,0,0
0.362|kb,7199996673230000,6,25,1,72057594037945517,2,0.181,0.148,1.629,2,0.188,0.415,1.603,2,0.194,0.671,1.568,2,0.147,0.774,1.520,2,0.011,0.582,1.603,2,-0.090,0.364,1.646,2,-0.306,0.268,1.470,2,-0.368,0.273,1.436,2,0.318,0.585,1.553,2,0.449,0.364,1.578,2,0.584,0.263,1.431,2,0.673,0.238,1.326,2,0.105,0.144,1.604,2,0.102,-0.201,1.605,1,0.079,-0.379,1.643,1,0.074,-0.385,1.618,2,0.251,0.146,1.591,2,0.284,-0.199,1.562,1,0.147,-0.265,1.670,1,0.161,-0.302,1.655,2,0.193,0.609,1.578,2,-0.432,0.257,1.400,2,-0.343,0.304,1.366,2,0.719,0.227,1.282,2,0.645,0.250,1.281,0,0,0,0,0
0.395|kb,7200000076030000,6,25,1,72057594037945517,2,0.181,0.148,1.629,2,0.188,0.415,1.603,2,0.194,0.671,1.568,2,0.146,0.774,1.520,2,0.011,0.582,1.603,2,-0.088,0.364,1.648,2,-0.304,0.274,1.470,2,-0.362,0.289,1.436,2,0.318,0.585,1.553,2,0.445,0.362,1.581,2,0.569,0.226,1.455,2,0.626,0.208,1.379,2,0.105,0.144,1.604,2,0.103,-0.202,1.605,1,0.077,-0.379,1.642,1,0.073,-0.385,1.618,2,0.251,0.146,1.591,2,0.284,-0.199,1.562,1,0.149,-0.270,1.666,1,0.161,-0.304,1.653,2,0.193,0.609,1.578,2,-0.426,0.274,1.388,2,-0.339,0.318,1.361,2,0.666,0.183,1.333,2,0.625,0.206,1.312,0,0,0,0,0
0.434|kb,7200003365680000,6,25,1,72057594037945517,2,0.182,0.148,1.629,2,0.189,0.416,1.603,2,0.194,0.672,1.570,2,0.145,0.774,1.519,2,0.011,0.582,1.603,2,-0.086,0.365,1.650,2,-0.288,0.297,1.480,2,-0.355,0.312,1.436,2,0.318,0.585,1.553,2,0.441,0.359,1.582,2,0.565,0.220,1.459,2,0.629,0.171,1.386,2,0.105,0.144,1.604,2,0.105,-0.201,1.604,1,0.084,-0.380,1.641,1,0.078,-0.385,1.618,2,0.251,0.146,1.591,2,0.285,-0.199,1.562,1,0.149,-0.268,1.665,1,0.160,-0.301,1.653,2,0.193,0.610,1.580,2,-0.418,0.303,1.385,2,-0.332,0.341,1.358,2,0.673,0.133,1.353,2,0.616,0.166,1.329,0,0,0,0,0
0.465|kb,7200006673720000,6,25,1,72057594037945517,2,0.182,0.148,1.629,2,0.189,0.416,1.603,2,0.194,0.672,1.569,2,0.143,0.774,1.519,2,0.011,0.582,1.603,2,-0.093,0.333,1.667,2,-0.308,0.334,1.457,2,-0.343,0.340,1.436,2,0.317,0.585,1.553,2,0.437,0.359,1.583,2,0.550,0.196,1.481,2,0.618,0.141,1.398,2,0.105,0.144,1.604,2,0.108,-0.201,1.604,1,0.084,-0.379,1.642,1,0.078,-0.385,1.618,2,0.251,0.146,1.591,2,0.286,-0.198,1.561,1,0.210,-0.375,1.612,1,0.235,-0.400,1.590,2,0.193,0.610,1.579,2,-0.406,0.349,1.383,2,-0.323,0.372,1.367,2,0.665,0.095,1.367,2,0.603,0.134,1.345,0,0,0,0,0
0.496|kb,7200010073740000,6,25,1,72057594037945517,2,0.182,0.148,1.629,2,0.189,0.416,1.603,2,0.194,0.672,1.569,2,0.141,0.774,1.518,2,0.011,0.582,1.603,2,-0.093,0.333,1.667,2,-0.284,0.352,1.461,2,-0.337,0.368,1.433,2,0.317,0.585,1.552,2,0.433,0.357,1.584,2,0.541,0.188,1.489,2,0.585,0.136,1.431,2,0.105,0.144,1.604,2,0.109,-0.201,1.604,1,0.088,-0.380,1.642,1,0.081,-0.385,1.618,2,0.252,0.147,1.590,2,0.287,-0.198,1.559,1,0.197,-0.358,1.623,1,0.186,-0.353,1.588,2,0.193,0.610,1.579,2,-0.399,0.381,1.375,2,-0.309,0.394,1.360,2,0.629,0.077,1.392,2,0.592,0.109,1.359,0,0,0,0,0
0.529|kb,7200013365950000,6,25,1,72057594037945517,2,0.183,0.148,1.629,2,0.189,0.416,1.603,2,0.194,0.672,1.569,2,0.139,0.774,1.517,2,0.011,0.582,1.603,2,-0.092,0.331,1.668,2,-0.276,0.361,1.470,2,-0.329,0.400,1.432,2,0.316,0.586,1.552,2,0.429,0.355,1.585,2,0.535,0.183,1.494,2,0.576,0.123,1.441,2,0.106,0.144,1.604,2,0.109,-0.201,1.604,1,0.090,-0.380,1.643,1,0.082,-0.385,1.619,2,0.252,0.147,1.590,2,0.288,-0.198,1.558,1,0.149,-0.278,1.663,1,0.150,-0.304,1.617,2,0.193,0.610,1.579,2,-0.388,0.425,1.372,2,-0.296,0.425,1.369,2,0.614,0.070,1.384,2,0.581,0.099,1.375,0,0,0,0,0
0.563|kb,7200016674970000,6,25,1,72057594037945517,2,0.184,0.148,1.629,2,0.189,0.416,1.603,2,0.194,0.671,1.568,2,0.137,0.774,1.517,2,0.011,0.582,1.603,2,-0.092,0.331,1.668,2,-0.271,0.387,1.468,2,-0.320,0.426,1.432,2,0.315,0.586,1.552,2,0.425,0.354,1.586,2,0.530,0.179,1.498,2,0.569,0.119,1.449,2,0.107,0.143,1.604,2,0.111,-0.202,1.603,1,0.093,-0.379,1.646,1,0.083,-0.384,1.621,2,0.253,0.147,1.590,2,0.288,-0.198,1.557,1,0.156,-0.280,1.657,1,0.149,-0.301,1.617,2,0.193,0.609,1.579,2,-0.376,0.455,1.367,2,-0.284,0.451,1.366,2,0.604,0.067,1.387,2,0.599,0.051,1.434,0,0,0,0,0
0.601|kb,7200020074910000,6,25,1,72057594037945517,2,0.184,0.148,1.629,2,0.189,0.416,1.603,2,0.194,0.671,1.568,2,0.136,0.773,1.517,2,0.010,0.581,1.604,2,-0.093,0.330,1.668,2,-0.266,0.398,1.473,2,-0.314,0.448,1.434,2,0.315,0.586,1.552,2,0.424,0.353,1.587,2,0.528,0.177,1.501,2,0.571,0.118,1.453,2,0.108,0.143,1.604,2,0.111,-0.202,1.604,1,0.095,-0.379,1.649,1,0.085,-0.384,1.622,2,0.254,0.147,1.590,2,0.288,-0.198,1.556,1,0.163,-0.284,1.654,1,0.150,-0.301,1.617,2,0.193,0.609,1.578,2,-0.366,0.481,1.370,2,-0.263,0.475,1.402,2,0.610,0.057,1.410,2,0.600,0.051,1.434,0,0,0,0,0
0.630|kb,7200023367720000,6,25,1,72057594037945517,2,0.185,0.148,1.629,2,0.189,0.416,1.603,2,0.193,0.671,1.568,2,0.134,0.773,1.517,2,0.010,0.581,1.604,2,-0.094,0.329,1.667,2,-0.266,0.413,1.470,2,-0.312,0.463,1.434,2,0.312,0.585,1.550,2,0.423,0.353,1.587,2,0.529,0.177,1.501,2,0.578,0.124,1.449,2,0.108,0.143,1.604,2,0.112,-0.202,1.604,1,0.094,-0.379,1.649,1,0.084,-0.384,1.623,2,0.255,0.147,1.590,2,0.288,-0.198,1.556,1,0.166,-0.287,1.651,1,0.150,-0.300,1.618,2,0.193,0.609,1.578,2,-0.366,0.497,1.383,2,-0.258,0.483,1.392,2,0.625,0.052,1.431,2,0.610,0.058,1.433,0,0,0,0,0
0.663|kb,7200026672680000,6,25,1,72057594037945517,2,0.185,0.148,1.629,2,0.189,0.416,1.603,2,0.193,0.671,1.568,2,0.133,0.772,1.517,2,0.010,0.581,1.604,2,-0.096,0.328,1.663,2,-0.263,0.415,1.470,2,-0.311,0.469,1.431,2,0.312,0.585,1.550,2,0.423,0.353,1.587,2,0.534,0.183,1.497,2,0.583,0.144,1.445,2,0.108,0.143,1.604,2,0.113,-0.202,1.604,1,0.092,-0.379,1.649,1,0.083,-0.384,1.623,2,0.255,0.147,1.590,2,0.288,-0.198,1.556,1,0.168,-0.289,1.650,1,0.150,-0.300,1.618,2,0.193,0.609,1.578,2,-0.365,0.503,1.378,2,-0.256,0.489,1.377,2,0.634,0.071,1.421,2,0.591,0.114,1.374,0,0,0,0,0
0.696|kb,7200030076080000,6,25,1,72057594037945517,2,0.186,0.148,1.629,2,0.189,0.416,1.603,2,0.193,0.671,1.568,2,0.133,0.772,1.517,2,0.010,0.581,1.604,2,-0.097,0.327,1.663,2,-0.261,0.414,1.471,2,-0.309,0.460,1.429,2,0.312,0.585,1.550,2,0.424,0.354,1.587,2,0.546,0.199,1.484,2,0.633,0.137,1.402,2,0.109,0.143,1.604,2,0.113,-0.202,1.604,1,0.093,-0.379,1.648,1,0.083,-0.384,1.623,2,0.255,0.147,1.590,2,0.289,-0.198,1.556,1,0.157,-0.258,1.660,1,0.140,-0.274,1.628,2,0.193,0.609,1.578,2,-0.357,0.498,1.367,2,-0.252,0.476,1.376,2,0.677,0.106,1.374,2,0.608,0.140,1.349,0,0,0,0,0
0.729|kb,7200033366290000,6,25,1,72057594037945517,2,0.186,0.148,1.629,2,0.190,0.416,1.603,2,0.193,0.671,1.567,2,0.133,0.772,1.517,2,0.010,0.581,1.604,2,-0.096,0.327,1.662,2,-0.260,0.408,1.471,2,-0.309,0.440,1.426,2,0.312,0.585,1.550,2,0.428,0.354,1.585,2,0.556,0.208,1.477,2,0.664,0.161,1.372,2,0.109,0.143,1.604,2,0.113,-0.202,1.604,1,0.096,-0.379,1.647,1,0.085,-0.384,1.622,2,0.256,0.147,1.590,2,0.289,-0.198,1.556,1,0.210,-0.355,1.616,1,0.182,-0.344,1.594,2,0.193,0.609,1.578,2,-0.359,0.471,1.366,2,-0.256,0.454,1.368,2,0.714,0.147,1.334,2,0.637,0.185,1.332,0,0,0,0,0
0.768|kb,7200036672610000,6,25,1,72057594037945517,2,0.186,0.148,1.629,2,0.189,0.416,1.603,2,0.192,0.671,1.568,2,0.133,0.772,1.517,2,0.010,0.581,1.605,2,-0.094,0.327,1.664,2,-0.261,0.386,1.468,2,-0.312,0.409,1.421,2,0.312,0.585,1.550,2,0.437,0.354,1.581,2,0.571,0.222,1.461,2,0.676,0.211,1.352,2,0.109,0.143,1.604,2,0.113,-0.202,1.604,1,0.097,-0.380,1.646,1,0.086,-0.384,1.621,2,0.256,0.147,1.590,2,0.290,-0.198,1.556,1,0.170,-0.290,1.657,1,0.158,-0.305,1.620,2,0.192,0.609,1.579,2,-0.368,0.441,1.365,2,-0.257,0.420,1.372,2,0.728,0.195,1.310,2,0.670,0.236,1.318,0,0,0,0,0
0.798|kb,7200040073710000,6,25,1,72057594037945517,2,0.186,0.148,1.629,2,0.190,0.416,1.603,2,0.193,0.671,1.568,2,0.133,0.772,1.517,2,0.010,0.581,1.605,2,-0.093,0.327,1.665,2,-0.264,0.351,1.455,2,-0.318,0.372,1.417,2,0.312,0.585,1.550,2,0.439,0.355,1.580,2,0.588,0.269,1.438,2,0.683,0.268,1.331,2,0.109,0.143,1.604,2,0.113,-0.202,1.604,1,0.094,-0.379,1.646,1,0.084,-0.384,1.621,2,0.256,0.147,1.590,2,0.290,-0.198,1.556,1,0.152,-0.252,1.665,1,0.142,-0.273,1.629,2,0.192,0.609,1.578,2,-0.374,0.397,1.362,2,-0.264,0.383,1.356,2,0.737,0.256,1.281,2,0.677,0.295,1.297,0,0,0,0,0
0.830|kb,7200043365750000,6,25,1,72057594037945517,2,0.186,0.148,1.629,2,0.189,0.416,1.603,2,0.192,0.671,1.568,2,0.134,0.772,1.517,2,0.010,0.581,1.605,2,-0.093,0.328,1.665,2,-0.273,0.325,1.450,2,-0.331,0.333,1.415,2,0.312,0.585,1.550,2,0.441,0.359,1.580,2,0.620,0.316,1.396,2,0.681,0.323,1.322,2,0.109,0.143,1.604,2,0.113,-0.202,1.604,1,0.094,-0.379,1.646,1,0.084,-0.384,1.621,2,0.255,0.147,1.591,2,0.290,-0.198,1.555,1,0.157,-0.260,1.660,1,0.142,-0.272,1.630,2,0.192,0.609,1.579,2,-0.393,0.347,1.363,2,-0.276,0.347,1.348,2,0.732,0.324,1.271,2,0.658,0.350,1.287,0,0,0,0,0
0.863|kb,7200046672200000,6,25,1,72057594037945517,2,0.185,0.148,1.629,2,0.190,0.416,1.604,2,0.193,0.671,1.570,2,0.135,0.772,1.517,2,0.010,0.581,1.605,2,-0.093,0.328,1.664,2,-0.282,0.288,1.459,2,-0.337,0.290,1.419,2,0.313,0.585,1.550,2,0.442,0.361,1.580,2,0.627,0.358,1.372,2,0.672,0.376,1.315,2,0.108,0.143,1.604,2,0.113,-0.202,1.604,1,0.094,-0.380,1.646,1,0.084,-0.384,1.621,2,0.255,0.147,1.591,2,0.290,-0.198,1.556,1,0.160,-0.264,1.658,1,0.142,-0.271,1.630,2,0.193,0.609,1.580,2,-0.393,0.303,1.356,2,-0.280,0.305,1.350,2,0.719,0.389,1.262,2,0.637,0.398,1.286,0,0,0,0,0
0.896|kb,7200050074190000,6,25,1,72057594037945517,2,0.185,0.148,1.629,2,0.190,0.416,1.603,2,0.194,0.671,1.569,2,0.136,0.772,1.517,2,0.010,0.581,1.605,2,-0.094,0.326,1.664,2,-0.266,0.255,1.476,2,-0.339,0.250,1.425,2,0.313,0.585,1.551,2,0.445,0.364,1.579,2,0.614,0.388,1.377,2,0.662,0.427,1.310,2,0.108,0.143,1.604,2,0.113,-0.202,1.604,1,0.088,-0.379,1.647,1,0.080,-0.384,1.622,2,0.255,0.147,1.591,2,0.290,-0.198,1.556,1,0.162,-0.267,1.657,1,0.142,-0.271,1.631,2,0.193,0.609,1.579,2,-0.397,0.258,1.366,2,-0.284,0.264,1.352,2,0.703,0.444,1.235,2,0.622,0.448,1.285,0,0,0,0,0
0.934|kb,7200053366790000,6,25,1,72057594037945517,2,0.185,0.148,1.629,2,0.190,0.416,1.603,2,0.194,0.671,1.569,2,0.138,0.772,1.517,2,0.010,0.581,1.604,2,-0.097,0.319,1.658,2,-0.292,0.215,1.454,2,-0.341,0.211,1.431,2,0.314,0.585,1.551,2,0.446,0.366,1.577,2,0.602,0.419,1.374,2,0.639,0.470,1.312,2,0.108,0.143,1.604,2,0.113,-0.202,1.604,1,0.093,-0.380,1.644,1,0.084,-0.385,1.619,2,0.255,0.147,1.591,2,0.290,-0.198,1.556,1,0.166,-0.267,1.661,1,0.143,-0.269,1.634,2,0.193,0.609,1.579,2,-0.403,0.209,1.387,2,-0.287,0.226,1.354,2,0.676,0.496,1.234,2,0.602,0.496,1.294,0,0,0,0,0
0.965|kb,7200056672690000,6,25,1,72057594037945517,2,0.185,0.148,1.629,2,0.190,0.416,1.603,2,0.195,0.671,1.568,2,0.139,0.772,1.517,2,0.010,0.581,1.604,2,-0.056,0.378,1.659,1,-0.252,0.241,1.510,2,-0.343,0.176,1.443,2,0.315,0.585,1.551,2,0.456,0.374,1.567,2,0.592,0.444,1.376,2,0.624,0.507,1.318,2,0.108,0.143,1.604,2,0.113,-0.202,1.604,1,0.077,-0.378,1.642,1,0.074,-0.384,1.618,2,0.255,0.147,1.591,2,0.290,-0.198,1.557,1,0.170,-0.267,1.665,1,0.146,-0.268,1.638,2,0.194,0.609,1.579,2,-0.410,0.162,1.409,2,-0.290,0.195,1.375,2,0.675,0.538,1.242,2,0.589,0.531,1.292,0,0,0,0,0
0.995|kb,7200060074470000,6,25,1,72057594037945517,2,0.185,0.148,1.629,2,0.190,0.416,1.603,2,0.194,0.670,1.568,2,0.141,0.773,1.516,2,0.010,0.581,1.604,2,-0.056,0.378,1.658,1,-0.251,0.233,1.512,2,-0.342,0.146,1.452,2,0.315,0.586,1.551,2,0.460,0.378,1.561,2,0.584,0.467,1.376,2,0.611,0.534,1.322,2,0.108,0.143,1.604,2,0.113,-0.202,1.604,1,0.080,-0.379,1.641,1,0.076,-0.384,1.616,2,0.255,0.147,1.591,2,0.290,-0.198,1.557,1,0.171,-0.268,1.665,1,0.146,-0.268,1.638,2,0.194,0.608,1.579,2,-0.410,0.128,1.422,2,-0.298,0.170,1.381,2,0.646,0.572,1.252,2,0.576,0.563,1.296,0,0,0,0,0
1.029|kb,7200063366720000,6,25,1,72057594037945517,2,0.185,0.148,1.629,2,0.190,0.416,1.603,2,0.195,0.670,1.568,2,0.142,0.773,1.516,2,0.010,0.581,1.604,2,-0.056,0.378,1.657,1,-0.249,0.220,1.515,2,-0.341,0.126,1.456,2,0.317,0.585,1.551,2,0.462,0.379,1.559,2,0.578,0.479,1.378,2,0.599,0.550,1.328,2,0.108,0.143,1.604,2,0.112,-0.202,1.604,1,0.093,-0.380,1.642,1,0.084,-0.385,1.618,2,0.255,0.147,1.591,2,0.290,-0.198,1.557,1,0.172,-0.269,1.665,1,0.146,-0.268,1.638,2,0.194,0.608,1.578,2,-0.406,0.106,1.426,2,-0.314,0.142,1.396,2,0.632,0.601,1.270,2,0.566,0.582,1.323,0,0,0,0,0
1.071|kb,7200066672580000,6,25,1,72057594037945517,2,0.185,0.148,1.629,2,0.190,0.416,1.603,2,0.195,0.670,1.567,2,0.143,0.773,1.516,2,0.011,0.582,1.604,2,-0.056,0.378,1.657,1,-0.248,0.209,1.518,2,-0.342,0.111,1.461,2,0.317,0.585,1.551,2,0.464,0.381,1.557,2,0.575,0.486,1.380,2,0.593,0.561,1.333,2,0.108,0.144,1.604,2,0.112,-0.202,1.604,1,0.094,-0.381,1.639,1,0.085,-0.386,1.616,2,0.255,0.147,1.591,2,0.290,-0.198,1.557,1,0.172,-0.270,1.665,1,0.146,-0.268,1.639,2,0.194,0.608,1.578,2,-0.407,0.088,1.436,2,-0.365,0.119,1.394,2,0.629,0.615,1.286,2,0.496,0.570,1.277,0,0,0,0,0
1.105|kb,7200070073800000,6,25,1,72057594037945517,2,0.185,0.148,1.629,2,0.190,0.416,1.603,2,0.196,0.670,1.567,2,0.143,0.773,1.516,2,0.011,0.582,1.604,2,-0.099,0.378,1.597,2,-0.220,0.203,1.532,2,-0.284,0.128,1.479,2,0.317,0.585,1.551,2,0.465,0.381,1.556,2,0.573,0.490,1.380,2,0.591,0.561,1.333,2,0.108,0.143,1.604,2,0.112,-0.202,1.604,1,0.093,-0.381,1.641,1,0.084,-0.385,1.616,2,0.255,0.147,1.591,2,0.290,-0.198,1.557,1,0.183,-0.272,1.675,1,0.154,-0.269,1.646,2,0.195,0.608,1.578,2,-0.333,0.095,1.461,2,-0.294,0.117,1.417,2,0.624,0.617,1.286,2,0.539,0.566,1.310,0,0,0,0,0
1.136|kb,7200073366350000,6,25,1,72057594037945517,2,0.185,0.148,1.629,2,0.190,0.415,1.603,2,0.196,0.670,1.567,2,0.144,0.773,1.516,2,0.011,0.582,1.604,2,-0.099,0.377,1.598,2,-0.220,0.202,1.533,2,-0.285,0.126,1.479,2,0.318,0.585,1.551,2,0.466,0.381,1.556,2,0.573,0.490,1.380,2,0.591,0.556,1.329,2,0.108,0.143,1.604,2,0.112,-0.202,1.604,1,0.092,-0.381,1.641,1,0.083,-0.385,1.617,2,0.255,0.147,1.591,2,0.290,-0.198,1.558,1,0.181,-0.271,1.673,1,0.153,-0.269,1.646,2,0.195,0.608,1.578,2,-0.333,0.087,1.460,2,-0.294,0.115,1.419,2,0.623,0.618,1.276,2,0.538,0.560,1.300,0,0,0,0,0
1.169|kb,7200076674260000,6,25,1,72057594037945517,2,0.185,0.148,1.629,2,0.191,0.415,1.603,2,0.196,0.670,1.566,2,0.144,0.773,1.516,2,0.011,0.582,1.604,2,-0.099,0.377,1.597,1,-0.258,0.199,1.504,2,-0.316,0.114,1.467,2,0.319,0.585,1.551,2,0.466,0.381,1.556,2,0.572,0.489,1.378,2,0.594,0.546,1.321,2,0.108,0.143,1.604,2,0.112,-0.202,1.604,1,0.092,-0.381,1.641,1,0.083,-0.385,1.617,2,0.255,0.146,1.591,2,0.290,-0.198,1.558,1,0.178,-0.270,1.671,1,0.152,-0.268,1.646,2,0.195,0.608,1.577,2,-0.384,0.076,1.471,2,-0.308,0.085,1.407,2,0.615,0.597,1.278,2,0.544,0.553,1.288,0,0,0,0,0
1.199|kb,7200080075270000,6,25,1,72057594037945517,2,0.185,0.148,1.629,2,0.191,0.416,1.603,2,0.196,0.670,1.567,2,0.144,0.773,1.516,2,0.011,0.582,1.604,2,-0.099,0.377,1.597,1,-0.258,0.199,1.504,2,-0.317,0.118,1.467,2,0.319,0.585,1.551,2,0.466,0.381,1.556,2,0.572,0.487,1.373,2,0.597,0.538,1.315,2,0.108,0.144,1.604,2,0.112,-0.202,1.604,1,0.096,-0.380,1.645,1,0.085,-0.385,1.619,2,0.255,0.146,1.591,2,0.290,-0.198,1.558,1,0.178,-0.269,1.671,1,0.152,-0.268,1.646,2,0.195,0.608,1.577,2,-0.380,0.076,1.473,2,-0.305,0.084,1.407,2,0.620,0.594,1.267,2,0.548,0.546,1.292,0,0,0,0,0
1.230|kb,7200083365770000,6,25,1,72057594037945517,2,0.185,0.148,1.629,2,0.191,0.416,1.603,2,0.196,0.670,1.566,2,0.144,0.773,1.516,2,0.011,0.582,1.603,2,-0.100,0.378,1.596,2,-0.279,0.171,1.473,2,-0.344,0.109,1.448,2,0.320,0.585,1.551,2,0.466,0.381,1.556,2,0.572,0.484,1.363,2,0.593,0.529,1.307,2,0.108,0.144,1.604,2,0.112,-0.202,1.604,1,0.098,-0.381,1.643,1,0.088,-0.385,1.617,2,0.255,0.146,1.591,2,0.290,-0.198,1.558,1,0.177,-0.268,1.671,1,0.152,-0.267,1.647,2,0.195,0.608,1.577,2,-0.402,0.072,1.431,2,-0.304,0.077,1.387,2,0.620,0.585,1.253,2,0.543,0.539,1.290,0,0,0,0,0
1.269|kb,7200086675050000,6,25,1,72057594037945517,2,0.185,0.148,1.629,2,0.191,0.416,1.603,2,0.197,0.670,1.566,2,0.145,0.773,1.516,2,0.011,0.582,1.603,2,-0.100,0.380,1.592,1,-0.257,0.208,1.488,2,-0.339,0.116,1.433,2,0.320,0.585,1.551,2,0.466,0.381,1.556,2,0.566,0.481,1.349,2,0.581,0.523,1.293,2,0.108,0.144,1.604,2,0.112,-0.201,1.604,1,0.098,-0.380,1.645,1,0.088,-0.385,1.619,2,0.255,0.146,1.591,2,0.290,-0.198,1.558,1,0.177,-0.267,1.671,1,0.152,-0.267,1.647,2,0.195,0.609,1.577,2,-0.398,0.073,1.408,2,-0.294,0.090,1.377,2,0.620,0.560,1.223,2,0.542,0.545,1.277,0,0,0,0,0
1.299|kb,7200090074480000,6,25,1,72057594037945517,2,0.185,0.148,1.629,2,0.191,0.416,1.603,2,0.197,0.670,1.566,2,0.145,0.773,1.516,2,0.011,0.582,1.603,2,-0.099,0.382,1.585,2,-0.253,0.211,1.474,2,-0.328,0.124,1.410,2,0.321,0.586,1.551,2,0.460,0.378,1.560,2,0.550,0.476,1.334,2,0.557,0.516,1.280,2,0.108,0.144,1.604,2,0.112,-0.201,1.604,1,0.102,-0.382,1.638,1,0.092,-0.387,1.611,2,0.255,0.146,1.591,2,0.290,-0.198,1.558,1,0.176,-0.266,1.671,1,0.152,-0.267,1.647,2,0.196,0.608,1.577,2,-0.389,0.086,1.383,2,-0.280,0.101,1.353,2,0.589,0.551,1.206,2,0.538,0.550,1.268,0,0,0,0,0
1.330|kb,7200093365830000,6,25,1,72057594037945517,2,0.185,0.148,1.629,2,0.191,0.416,1.603,2,0.197,0.670,1.566,2,0.145,0.773,1.516,2,0.011,0.582,1.603,2,-0.066,0.380,1.650,2,-0.217,0.201,1.462,2,-0.303,0.137,1.383,2,0.321,0.585,1.551,2,0.457,0.376,1.558,2,0.519,0.472,1.315,2,0.525,0.515,1.265,2,0.108,0.144,1.604,2,0.112,-0.201,1.604,1,0.088,-0.386,1.616,1,0.083,-0.389,1.599,2,0.255,0.146,1.591,2,0.290,-0.198,1.558,1,0.174,-0.266,1.669,1,0.151,-0.267,1.646,2,0.196,0.608,1.577,2,-0.362,0.105,1.341,2,-0.251,0.113,1.325,2,0.551,0.552,1.193,2,0.481,0.563,1.254,0,0,0,0,0
1.363|kb,7200096674850000,6,25,1,72057594037945517,2,0.185,0.148,1.630,2,0.191,0.416,1.603,2,0.197,0.670,1.566,2,0.145,0.773,1.517,2,0.011,0.582,1.603,2,-0.068,0.381,1.649,1,-0.204,0.231,1.444,2,-0.272,0.150,1.354,2,0.321,0.585,1.551,2,0.452,0.374,1.542,2,0.486,0.471,1.307,2,0.487,0.510,1.254,2,0.108,0.144,1.604,2,0.112,-0.201,1.604,1,0.095,-0.392,1.580,1,0.088,-0.393,1.566,2,0.255,0.147,1.591,2,0.290,-0.198,1.559,1,0.176,-0.267,1.671,1,0.152,-0.267,1.647,2,0.196,0.608,1.577,2,-0.333,0.124,1.305,2,-0.213,0.128,1.303,2,0.510,0.548,1.179,2,0.421,0.515,1.205,0,0,0,0,0
1.396|kb,7200100075090000,6,25,1,72057594037945517,2,0.185,0.148,1.630,2,0.191,0.416,1.603,2,0.197,0.670,1.566,2,0.146,0.774,1.517,2,0.011,0.582,1.603,2,-0.072,0.383,1.648,2,-0.188,0.238,1.429,2,-0.237,0.163,1.323,2,0.321,0.585,1.551,2,0.444,0.375,1.534,2,0.449,0.459,1.296,2,0.440,0.502,1.245,2,0.108,0.144,1.604,2,0.113,-0.201,1.604,1,0.073,-0.389,1.607,1,0.074,-0.390,1.581,2,0.255,0.147,1.591,2,0.290,-0.198,1.559,1,0.176,-0.266,1.671,1,0.152,-0.267,1.648,2,0.196,0.609,1.577,2,-0.287,0.140,1.252,2,-0.169,0.143,1.291,2,0.442,0.547,1.184,2,0.374,0.504,1.211,0,0,0,0,0
1.435|kb,7200103368200000,6,25,1,72057594037945517,2,0.185,0.148,1.630,2,0.191,0.416,1.603,2,0.197,0.670,1.566,2,0.146,0.774,1.518,2,0.012,0.583,1.603,2,-0.075,0.384,1.646,1,-0.148,0.255,1.415,2,-0.187,0.181,1.308,2,0.320,0.586,1.551,2,0.439,0.372,1.527,2,0.415,0.457,1.287,2,0.397,0.500,1.235,2,0.108,0.144,1.604,2,0.113,-0.201,1.604,1,0.092,-0.381,1.665,1,0.089,-0.384,1.624,2,0.255,0.147,1.591,2,0.291,-0.198,1.560,1,0.175,-0.266,1.671,1,0.153,-0.267,1.648,2,0.196,0.609,1.577,2,-0.238,0.161,1.237,2,-0.176,0.183,1.264,2,0.375,0.544,1.168,2,0.421,0.465,1.183,0,0,0,0,0
1.466|kb,7200106674910000,6,25,1,72057594037945517,2,0.185,0.148,1.630,2,0.191,0.416,1.603,2,0.197,0.670,1.566,2,0.146,0.775,1.518,2,0.012,0.583,1.603,2,-0.076,0.383,1.642,1,-0.145,0.258,1.413,2,-0.157,0.196,1.291,2,0.317,0.586,1.551,2,0.425,0.368,1.489,2,0.366,0.472,1.253,2,0.357,0.501,1.227,2,0.108,0.144,1.604,2,0.114,-0.201,1.603,1,0.093,-0.381,1.660,1,0.089,-0.384,1.624,2,0.255,0.146,1.591,2,0.291,-0.198,1.560,1,0.176,-0.262,1.674,1,0.154,-0.265,1.651,2,0.196,0.609,1.577,2,-0.195,0.187,1.215,2,-0.112,0.179,1.256,2,0.333,0.543,1.160,2,0.415,0.516,1.216,0,0,0,0,0
1.496|kb,7200110076900000,6,25,1,72057594037945517,2,0.185,0.148,1.630,2,0.191,0.416,1.603,2,0.197,0.670,1.566,2,0.147,0.775,1.519,2,0.012,0.583,1.603,2,-0.076,0.383,1.637,1,-0.142,0.264,1.410,2,-0.134,0.216,1.290,2,0.315,0.585,1.551,2,0.424,0.369,1.483,2,0.357,0.472,1.253,2,0.335,0.504,1.224,2,0.108,0.144,1.604,2,0.114,-0.201,1.603,1,0.094,-0.381,1.656,1,0.087,-0.384,1.619,2,0.255,0.146,1.591,2,0.291,-0.198,1.560,1,0.175,-0.262,1.673,1,0.153,-0.265,1.650,2,0.196,0.609,1.577,2,-0.170,0.212,1.208,2,-0.073,0.190,1.270,2,0.303,0.546,1.168,2,0.375,0.508,1.178,0,0,0,0,0
1.529|kb,7200113365700000,6,25,1,72057594037945517,2,0.185,0.148,1.630,2,0.191,0.416,1.603,2,0.198,0.670,1.566,2,0.147,0.776,1.520,2,0.013,0.583,1.603,2,-0.079,0.383,1.632,2,-0.102,0.253,1.361,2,-0.122,0.237,1.289,2,0.313,0.585,1.551,2,0.423,0.371,1.477,2,0.351,0.475,1.250,2,0.328,0.513,1.218,2,0.108,0.144,1.604,2,0.114,-0.201,1.603,1,0.103,-0.381,1.652,1,0.093,-0.385,1.618,2,0.255,0.146,1.591,2,0.291,-0.198,1.561,1,0.173,-0.261,1.673,1,0.153,-0.265,1.650,2,0.196,0.609,1.577,2,-0.145,0.238,1.212,2,-0.063,0.211,1.266,2,0.293,0.554,1.172,2,0.365,0.525,1.155,0,0,0,0,0
1.564|kb,7200116673010000,6,25,1,72057594037945517,2,0.185,0.148,1.630,2,0.191,0.416,1.603,2,0.198,0.671,1.566,2,0.147,0.777,1.521,2,0.013,0.583,1.602,2,-0.079,0.383,1.629,2,-0.107,0.261,1.354,2,-0.131,0.262,1.283,2,0.312,0.586,1.551,2,0.430,0.359,1.450,2,0.350,0.478,1.247,2,0.334,0.527,1.211,2,0.108,0.144,1.604,2,0.114,-0.201,1.603,1,0.107,-0.381,1.649,1,0.096,-0.386,1.617,2,0.255,0.146,1.591,2,0.290,-0.199,1.561,1,0.171,-0.263,1.671,1,0.151,-0.266,1.650,2,0.196,0.609,1.577,2,-0.130,0.263,1.192,2,-0.069,0.231,1.251,2,0.286,0.565,1.165,2,0.362,0.548,1.167,0,0,0,0,0
1.618|kb,7200123367040000,6,25,1,72057594037945517,2,0.185,0.148,1.630,2,0.192,0.416,1.603,2,0.198,0.671,1.566,2,0.147,0.778,1.523,2,0.017,0.584,1.601,2,-0.082,0.386,1.623,2,-0.151,0.292,1.347,2,-0.180,0.309,1.261,2,0.313,0.586,1.552,2,0.432,0.382,1.449,2,0.383,0.504,1.238,2,0.378,0.559,1.200,2,0.108,0.144,1.604,2,0.114,-0.201,1.603,1,0.100,-0.380,1.647,1,0.093,-0.386,1.616,2,0.255,0.146,1.591,2,0.290,-0.199,1.562,1,0.170,-0.264,1.671,1,0.151,-0.266,1.650,2,0.196,0.609,1.577,2,-0.208,0.316,1.170,2,-0.123,0.298,1.257,2,0.353,0.602,1.152,2,0.436,0.566,1.172,0,0,0,0,0
1.648|kb,7200126673830000,6,25,1,72057594037945517,2,0.185,0.148,1.629,2,0.192,0.416,1.603,2,0.198,0.671,1.566,2,0.147,0.779,1.523,2,0.017,0.584,1.601,2,-0.087,0.389,1.620,2,-0.174,0.310,1.375,2,-0.208,0.327,1.259,2,0.313,0.586,1.552,2,0.437,0.386,1.453,2,0.410,0.507,1.242,2,0.407,0.568,1.201,2,0.108,0.144,1.604,2,0.114,-0.201,1.603,1,0.097,-0.380,1.646,1,0.091,-0.385,1.615,2,0.255,0.146,1.591,2,0.289,-0.199,1.562,1,0.179,-0.273,1.675,1,0.156,-0.272,1.652,2,0.196,0.609,1.577,2,-0.240,0.335,1.174,2,-0.150,0.311,1.245,2,0.393,0.616,1.157,2,0.472,0.572,1.209,0,0,0,0,0
1.677|kb,7200130075060000,6,25,1,72057594037945517,2,0.185,0.148,1.629,2,0.191,0.416,1.603,2,0.196,0.672,1.568,2,0.147,0.780,1.524,2,0.017,0.584,1.601,2,-0.094,0.392,1.618,2,-0.204,0.338,1.342,2,-0.242,0.342,1.258,2,0.313,0.586,1.551,2,0.445,0.392,1.457,2,0.441,0.518,1.246,2,0.438,0.580,1.202,2,0.108,0.144,1.604,2,0.114,-0.201,1.603,1,0.097,-0.380,1.644,1,0.091,-0.386,1.615,2,0.255,0.146,1.591,2,0.289,-0.199,1.562,1,0.181,-0.274,1.677,1,0.157,-0.273,1.654,2,0.195,0.610,1.579,2,-0.278,0.352,1.173,2,-0.178,0.328,1.251,2,0.438,0.627,1.158,2,0.508,0.587,1.218,0,0,0,0,0
1.707|kb,7200133367570000,6,25,1,72057594037945517,2,0.185,0.148,1.629,2,0.191,0.416,1.603,2,0.195,0.672,1.569,2,0.147,0.780,1.524,2,0.017,0.584,1.601,2,-0.106,0.399,1.611,2,-0.220,0.341,1.338,2,-0.268,0.351,1.262,2,0.313,0.586,1.551,2,0.451,0.400,1.460,2,0.457,0.521,1.245,2,0.464,0.583,1.202,2,0.108,0.144,1.603,2,0.114,-0.201,1.603,1,0.093,-0.380,1.640,1,0.088,-0.386,1.613,2,0.254,0.146,1.591,2,0.289,-0.199,1.562,1,0.180,-0.275,1.674,1,0.156,-0.274,1.652,2,0.194,0.610,1.579,2,-0.303,0.364,1.179,2,-0.205,0.338,1.249,2,0.473,0.634,1.162,2,0.523,0.594,1.208,0,0,0,0,0
1.770|kb,7200136675090000,6,25,1,72057594037945517,2,0.184,0.148,1.629,2,0.190,0.417,1.604,2,0.193,0.672,1.570,2,0.147,0.781,1.524,2,0.016,0.585,1.601,2,-0.114,0.403,1.608,2,-0.244,0.348,1.341,2,-0.296,0.356,1.268,2,0.313,0.585,1.550,2,0.457,0.406,1.464,2,0.485,0.523,1.252,2,0.491,0.586,1.204,2,0.107,0.144,1.603,2,0.114,-0.201,1.603,1,0.081,-0.379,1.638,1,0.080,-0.385,1.611,2,0.254,0.147,1.591,2,0.289,-0.198,1.561,1,0.179,-0.273,1.673,1,0.156,-0.273,1.651,2,0.193,0.610,1.580,2,-0.334,0.368,1.192,2,-0.279,0.370,1.215,2,0.516,0.633,1.151,2,0.556,0.591,1.206,0,0,0,0,0
1.803|kb,7200140074130000,6,25,1,72057594037945517,2,0.184,0.148,1.628,2,0.190,0.416,1.603,2,0.194,0.672,1.570,2,0.147,0.781,1.524,2,0.015,0.585,1.601,2,-0.118,0.406,1.607,2,-0.262,0.355,1.347,2,-0.317,0.360,1.275,2,0.313,0.585,1.550,2,0.461,0.409,1.467,2,0.499,0.519,1.257,2,0.511,0.579,1.206,2,0.107,0.144,1.603,2,0.113,-0.201,1.602,1,0.084,-0.380,1.637,1,0.082,-0.385,1.611,2,0.253,0.147,1.590,2,0.289,-0.198,1.560,1,0.178,-0.272,1.673,1,0.156,-0.273,1.650,2,0.193,0.610,1.580,2,-0.354,0.374,1.202,2,-0.252,0.348,1.261,2,0.525,0.634,1.164,2,0.573,0.569,1.219,0,0,0,0,0
1.840|kb,7200146674940000,6,25,1,72057594037945517,2,0.182,0.149,1.626,2,0.188,0.416,1.602,2,0.192,0.672,1.569,2,0.147,0.781,1.523,2,0.014,0.585,1.601,2,-0.122,0.409,1.610,2,-0.285,0.361,1.360,2,-0.351,0.372,1.289,2,0.313,0.585,1.549,2,0.470,0.409,1.476,2,0.535,0.512,1.250,2,0.553,0.554,1.205,2,0.105,0.145,1.600,2,0.109,-0.201,1.601,1,0.089,-0.380,1.636,1,0.083,-0.385,1.611,2,0.251,0.147,1.588,2,0.288,-0.198,1.559,1,0.174,-0.273,1.667,1,0.152,-0.274,1.645,2,0.192,0.610,1.579,2,-0.393,0.386,1.223,2,-0.287,0.359,1.275,2,0.558,0.614,1.151,2,0.593,0.541,1.209,0,0,0,0,0
1.900|kb,7200150074660000,6,25,1,72057594037945517,2,0.181,0.149,1.624,2,0.188,0.416,1.601,2,0.192,0.671,1.568,2,0.146,0.781,1.523,2,0.014,0.585,1.601,2,-0.124,0.410,1.611,2,-0.293,0.364,1.366,2,-0.363,0.378,1.293,2,0.313,0.585,1.549,2,0.472,0.407,1.482,2,0.556,0.470,1.284,2,0.575,0.532,1.204,2,0.104,0.145,1.599,2,0.107,-0.201,1.599,1,0.091,-0.381,1.634,1,0.084,-0.386,1.610,2,0.250,0.147,1.586,2,0.287,-0.198,1.558,1,0.162,-0.276,1.653,1,0.144,-0.276,1.636,2,0.192,0.609,1.578,2,-0.403,0.394,1.226,2,-0.298,0.364,1.279,2,0.592,0.587,1.155,2,0.610,0.514,1.219,0,0,0,0,0
1.935|kb,7200153366230000,6,25,1,72057594037945517,2,0.180,0.149,1.623,2,0.188,0.416,1.600,2,0.193,0.671,1.568,2,0.145,0.781,1.522,2,0.013,0.585,1.601,2,-0.127,0.409,1.612,2,-0.302,0.367,1.371,2,-0.372,0.385,1.301,2,0.313,0.585,1.549,2,0.474,0.407,1.488,2,0.568,0.456,1.291,2,0.600,0.504,1.211,2,0.103,0.145,1.597,2,0.106,-0.201,1.598,1,0.091,-0.381,1.632,1,0.084,-0.386,1.608,2,0.249,0.147,1.584,2,0.286,-0.198,1.557,1,0.161,-0.275,1.654,1,0.143,-0.274,1.634,2,0.192,0.609,1.578,2,-0.410,0.403,1.238,2,-0.311,0.353,1.268,2,0.629,0.549,1.163,2,0.631,0.491,1.226,0,0,0,0,0
1.965|kb,7200156672730000,6,25,1,72057594037945517,2,0.179,0.149,1.622,2,0.187,0.416,1.599,2,0.193,0.671,1.567,2,0.145,0.782,1.521,2,0.013,0.585,1.601,2,-0.130,0.409,1.614,2,-0.310,0.371,1.375,2,-0.382,0.393,1.305,2,0.313,0.585,1.548,2,0.475,0.406,1.496,2,0.594,0.421,1.307,2,0.624,0.474,1.219,2,0.103,0.145,1.596,2,0.104,-0.201,1.597,1,0.093,-0.382,1.629,1,0.085,-0.387,1.602,2,0.248,0.147,1.583,2,0.286,-0.198,1.557,1,0.162,-0.275,1.655,1,0.143,-0.274,1.634,2,0.192,0.609,1.577,2,-0.425,0.409,1.244,2,-0.319,0.364,1.278,2,0.651,0.512,1.157,2,0.659,0.475,1.215,0,0,0,0,0
1.996|kb,7200160073480000,6,25,1,72057594037945517,2,0.178,0.149,1.621,2,0.186,0.416,1.599,2,0.192,0.671,1.567,2,0.144,0.782,1.520,2,0.012,0.585,1.601,2,-0.134,0.409,1.614,2,-0.319,0.376,1.378,2,-0.388,0.400,1.308,2,0.313,0.585,1.548,2,0.474,0.406,1.510,2,0.594,0.412,1.321,2,0.639,0.439,1.239,2,0.101,0.145,1.595,2,0.103,-0.201,1.596,1,0.095,-0.382,1.628,1,0.087,-0.387,1.601,2,0.247,0.147,1.582,2,0.286,-0.197,1.556,1,0.163,-0.274,1.656,1,0.143,-0.274,1.634,2,0.191,0.609,1.576,2,-0.428,0.420,1.247,2,-0.328,0.373,1.280,2,0.674,0.471,1.172,2,0.680,0.446,1.213,0,0,0,0,0
2.029|kb,7200163366290000,6,25,1,72057594037945517,2,0.176,0.149,1.619,2,0.185,0.416,1.598,2,0.192,0.671,1.566,2,0.142,0.781,1.519,2,0.011,0.585,1.600,2,-0.140,0.409,1.614,2,-0.327,0.381,1.380,2,-0.398,0.409,1.309,2,0.313,0.585,1.548,2,0.474,0.406,1.513,2,0.623,0.396,1.323,2,0.660,0.411,1.251,2,0.100,0.145,1.593,2,0.102,-0.200,1.595,1,0.090,-0.382,1.626,1,0.084,-0.387,1.599,2,0.245,0.147,1.581,2,0.285,-0.197,1.554,1,0.161,-0.271,1.656,1,0.141,-0.272,1.633,2,0.191,0.609,1.576,2,-0.440,0.432,1.250,2,-0.339,0.382,1.280,2,0.685,0.420,1.177,2,0.697,0.432,1.199,0,0,0,0,0
2.064|kb,7200166672410000,6,25,1,72057594037945517,2,0.175,0.149,1.618,2,0.185,0.416,1.597,2,0.192,0.671,1.566,2,0.141,0.781,1.518,2,0.010,0.585,1.600,2,-0.149,0.410,1.612,2,-0.339,0.389,1.380,2,-0.412,0.420,1.308,2,0.312,0.585,1.547,2,0.475,0.409,1.517,2,0.633,0.383,1.334,2,0.677,0.385,1.275,2,0.098,0.145,1.592,2,0.101,-0.200,1.593,1,0.071,-0.381,1.620,1,0.071,-0.386,1.595,2,0.244,0.147,1.580,2,0.284,-0.197,1.553,1,0.169,-0.278,1.658,1,0.146,-0.277,1.633,2,0.190,0.609,1.575,2,-0.455,0.444,1.251,2,-0.358,0.388,1.277,2,0.711,0.391,1.202,2,0.689,0.378,1.268,0,0,0,0,0
2.103|kb,7200170076110000,6,25,1,72057594037945517,2,0.173,0.149,1.617,2,0.184,0.416,1.596,2,0.191,0.671,1.565,2,0.140,0.781,1.518,2,0.010,0.585,1.599,2,-0.157,0.414,1.611,2,-0.353,0.396,1.383,2,-0.432,0.434,1.307,2,0.311,0.585,1.546,2,0.476,0.412,1.521,2,0.642,0.349,1.388,2,0.697,0.363,1.296,2,0.097,0.145,1.591,2,0.101,-0.200,1.592,1,0.064,-0.382,1.616,1,0.063,-0.386,1.592,2,0.243,0.147,1.579,2,0.284,-0.197,1.552,1,0.170,-0.280,1.658,1,0.147,-0.279,1.633,2,0.190,0.609,1.574,2,-0.477,0.457,1.254,2,-0.444,0.454,1.237,2,0.733,0.362,1.223,2,0.696,0.347,1.303,0,0,0,0,0
2.134|kb,7200173366830000,6,25,1,72057594037945517,2,0.172,0.149,1.615,2,0.181,0.416,1.595,2,0.188,0.671,1.564,2,0.139,0.782,1.517,2,0.001,0.586,1.595,2,-0.164,0.419,1.609,2,-0.357,0.404,1.399,2,-0.445,0.445,1.310,2,0.311,0.585,1.546,2,0.479,0.414,1.523,2,0.645,0.345,1.393,2,0.697,0.342,1.339,2,0.096,0.145,1.589,2,0.101,-0.200,1.591,1,0.064,-0.381,1.618,1,0.062,-0.385,1.592,2,0.242,0.147,1.577,2,0.283,-0.197,1.551,1,0.172,-0.280,1.659,1,0.147,-0.279,1.633,2,0.187,0.609,1.574,2,-0.489,0.473,1.255,2,-0.394,0.414,1.279,2,0.739,0.328,1.267,2,0.715,0.322,1.307,0,0,0,0,0
2.163|kb,7200176674950000,6,25,1,72057594037945517,2,0.171,0.149,1.614,2,0.180,0.416,1.594,2,0.186,0.671,1.564,2,0.138,0.782,1.515,2,-0.003,0.586,1.593,2,-0.174,0.426,1.605,2,-0.359,0.411,1.415,2,-0.462,0.459,1.311,2,0.310,0.585,1.545,2,0.482,0.416,1.525,2,0.651,0.338,1.404,2,0.708,0.323,1.358,2,0.095,0.145,1.588,2,0.101,-0.200,1.590,1,0.058,-0.380,1.615,1,0.055,-0.384,1.586,2,0.241,0.147,1.576,2,0.282,-0.197,1.550,1,0.172,-0.280,1.659,1,0.147,-0.279,1.632,2,0.185,0.609,1.573,2,-0.510,0.486,1.258,2,-0.416,0.428,1.277,2,0.752,0.298,1.293,2,0.683,0.303,1.385,0,0,0,0,0
2.196|kb,7200180073990000,6,25,1,72057594037945517,2,0.170,0.150,1.612,2,0.177,0.417,1.592,2,0.182,0.671,1.562,2,0.136,0.782,1.514,2,-0.005,0.586,1.591,2,-0.180,0.433,1.602,2,-0.362,0.418,1.430,2,-0.477,0.471,1.314,2,0.310,0.585,1.545,2,0.485,0.416,1.527,2,0.656,0.327,1.418,2,0.714,0.305,1.374,2,0.094,0.146,1.586,2,0.101,-0.199,1.588,1,0.060,-0.381,1.611,1,0.054,-0.384,1.583,2,0.240,0.148,1.575,2,0.282,-0.196,1.550,1,0.173,-0.282,1.658,1,0.148,-0.281,1.632,2,0.181,0.610,1.571,2,-0.527,0.502,1.261,2,-0.433,0.443,1.279,2,0.761,0.271,1.313,2,0.694,0.290,1.392,0,0,0,0,0
2.228|kb,7200183365940000,6,25,1,72057594037945517,2,0.170,0.150,1.611,2,0.177,0.417,1.591,2,0.182,0.671,1.562,2,0.136,0.781,1.513,2,-0.004,0.586,1.591,2,-0.192,0.440,1.598,2,-0.366,0.426,1.441,2,-0.489,0.481,1.320,2,0.309,0.586,1.544,2,0.486,0.415,1.531,2,0.658,0.315,1.436,2,0.714,0.287,1.396,2,0.093,0.146,1.585,2,0.101,-0.199,1.587,1,0.060,-0.381,1.608,1,0.055,-0.384,1.579,2,0.239,0.148,1.573,2,0.282,-0.196,1.549,1,0.172,-0.280,1.658,1,0.148,-0.281,1.631,2,0.181,0.609,1.571,2,-0.540,0.515,1.273,2,-0.468,0.451,1.270,2,0.761,0.240,1.339,2,0.709,0.269,1.395,0,0,0,0,0
2.261|kb,7200186673510000,6,25,1,72057594037945517,2,0.169,0.150,1.610,2,0.176,0.417,1.590,2,0.179,0.671,1.560,2,0.135,0.781,1.512,2,-0.008,0.585,1.588,2,-0.199,0.448,1.594,2,-0.370,0.434,1.451,2,-0.520,0.498,1.313,2,0.309,0.586,1.543,2,0.486,0.414,1.537,2,0.657,0.303,1.451,2,0.716,0.262,1.408,2,0.093,0.146,1.583,2,0.101,-0.199,1.585,1,0.090,-0.384,1.617,1,0.074,-0.386,1.584,2,0.238,0.148,1.572,2,0.281,-0.195,1.549,1,0.172,-0.279,1.658,1,0.148,-0.281,1.631,2,0.179,0.609,1.569,2,-0.573,0.522,1.272,2,-0.484,0.466,1.265,2,0.761,0.204,1.352,2,0.685,0.259,1.435,0,0,0,0,0
2.296|kb,7200190075840000,6,25,1,72057594037945517,2,0.169,0.151,1.609,2,0.175,0.417,1.589,2,0.178,0.671,1.559,2,0.134,0.781,1.511,2,-0.011,0.586,1.587,2,-0.207,0.458,1.591,2,-0.383,0.446,1.456,2,-0.527,0.511,1.316,2,0.309,0.586,1.543,2,0.484,0.411,1.548,2,0.652,0.292,1.469,2,0.715,0.246,1.422,2,0.093,0.146,1.582,2,0.100,-0.199,1.584,1,0.076,-0.385,1.597,1,0.061,-0.387,1.564,2,0.238,0.149,1.571,2,0.281,-0.195,1.549,1,0.171,-0.279,1.657,1,0.148,-0.280,1.630,2,0.177,0.609,1.568,2,-0.580,0.539,1.274,2,-0.494,0.490,1.266,2,0.757,0.188,1.365,2,0.670,0.248,1.457,0,0,0,0,0
2.328|kb,7200193365620000,6,25,1,72057594037945517,2,0.168,0.151,1.608,2,0.174,0.417,1.588,2,0.177,0.670,1.559,2,0.134,0.781,1.510,2,-0.014,0.586,1.584,2,-0.214,0.470,1.588,2,-0.394,0.462,1.457,2,-0.523,0.526,1.318,2,0.309,0.587,1.543,2,0.483,0.408,1.554,2,0.650,0.289,1.475,2,0.706,0.249,1.436,2,0.092,0.146,1.581,2,0.099,-0.199,1.582,1,0.094,-0.384,1.618,1,0.076,-0.386,1.581,2,0.238,0.149,1.570,2,0.282,-0.194,1.549,1,0.171,-0.278,1.656,1,0.148,-0.280,1.630,2,0.177,0.609,1.568,2,-0.569,0.553,1.281,2,-0.497,0.515,1.264,2,0.750,0.183,1.366,2,0.662,0.239,1.457,0,0,0,0,0
2.363|kb,7200196672890000,6,25,1,72057594037945517,2,0.168,0.151,1.607,2,0.174,0.417,1.587,2,0.176,0.669,1.558,2,0.133,0.781,1.510,2,-0.017,0.586,1.583,2,-0.227,0.476,1.592,2,-0.422,0.513,1.425,2,-0.472,0.533,1.365,2,0.308,0.587,1.543,2,0.482,0.407,1.558,2,0.649,0.289,1.476,2,0.710,0.253,1.432,2,0.092,0.146,1.581,2,0.099,-0.199,1.581,1,0.080,-0.385,1.602,1,0.065,-0.387,1.567,2,0.238,0.150,1.569,2,0.282,-0.194,1.548,1,0.172,-0.277,1.657,1,0.148,-0.280,1.630,2,0.176,0.608,1.567,2,-0.509,0.555,1.289,2,-0.459,0.503,1.324,2,0.765,0.191,1.388,2,0.763,0.188,1.398,0,0,0,0,0
2.396|kb,7200200076120000,6,25,1,72057594037945517,2,0.168,0.151,1.607,2,0.174,0.417,1.587,2,0.178,0.669,1.557,2,0.133,0.781,1.509,2,-0.015,0.586,1.584,2,-0.226,0.483,1.593,2,-0.413,0.526,1.429,2,-0.452,0.555,1.382,2,0.308,0.587,1.544,2,0.481,0.409,1.559,2,0.649,0.293,1.474,2,0.706,0.282,1.422,2,0.092,0.147,1.580,2,0.099,-0.199,1.580,1,0.096,-0.384,1.611,1,0.080,-0.387,1.575,2,0.238,0.150,1.569,2,0.281,-0.194,1.547,1,0.174,-0.277,1.658,1,0.150,-0.280,1.630,2,0.177,0.608,1.567,2,-0.498,0.571,1.296,2,-0.430,0.497,1.376,2,0.760,0.231,1.371,2,0.658,0.267,1.427,0,0,0,0,0
2.434|kb,7200203365760000,6,25,1,72057594037945517,2,0.168,0.152,1.606,2,0.173,0.417,1.587,2,0.177,0.670,1.558,2,0.132,0.782,1.509,2,-0.023,0.586,1.580,2,-0.244,0.540,1.555,2,-0.420,0.565,1.422,2,-0.419,0.575,1.407,2,0.308,0.587,1.545,2,0.482,0.413,1.557,2,0.654,0.324,1.450,2,0.704,0.318,1.397,2,0.092,0.147,1.580,2,0.100,-0.198,1.578,1,0.075,-0.385,1.593,1,0.066,-0.387,1.560,2,0.237,0.151,1.569,2,0.281,-0.193,1.547,1,0.175,-0.277,1.658,1,0.151,-0.280,1.631,2,0.176,0.609,1.567,2,-0.466,0.611,1.309,2,-0.416,0.527,1.385,2,0.756,0.287,1.328,2,0.681,0.285,1.356,0,0,0,0,0
2.465|kb,7200206672690000,6,25,1,72057594037945517,2,0.167,0.153,1.606,2,0.173,0.418,1.587,2,0.177,0.670,1.558,2,0.131,0.782,1.509,2,-0.027,0.589,1.578,2,-0.246,0.546,1.550,2,-0.412,0.594,1.411,2,-0.408,0.611,1.393,2,0.307,0.588,1.546,2,0.483,0.415,1.559,2,0.653,0.361,1.427,2,0.717,0.367,1.346,2,0.091,0.148,1.579,2,0.101,-0.198,1.578,1,0.072,-0.384,1.592,1,0.090,-0.390,1.579,2,0.237,0.152,1.569,2,0.281,-0.192,1.546,1,0.176,-0.277,1.658,1,0.152,-0.279,1.630,2,0.176,0.609,1.567,2,-0.441,0.630,1.326,2,-0.417,0.573,1.356,2,0.764,0.356,1.284,2,0.678,0.337,1.334,0,0,0,0,0
2.496|kb,7200210073870000,6,25,1,72057594037945517,2,0.165,0.155,1.606,2,0.172,0.419,1.587,2,0.177,0.671,1.558,2,0.131,0.782,1.509,2,-0.030,0.591,1.576,2,-0.255,0.570,1.529,2,-0.342,0.612,1.431,2,-0.383,0.638,1.391,2,0.306,0.589,1.547,2,0.495,0.429,1.548,2,0.652,0.411,1.391,2,0.714,0.436,1.297,2,0.088,0.150,1.578,2,0.102,-0.195,1.577,1,0.098,-0.381,1.611,1,0.083,-0.383,1.573,2,0.235,0.154,1.569,2,0.281,-0.190,1.546,1,0.178,-0.276,1.658,1,0.153,-0.279,1.630,2,0.176,0.609,1.567,2,-0.420,0.667,1.316,2,-0.384,0.584,1.376,2,0.759,0.442,1.237,2,0.672,0.387,1.228,0,0,0,0,0
2.529|kb,7200213365740000,6,25,1,72057594037945517,2,0.163,0.156,1.606,2,0.171,0.420,1.588,2,0.177,0.671,1.559,2,0.130,0.783,1.509,2,-0.033,0.593,1.575,2,-0.253,0.585,1.518,2,-0.321,0.624,1.433,2,-0.356,0.654,1.395,2,0.305,0.590,1.549,2,0.475,0.437,1.544,2,0.626,0.468,1.366,2,0.658,0.494,1.316,2,0.086,0.151,1.578,2,0.103,-0.194,1.576,1,0.098,-0.379,1.613,1,0.084,-0.382,1.575,2,0.233,0.155,1.570,2,0.282,-0.188,1.545,1,0.179,-0.274,1.658,1,0.154,-0.277,1.630,2,0.176,0.610,1.568,2,-0.385,0.699,1.321,2,-0.365,0.606,1.361,2,0.700,0.532,1.233,2,0.629,0.444,1.275,0,0,0,0,0
2.562|kb,7200216674890000,6,25,1,72057594037945517,2,0.161,0.158,1.606,2,0.170,0.421,1.588,2,0.177,0.672,1.560,2,0.130,0.784,1.511,2,-0.036,0.595,1.574,2,-0.249,0.605,1.502,2,-0.296,0.637,1.433,2,-0.330,0.667,1.395,2,0.304,0.591,1.551,2,0.476,0.447,1.534,2,0.613,0.490,1.359,2,0.618,0.536,1.315,2,0.084,0.153,1.578,2,0.104,-0.192,1.575,1,0.097,-0.377,1.613,1,0.086,-0.379,1.575,2,0.231,0.157,1.571,2,0.281,-0.186,1.545,1,0.180,-0.274,1.658,1,0.155,-0.277,1.630,2,0.175,0.611,1.569,2,-0.355,0.702,1.321,2,-0.342,0.615,1.378,2,0.642,0.581,1.249,2,0.608,0.498,1.269,0,0,0,0,0
2.603|kb,7200220073930000,6,25,1,72057594037945517,2,0.159,0.160,1.607,2,0.170,0.423,1.589,2,0.178,0.674,1.563,2,0.129,0.785,1.512,2,-0.038,0.599,1.573,2,-0.243,0.624,1.487,1,-0.329,0.751,1.303,1,-0.347,0.793,1.249,2,0.304,0.592,1.552,2,0.498,0.505,1.482,2,0.547,0.536,1.380,2,0.578,0.556,1.325,2,0.083,0.155,1.578,2,0.103,-0.191,1.574,1,0.096,-0.375,1.613,1,0.086,-0.378,1.576,2,0.230,0.158,1.572,2,0.281,-0.185,1.544,1,0.189,-0.333,1.606,1,0.167,-0.324,1.587,2,0.176,0.613,1.571,1,-0.372,0.827,1.176,1,-0.359,0.739,1.234,2,0.597,0.588,1.228,2,0.574,0.510,1.263,0,0,0,0,0
2.635|kb,7200223366310000,6,25,1,72057594037945517,2,0.158,0.160,1.607,2,0.169,0.424,1.590,2,0.178,0.675,1.565,2,0.129,0.785,1.514,2,-0.039,0.601,1.572,2,-0.235,0.638,1.471,1,-0.284,0.766,1.276,1,-0.289,0.807,1.220,2,0.304,0.592,1.552,2,0.494,0.524,1.455,2,0.532,0.544,1.378,2,0.550,0.561,1.327,2,0.081,0.155,1.577,2,0.104,-0.190,1.573,1,0.094,-0.374,1.612,1,0.085,-0.377,1.576,2,0.229,0.159,1.572,2,0.281,-0.184,1.544,1,0.185,-0.322,1.614,1,0.167,-0.324,1.586,2,0.176,0.614,1.573,1,-0.314,0.841,1.146,1,-0.302,0.753,1.204,2,0.566,0.603,1.251,2,0.549,0.552,1.239,0,0,0,0,0
2.665|kb,7200226673410000,6,25,1,72057594037945517,2,0.157,0.161,1.607,2,0.168,0.424,1.591,2,0.176,0.676,1.566,2,0.129,0.785,1.516,2,-0.039,0.602,1.573,2,-0.226,0.650,1.458,1,-0.226,0.779,1.263,1,-0.216,0.820,1.207,2,0.303,0.594,1.552,2,0.482,0.553,1.421,2,0.500,0.587,1.353,2,0.519,0.620,1.297,2,0.080,0.156,1.577,2,0.103,-0.189,1.572,1,0.093,-0.372,1.613,1,0.085,-0.376,1.576,2,0.228,0.159,1.572,2,0.280,-0.184,1.544,1,0.174,-0.309,1.618,1,0.161,-0.319,1.586,2,0.174,0.615,1.574,1,-0.242,0.853,1.133,1,-0.230,0.765,1.191,2,0.522,0.666,1.231,2,0.511,0.626,1.249,0,0,0,0,0
2.695|kb,7200230074800000,6,25,1,72057594037945517,2,0.156,0.161,1.606,2,0.167,0.425,1.591,2,0.175,0.676,1.567,2,0.129,0.785,1.518,2,-0.038,0.604,1.573,2,-0.214,0.657,1.443,1,-0.141,0.787,1.276,1,-0.107,0.828,1.230,2,0.302,0.594,1.552,2,0.467,0.575,1.397,1,0.501,0.683,1.205,1,0.481,0.707,1.230,2,0.079,0.157,1.576,2,0.100,-0.189,1.571,1,0.095,-0.372,1.612,1,0.087,-0.375,1.576,2,0.227,0.159,1.571,2,0.280,-0.183,1.543,1,0.165,-0.301,1.620,1,0.157,-0.316,1.585,2,0.173,0.615,1.575,1,-0.133,0.861,1.157,1,-0.123,0.773,1.214,1,0.479,0.704,1.220,1,0.474,0.712,1.182,0,0,0,0,0
2.729|kb,7200233365430000,6,25,1,72057594037945517,2,0.156,0.161,1.606,2,0.166,0.425,1.591,2,0.174,0.677,1.569,2,0.129,0.786,1.520,2,-0.036,0.607,1.574,2,-0.196,0.666,1.425,1,-0.097,0.808,1.287,1,-0.055,0.852,1.253,2,0.299,0.595,1.552,2,0.448,0.591,1.380,1,0.431,0.740,1.204,1,0.417,0.791,1.157,2,0.078,0.157,1.576,2,0.097,-0.188,1.570,1,0.094,-0.371,1.610,1,0.087,-0.375,1.576,2,0.227,0.160,1.571,2,0.279,-0.183,1.543,1,0.163,-0.297,1.623,1,0.155,-0.314,1.586,2,0.172,0.616,1.576,1,-0.082,0.885,1.179,1,-0.071,0.797,1.237,1,0.415,0.788,1.147,1,0.410,0.794,1.110,0,0,0,0,0
2.769|kb,7200236672950000,6,25,1,72057594037945517,2,0.155,0.161,1.605,2,0.165,0.425,1.592,2,0.173,0.676,1.570,2,0.130,0.786,1.522,2,-0.032,0.607,1.575,2,-0.180,0.669,1.414,1,-0.347,0.742,1.237,1,-0.395,0.764,1.189,2,0.298,0.596,1.552,2,0.433,0.601,1.368,1,0.352,0.755,1.229,1,0.318,0.807,1.196,2,0.078,0.157,1.576,2,0.096,-0.189,1.570,1,0.092,-0.372,1.609,1,0.086,-0.376,1.575,2,0.226,0.159,1.570,2,0.277,-0.184,1.541,1,0.164,-0.298,1.625,1,0.155,-0.315,1.587,2,0.171,0.615,1.577,1,-0.419,0.797,1.116,1,-0.406,0.710,1.174,1,0.317,0.804,1.186,1,0.313,0.810,1.149,0,0,0,0,0
