0.000|kb,14519874802530000,6,25,1,72057594037931040,2,-0.046,-0.054,1.506,2,-0.057,0.274,1.535,2,-0.067,0.583,1.553,2,-0.033,0.731,1.524,2,-0.210,0.473,1.515,2,-0.285,0.232,1.502,2,-0.284,0.004,1.403,2,-0.286,-0.053,1.384,2,0.106,0.450,1.578,2,0.154,0.199,1.571,2,0.186,-0.017,1.466,2,0.181,-0.074,1.435,2,-0.121,-0.050,1.453,2,-0.154,-0.404,1.436,2,-0.165,-0.781,1.432,2,-0.234,-0.779,1.425,2,0.032,-0.054,1.482,2,0.046,-0.428,1.453,2,0.062,-0.782,1.461,1,0.085,-0.784,1.326,2,-0.065,0.508,1.551,2,-0.272,-0.112,1.372,2,-0.256,-0.066,1.358,2,0.179,-0.144,1.403,2,0.183,-0.120,1.451,0,0,0,0,0
0.044|kb,14519881512080000,6,25,1,72057594037931040,2,-0.046,-0.054,1.507,2,-0.057,0.274,1.536,2,-0.067,0.583,1.553,2,-0.033,0.731,1.524,2,-0.210,0.473,1.515,2,-0.286,0.233,1.503,2,-0.286,0.004,1.403,2,-0.291,-0.054,1.382,2,0.106,0.450,1.578,2,0.154,0.200,1.571,2,0.186,-0.017,1.465,2,0.183,-0.073,1.435,2,-0.121,-0.050,1.453,2,-0.154,-0.404,1.436,2,-0.165,-0.781,1.432,2,-0.234,-0.779,1.425,2,0.031,-0.054,1.483,2,0.046,-0.427,1.453,2,0.062,-0.782,1.461,1,0.085,-0.784,1.326,2,-0.065,0.508,1.551,2,-0.278,-0.112,1.370,2,-0.258,-0.076,1.365,2,0.179,-0.145,1.404,2,0.149,-0.085,1.455,0,0,0,0,0
0.080|kb,14519884804930000,6,25,1,72057594037931040,2,-0.046,-0.053,1.507,2,-0.057,0.274,1.536,2,-0.067,0.583,1.553,2,-0.033,0.731,1.524,2,-0.210,0.474,1.515,2,-0.287,0.234,1.503,2,-0.289,0.005,1.402,2,-0.294,-0.053,1.379,2,0.106,0.450,1.578,2,0.154,0.200,1.571,2,0.186,-0.017,1.465,2,0.183,-0.072,1.435,2,-0.121,-0.050,1.454,2,-0.154,-0.404,1.436,2,-0.165,-0.781,1.432,2,-0.234,-0.779,1.425,2,0.031,-0.054,1.483,2,0.046,-0.428,1.453,2,0.062,-0.782,1.461,1,0.085,-0.784,1.326,2,-0.065,0.508,1.551,2,-0.279,-0.112,1.368,2,-0.263,-0.075,1.349,2,0.181,-0.144,1.403,2,0.132,-0.066,1.445,0,0,0,0,0
0.114|kb,14519888112240000,6,25,1,72057594037931040,2,-0.046,-0.053,1.507,2,-0.058,0.274,1.536,2,-0.068,0.584,1.553,2,-0.033,0.731,1.524,2,-0.209,0.474,1.515,2,-0.288,0.234,1.503,2,-0.292,0.007,1.401,2,-0.297,-0.053,1.377,2,0.106,0.449,1.577,2,0.154,0.200,1.571,2,0.185,-0.014,1.466,2,0.183,-0.073,1.435,2,-0.121,-0.050,1.454,2,-0.155,-0.404,1.437,2,-0.165,-0.781,1.431,2,-0.234,-0.779,1.425,2,0.031,-0.054,1.484,2,0.046,-0.428,1.453,2,0.062,-0.782,1.461,1,0.085,-0.784,1.326,2,-0.065,0.509,1.551,2,-0.282,-0.112,1.366,2,-0.266,-0.074,1.352,2,0.181,-0.145,1.402,2,0.136,-0.072,1.447,0,0,0,0,0
0.146|kb,14519891512640000,6,25,1,72057594037931040,2,-0.046,-0.053,1.508,2,-0.058,0.274,1.536,2,-0.068,0.584,1.553,2,-0.033,0.731,1.524,2,-0.211,0.473,1.516,2,-0.289,0.235,1.504,2,-0.294,0.008,1.400,2,-0.300,-0.053,1.377,2,0.106,0.449,1.577,2,0.154,0.200,1.571,2,0.185,-0.013,1.466,2,0.184,-0.073,1.436,2,-0.122,-0.050,1.454,2,-0.155,-0.404,1.437,2,-0.165,-0.781,1.432,2,-0.234,-0.779,1.425,2,0.031,-0.054,1.484,2,0.046,-0.428,1.453,2,0.062,-0.782,1.461,1,0.085,-0.784,1.326,2,-0.065,0.509,1.551,2,-0.287,-0.111,1.364,2,-0.269,-0.076,1.352,2,0.182,-0.145,1.405,2,0.185,-0.122,1.451,0,0,0,0,0
0.188|kb,14519894804810000,6,25,1,72057594037931040,2,-0.046,-0.053,1.508,2,-0.058,0.274,1.536,2,-0.068,0.584,1.553,2,-0.034,0.731,1.524,2,-0.211,0.472,1.516,2,-0.291,0.235,1.503,2,-0.296,0.009,1.400,2,-0.303,-0.053,1.375,2,0.106,0.449,1.577,2,0.154,0.200,1.571,2,0.185,-0.011,1.466,2,0.185,-0.073,1.436,2,-0.122,-0.050,1.455,2,-0.155,-0.404,1.437,2,-0.165,-0.781,1.432,2,-0.234,-0.778,1.425,2,0.031,-0.054,1.484,2,0.046,-0.428,1.453,2,0.062,-0.782,1.461,1,0.085,-0.784,1.326,2,-0.065,0.509,1.551,2,-0.290,-0.109,1.362,2,-0.271,-0.079,1.352,2,0.182,-0.145,1.404,2,0.132,-0.063,1.445,0,0,0,0,0
0.226|kb,14519898112240000,6,25,1,72057594037931040,2,-0.047,-0.054,1.508,2,-0.058,0.274,1.536,2,-0.068,0.584,1.553,2,-0.034,0.732,1.524,2,-0.212,0.472,1.516,2,-0.292,0.236,1.503,2,-0.299,0.010,1.399,2,-0.306,-0.053,1.373,2,0.106,0.449,1.577,2,0.154,0.200,1.571,2,0.186,-0.009,1.467,2,0.186,-0.073,1.435,2,-0.122,-0.050,1.455,2,-0.155,-0.404,1.437,2,-0.164,-0.781,1.431,2,-0.234,-0.778,1.425,2,0.031,-0.054,1.484,2,0.046,-0.428,1.453,2,0.062,-0.782,1.461,1,0.085,-0.784,1.326,2,-0.065,0.509,1.551,2,-0.292,-0.109,1.361,2,-0.275,-0.075,1.345,2,0.182,-0.145,1.404,2,0.132,-0.065,1.445,0,0,0,0,0
0.256|kb,14519901511070000,6,25,1,72057594037931040,2,-0.047,-0.054,1.508,2,-0.058,0.274,1.537,2,-0.068,0.584,1.553,2,-0.034,0.732,1.524,2,-0.212,0.471,1.516,2,-0.293,0.237,1.503,2,-0.301,0.011,1.398,2,-0.309,-0.053,1.372,2,0.105,0.449,1.577,2,0.154,0.200,1.571,2,0.186,-0.009,1.467,2,0.187,-0.074,1.434,2,-0.122,-0.050,1.455,2,-0.155,-0.404,1.437,2,-0.164,-0.781,1.431,2,-0.233,-0.778,1.425,2,0.031,-0.054,1.484,2,0.046,-0.428,1.453,2,0.062,-0.782,1.461,1,0.085,-0.784,1.326,2,-0.066,0.509,1.551,2,-0.295,-0.108,1.359,2,-0.279,-0.074,1.338,2,0.182,-0.145,1.404,2,0.131,-0.065,1.444,0,0,0,0,0
0.287|kb,14519904802770000,6,25,1,72057594037931040,2,-0.047,-0.054,1.508,2,-0.058,0.274,1.537,2,-0.068,0.584,1.553,2,-0.034,0.732,1.524,2,-0.213,0.471,1.516,2,-0.295,0.237,1.502,2,-0.303,0.012,1.397,2,-0.311,-0.051,1.370,2,0.105,0.449,1.577,2,0.153,0.200,1.571,2,0.186,-0.006,1.468,2,0.187,-0.073,1.434,2,-0.122,-0.050,1.455,2,-0.155,-0.404,1.437,2,-0.164,-0.781,1.431,2,-0.234,-0.778,1.425,2,0.031,-0.054,1.484,2,0.046,-0.428,1.453,2,0.062,-0.782,1.461,1,0.085,-0.784,1.326,2,-0.066,0.509,1.551,2,-0.299,-0.107,1.357,2,-0.280,-0.074,1.339,2,0.181,-0.145,1.403,2,0.189,-0.120,1.450,0,0,0,0,0
0.317|kb,14519908109130000,6,25,1,72057594037931040,2,-0.047,-0.054,1.508,2,-0.058,0.274,1.537,2,-0.068,0.584,1.553,2,-0.034,0.732,1.524,2,-0.213,0.470,1.516,2,-0.296,0.237,1.502,2,-0.305,0.012,1.396,2,-0.312,-0.051,1.369,2,0.105,0.449,1.577,2,0.153,0.200,1.571,2,0.186,-0.005,1.468,2,0.187,-0.073,1.433,2,-0.122,-0.050,1.455,2,-0.155,-0.404,1.437,2,-0.164,-0.781,1.431,2,-0.234,-0.778,1.425,2,0.031,-0.054,1.484,2,0.046,-0.428,1.453,2,0.062,-0.783,1.461,1,0.084,-0.784,1.326,2,-0.066,0.509,1.551,2,-0.300,-0.107,1.355,2,-0.281,-0.080,1.336,2,0.181,-0.145,1.401,2,0.132,-0.069,1.445,0,0,0,0,0
0.350|kb,14519911510350000,6,25,1,72057594037931040,2,-0.047,-0.054,1.509,2,-0.058,0.274,1.537,2,-0.068,0.584,1.553,2,-0.034,0.732,1.524,2,-0.213,0.470,1.516,2,-0.298,0.237,1.501,2,-0.307,0.011,1.395,2,-0.313,-0.051,1.368,2,0.105,0.449,1.577,2,0.153,0.201,1.571,2,0.186,-0.004,1.468,2,0.187,-0.074,1.433,2,-0.122,-0.050,1.455,2,-0.155,-0.405,1.438,2,-0.164,-0.781,1.431,2,-0.234,-0.778,1.425,2,0.031,-0.054,1.485,2,0.046,-0.428,1.453,2,0.062,-0.783,1.461,1,0.084,-0.784,1.326,2,-0.066,0.509,1.551,2,-0.300,-0.107,1.354,2,-0.285,-0.069,1.325,2,0.182,-0.144,1.400,2,0.131,-0.068,1.445,0,0,0,0,0
0.383|kb,14519914802350000,6,25,1,72057594037931040,2,-0.047,-0.054,1.509,2,-0.058,0.275,1.537,2,-0.068,0.584,1.553,2,-0.035,0.732,1.524,2,-0.212,0.472,1.516,2,-0.299,0.237,1.501,2,-0.309,0.011,1.394,2,-0.313,-0.051,1.368,2,0.105,0.449,1.577,2,0.153,0.201,1.571,2,0.186,-0.004,1.469,2,0.187,-0.073,1.432,2,-0.122,-0.050,1.456,2,-0.155,-0.405,1.438,2,-0.164,-0.781,1.431,2,-0.234,-0.779,1.425,2,0.031,-0.054,1.485,2,0.046,-0.427,1.453,2,0.062,-0.782,1.461,1,0.084,-0.784,1.326,2,-0.066,0.509,1.551,2,-0.301,-0.107,1.354,2,-0.281,-0.073,1.339,2,0.180,-0.145,1.401,2,0.132,-0.069,1.445,0,0,0,0,0
0.418|kb,14519918109100000,6,25,1,72057594037931040,2,-0.047,-0.054,1.509,2,-0.058,0.275,1.537,2,-0.069,0.584,1.553,2,-0.035,0.731,1.524,2,-0.213,0.472,1.516,2,-0.299,0.237,1.500,2,-0.310,0.011,1.393,2,-0.314,-0.051,1.367,2,0.105,0.449,1.577,2,0.153,0.201,1.571,2,0.186,-0.003,1.469,2,0.188,-0.073,1.431,2,-0.122,-0.050,1.456,2,-0.155,-0.405,1.438,2,-0.164,-0.781,1.431,2,-0.234,-0.779,1.424,2,0.031,-0.054,1.485,2,0.046,-0.427,1.453,2,0.062,-0.782,1.461,1,0.084,-0.784,1.326,2,-0.066,0.509,1.551,2,-0.301,-0.107,1.353,2,-0.281,-0.071,1.341,2,0.182,-0.143,1.400,2,0.188,-0.118,1.450,0,0,0,0,0
0.452|kb,14519921512750000,6,25,1,72057594037931040,2,-0.047,-0.054,1.509,2,-0.059,0.275,1.537,2,-0.069,0.584,1.553,2,-0.035,0.731,1.524,2,-0.213,0.471,1.516,2,-0.300,0.236,1.500,2,-0.310,0.011,1.392,2,-0.313,-0.051,1.367,2,0.105,0.449,1.577,2,0.153,0.201,1.571,2,0.186,-0.003,1.469,2,0.188,-0.073,1.431,2,-0.122,-0.050,1.456,2,-0.155,-0.405,1.438,2,-0.164,-0.781,1.431,2,-0.234,-0.779,1.424,2,0.030,-0.054,1.485,2,0.046,-0.427,1.453,2,0.062,-0.782,1.461,1,0.084,-0.784,1.326,2,-0.066,0.509,1.551,2,-0.301,-0.106,1.352,2,-0.286,-0.064,1.326,2,0.182,-0.143,1.401,2,0.132,-0.075,1.443,0,0,0,0,0
0.483|kb,14519924802700000,6,25,1,72057594037931040,2,-0.047,-0.054,1.509,2,-0.059,0.275,1.537,2,-0.069,0.584,1.553,2,-0.035,0.732,1.524,2,-0.214,0.471,1.516,2,-0.300,0.237,1.500,2,-0.311,0.011,1.392,2,-0.313,-0.051,1.368,2,0.104,0.449,1.577,2,0.152,0.201,1.571,2,0.186,-0.003,1.469,2,0.189,-0.074,1.431,2,-0.123,-0.050,1.456,2,-0.155,-0.405,1.439,2,-0.164,-0.781,1.431,2,-0.234,-0.778,1.425,2,0.030,-0.054,1.485,2,0.046,-0.428,1.454,2,0.062,-0.782,1.461,1,0.084,-0.784,1.326,2,-0.067,0.509,1.551,2,-0.300,-0.106,1.352,2,-0.286,-0.062,1.326,2,0.180,-0.144,1.401,2,0.132,-0.076,1.443,0,0,0,0,0
0.520|kb,14519928109060000,6,25,1,72057594037931040,2,-0.047,-0.054,1.509,2,-0.059,0.275,1.537,2,-0.069,0.584,1.553,2,-0.036,0.732,1.524,2,-0.214,0.471,1.517,2,-0.300,0.237,1.500,2,-0.311,0.011,1.392,2,-0.312,-0.051,1.368,2,0.104,0.449,1.577,2,0.152,0.201,1.571,2,0.185,-0.002,1.469,2,0.189,-0.073,1.431,2,-0.123,-0.050,1.456,2,-0.156,-0.405,1.439,2,-0.164,-0.781,1.431,2,-0.234,-0.779,1.425,2,0.030,-0.054,1.486,2,0.046,-0.427,1.454,2,0.061,-0.782,1.462,1,0.084,-0.784,1.326,2,-0.067,0.509,1.551,2,-0.300,-0.106,1.353,2,-0.283,-0.066,1.329,2,0.182,-0.142,1.400,2,0.187,-0.118,1.449,0,0,0,0,0
0.551|kb,14519931510450000,6,25,1,72057594037931040,2,-0.047,-0.054,1.510,2,-0.059,0.275,1.538,2,-0.070,0.584,1.553,2,-0.036,0.732,1.524,2,-0.215,0.470,1.517,2,-0.301,0.237,1.500,2,-0.311,0.011,1.392,2,-0.312,-0.051,1.368,2,0.104,0.449,1.577,2,0.152,0.201,1.571,2,0.185,-0.002,1.469,2,0.189,-0.073,1.431,2,-0.123,-0.050,1.457,2,-0.156,-0.405,1.439,2,-0.164,-0.781,1.431,2,-0.234,-0.778,1.427,2,0.030,-0.054,1.486,2,0.046,-0.427,1.454,2,0.061,-0.782,1.462,1,0.084,-0.784,1.326,2,-0.067,0.509,1.551,2,-0.300,-0.106,1.353,2,-0.281,-0.061,1.341,2,0.181,-0.144,1.402,2,0.186,-0.120,1.449,0,0,0,0,0
0.584|kb,14519934804720000,6,25,1,72057594037931040,2,-0.048,-0.054,1.510,2,-0.059,0.275,1.538,2,-0.070,0.584,1.553,2,-0.036,0.732,1.524,2,-0.215,0.470,1.517,2,-0.301,0.237,1.500,2,-0.311,0.011,1.392,2,-0.311,-0.051,1.369,2,0.104,0.449,1.577,2,0.152,0.201,1.571,2,0.185,-0.002,1.469,2,0.189,-0.074,1.432,2,-0.123,-0.051,1.457,2,-0.156,-0.405,1.439,2,-0.165,-0.781,1.431,2,-0.234,-0.779,1.426,2,0.030,-0.054,1.486,2,0.046,-0.427,1.454,2,0.061,-0.782,1.462,1,0.084,-0.784,1.326,2,-0.067,0.509,1.551,2,-0.298,-0.106,1.353,2,-0.282,-0.064,1.333,2,0.183,-0.143,1.402,2,0.187,-0.119,1.449,0,0,0,0,0
0.620|kb,14519938109500000,6,25,1,72057594037931040,2,-0.048,-0.054,1.510,2,-0.059,0.275,1.538,2,-0.070,0.584,1.553,2,-0.036,0.732,1.524,2,-0.215,0.470,1.517,2,-0.301,0.237,1.500,2,-0.311,0.011,1.392,2,-0.311,-0.051,1.369,2,0.104,0.449,1.577,2,0.151,0.201,1.571,2,0.185,-0.002,1.469,2,0.189,-0.074,1.433,2,-0.123,-0.051,1.457,2,-0.156,-0.405,1.439,2,-0.169,-0.783,1.436,2,-0.238,-0.782,1.427,2,0.030,-0.054,1.486,2,0.046,-0.428,1.454,2,0.061,-0.782,1.462,1,0.084,-0.783,1.326,2,-0.068,0.509,1.551,2,-0.298,-0.106,1.353,2,-0.282,-0.064,1.335,2,0.182,-0.145,1.403,2,0.187,-0.118,1.449,0,0,0,0,0
0.651|kb,14519941511530000,6,25,1,72057594037931040,2,-0.048,-0.054,1.511,2,-0.060,0.275,1.538,2,-0.070,0.584,1.553,2,-0.037,0.732,1.524,2,-0.214,0.472,1.517,2,-0.301,0.236,1.500,2,-0.311,0.011,1.392,2,-0.311,-0.051,1.370,2,0.104,0.449,1.577,2,0.151,0.201,1.571,2,0.185,-0.001,1.470,2,0.190,-0.073,1.434,2,-0.124,-0.051,1.458,2,-0.156,-0.404,1.440,2,-0.168,-0.783,1.434,2,-0.237,-0.781,1.427,2,0.030,-0.054,1.486,2,0.046,-0.427,1.454,2,0.061,-0.782,1.462,1,0.084,-0.783,1.326,2,-0.068,0.509,1.551,2,-0.298,-0.106,1.354,2,-0.282,-0.063,1.336,2,0.182,-0.145,1.405,2,0.187,-0.118,1.449,0,0,0,0,0
0.684|kb,14519944804640000,6,25,1,72057594037931040,2,-0.048,-0.054,1.511,2,-0.060,0.275,1.538,2,-0.070,0.584,1.553,2,-0.037,0.732,1.524,2,-0.214,0.472,1.517,2,-0.301,0.236,1.500,2,-0.311,0.012,1.392,2,-0.312,-0.051,1.368,2,0.104,0.449,1.577,2,0.151,0.201,1.571,2,0.185,0.000,1.471,2,0.192,-0.073,1.433,2,-0.124,-0.051,1.458,2,-0.157,-0.404,1.440,2,-0.167,-0.783,1.433,2,-0.236,-0.780,1.427,2,0.030,-0.054,1.486,2,0.046,-0.427,1.454,2,0.061,-0.782,1.461,1,0.084,-0.783,1.325,2,-0.068,0.509,1.551,2,-0.299,-0.106,1.354,2,-0.282,-0.064,1.335,2,0.183,-0.144,1.404,2,0.188,-0.119,1.450,0,0,0,0,0
0.720|kb,14519948109120000,6,25,1,72057594037931040,2,-0.049,-0.053,1.512,2,-0.060,0.275,1.539,2,-0.071,0.584,1.553,2,-0.037,0.732,1.525,2,-0.212,0.473,1.517,2,-0.302,0.237,1.500,2,-0.311,0.012,1.392,2,-0.313,-0.050,1.369,2,0.103,0.450,1.577,2,0.151,0.201,1.572,2,0.187,0.002,1.473,2,0.195,-0.072,1.438,2,-0.124,-0.050,1.460,2,-0.157,-0.404,1.441,2,-0.167,-0.783,1.433,2,-0.236,-0.781,1.427,2,0.029,-0.054,1.488,2,0.046,-0.427,1.453,2,0.061,-0.782,1.461,1,0.084,-0.784,1.325,2,-0.068,0.509,1.551,2,-0.301,-0.105,1.355,2,-0.283,-0.066,1.333,2,0.188,-0.142,1.407,2,0.193,-0.119,1.455,0,0,0,0,0
0.750|kb,14519951512570000,6,25,1,72057594037931040,2,-0.049,-0.053,1.514,2,-0.060,0.275,1.539,2,-0.070,0.584,1.553,2,-0.036,0.732,1.525,2,-0.211,0.475,1.517,2,-0.302,0.238,1.498,2,-0.313,0.012,1.389,2,-0.315,-0.049,1.362,2,0.103,0.450,1.577,2,0.152,0.203,1.573,2,0.190,0.004,1.475,2,0.201,-0.070,1.437,2,-0.125,-0.049,1.461,2,-0.157,-0.404,1.441,2,-0.166,-0.783,1.432,2,-0.236,-0.780,1.428,2,0.029,-0.053,1.489,2,0.049,-0.422,1.445,2,0.061,-0.782,1.460,1,0.084,-0.786,1.326,2,-0.068,0.509,1.551,2,-0.301,-0.104,1.350,2,-0.284,-0.067,1.326,2,0.193,-0.142,1.408,2,0.198,-0.116,1.453,0,0,0,0,0
0.784|kb,14519954802290000,6,25,1,72057594037931040,2,-0.050,-0.052,1.516,2,-0.060,0.275,1.540,2,-0.069,0.585,1.552,2,-0.035,0.732,1.525,2,-0.210,0.476,1.517,2,-0.302,0.239,1.496,2,-0.316,0.013,1.380,2,-0.318,-0.045,1.353,2,0.104,0.450,1.577,2,0.154,0.205,1.574,2,0.195,0.005,1.475,2,0.208,-0.070,1.437,2,-0.126,-0.048,1.464,2,-0.157,-0.404,1.441,2,-0.166,-0.783,1.432,2,-0.236,-0.779,1.429,2,0.029,-0.053,1.491,2,0.052,-0.419,1.437,2,0.061,-0.780,1.459,1,0.084,-0.788,1.325,2,-0.067,0.510,1.551,2,-0.303,-0.101,1.342,2,-0.290,-0.055,1.317,2,0.200,-0.142,1.409,2,0.208,-0.117,1.454,0,0,0,0,0
0.818|kb,14519958111820000,6,25,1,72057594037931040,2,-0.049,-0.052,1.519,2,-0.058,0.275,1.541,2,-0.066,0.585,1.552,2,-0.032,0.732,1.525,2,-0.208,0.474,1.516,2,-0.301,0.241,1.490,2,-0.319,0.015,1.368,2,-0.322,-0.039,1.340,2,0.106,0.450,1.578,2,0.159,0.208,1.576,2,0.205,0.007,1.477,2,0.218,-0.070,1.437,2,-0.125,-0.049,1.467,2,-0.157,-0.404,1.442,2,-0.166,-0.783,1.431,2,-0.236,-0.779,1.428,2,0.030,-0.053,1.493,2,0.055,-0.416,1.429,2,0.061,-0.778,1.457,1,0.083,-0.790,1.323,2,-0.065,0.510,1.551,2,-0.309,-0.095,1.329,2,-0.293,-0.052,1.305,2,0.211,-0.142,1.410,2,0.219,-0.114,1.453,0,0,0,0,0
0.852|kb,14519961510180000,6,25,1,72057594037931040,2,-0.048,-0.052,1.522,2,-0.055,0.275,1.543,2,-0.061,0.585,1.552,2,-0.026,0.732,1.525,2,-0.204,0.472,1.517,2,-0.299,0.243,1.483,2,-0.322,0.026,1.351,2,-0.326,-0.027,1.323,2,0.110,0.451,1.578,2,0.168,0.212,1.578,2,0.217,0.011,1.478,2,0.230,-0.068,1.437,2,-0.124,-0.049,1.471,2,-0.157,-0.403,1.442,2,-0.165,-0.783,1.431,2,-0.236,-0.779,1.428,2,0.031,-0.053,1.495,2,0.056,-0.412,1.423,2,0.060,-0.775,1.456,1,0.082,-0.791,1.323,2,-0.060,0.510,1.552,2,-0.314,-0.083,1.309,2,-0.301,-0.030,1.287,2,0.223,-0.141,1.410,2,0.258,-0.057,1.421,0,0,0,0,0
0.884|kb,14519964804700000,6,25,1,72057594037931040,2,-0.046,-0.053,1.525,2,-0.050,0.275,1.546,2,-0.050,0.583,1.555,2,-0.017,0.732,1.527,2,-0.196,0.470,1.519,2,-0.294,0.248,1.478,2,-0.325,0.036,1.333,2,-0.329,-0.020,1.302,2,0.119,0.452,1.580,2,0.180,0.218,1.580,2,0.230,0.011,1.477,2,0.244,-0.067,1.435,2,-0.123,-0.049,1.474,2,-0.157,-0.407,1.440,2,-0.164,-0.784,1.428,2,-0.236,-0.779,1.428,2,0.033,-0.054,1.498,2,0.057,-0.409,1.419,2,0.057,-0.773,1.453,1,0.077,-0.791,1.320,2,-0.050,0.508,1.555,2,-0.320,-0.072,1.291,2,-0.307,-0.020,1.261,2,0.238,-0.141,1.405,2,0.265,-0.075,1.413,0,0,0,0,0
0.917|kb,14519968109310000,6,25,1,72057594037931040,2,-0.045,-0.053,1.529,2,-0.043,0.273,1.551,2,-0.037,0.581,1.559,2,-0.005,0.730,1.530,2,-0.185,0.470,1.525,2,-0.288,0.258,1.475,2,-0.327,0.066,1.318,2,-0.333,0.000,1.280,2,0.132,0.451,1.582,2,0.195,0.224,1.581,2,0.245,0.014,1.477,2,0.259,-0.065,1.432,2,-0.122,-0.049,1.482,2,-0.156,-0.409,1.436,2,-0.164,-0.784,1.425,2,-0.238,-0.782,1.429,2,0.034,-0.055,1.501,2,0.056,-0.409,1.419,2,0.055,-0.773,1.452,1,0.074,-0.792,1.318,2,-0.039,0.507,1.559,2,-0.325,-0.052,1.266,2,-0.298,-0.046,1.269,2,0.255,-0.138,1.401,2,0.288,-0.066,1.410,0,0,0,0,0
0.952|kb,14519971510270000,6,25,1,72057594037931040,2,-0.043,-0.054,1.534,2,-0.034,0.271,1.557,2,-0.020,0.577,1.565,2,0.009,0.728,1.534,2,-0.173,0.468,1.531,2,-0.282,0.270,1.473,2,-0.331,0.085,1.303,2,-0.337,0.023,1.258,2,0.146,0.448,1.584,2,0.211,0.227,1.582,2,0.265,0.022,1.476,2,0.278,-0.059,1.425,2,-0.120,-0.049,1.490,2,-0.154,-0.405,1.415,2,-0.163,-0.779,1.416,1,-0.141,-0.774,1.280,2,0.036,-0.056,1.503,2,0.056,-0.409,1.419,2,0.054,-0.774,1.451,1,0.072,-0.793,1.317,2,-0.024,0.503,1.565,2,-0.330,-0.027,1.241,2,-0.303,-0.024,1.242,2,0.278,-0.129,1.391,2,0.303,-0.060,1.408,0,0,0,0,0
0.984|kb,14519974802270000,6,25,1,72057594037931040,2,-0.040,-0.053,1.539,2,-0.024,0.270,1.562,2,-0.005,0.574,1.570,2,0.024,0.724,1.537,2,-0.173,0.470,1.531,2,-0.275,0.284,1.474,2,-0.332,0.108,1.288,2,-0.339,0.050,1.240,2,0.161,0.444,1.585,2,0.230,0.227,1.582,2,0.282,0.027,1.472,2,0.296,-0.058,1.415,2,-0.117,-0.048,1.497,2,-0.153,-0.387,1.378,2,-0.162,-0.760,1.403,1,-0.141,-0.774,1.269,2,0.039,-0.056,1.506,2,0.057,-0.408,1.418,2,0.054,-0.775,1.451,1,0.071,-0.792,1.316,2,-0.010,0.500,1.571,2,-0.344,-0.009,1.226,2,-0.324,0.048,1.190,2,0.300,-0.119,1.378,2,0.292,-0.124,1.425,0,0,0,0,0
1.020|kb,14519978109060000,6,25,1,72057594037931040,2,-0.034,-0.053,1.546,2,-0.011,0.268,1.569,2,0.014,0.571,1.577,2,0.040,0.721,1.543,2,-0.136,0.463,1.557,2,-0.267,0.298,1.483,2,-0.328,0.167,1.300,2,-0.341,0.080,1.226,2,0.176,0.438,1.586,2,0.252,0.227,1.580,2,0.306,0.028,1.461,2,0.315,-0.056,1.400,2,-0.111,-0.046,1.506,2,-0.161,-0.370,1.354,2,-0.165,-0.740,1.385,1,-0.149,-0.756,1.248,2,0.046,-0.057,1.511,2,0.060,-0.405,1.419,2,0.054,-0.775,1.450,1,0.064,-0.792,1.314,2,0.007,0.498,1.577,2,-0.340,0.020,1.202,2,-0.333,0.087,1.180,2,0.313,-0.121,1.366,2,0.325,-0.100,1.390,0,0,0,0,0
1.051|kb,14519981510110000,6,25,1,72057594037931040,2,-0.028,-0.053,1.552,2,-0.001,0.267,1.575,2,0.026,0.569,1.583,2,0.054,0.717,1.548,2,-0.129,0.462,1.562,2,-0.276,0.296,1.471,2,-0.329,0.172,1.292,2,-0.344,0.113,1.214,2,0.190,0.431,1.589,2,0.273,0.227,1.578,2,0.326,0.031,1.451,2,0.334,-0.046,1.384,2,-0.106,-0.045,1.513,2,-0.170,-0.340,1.325,2,-0.168,-0.721,1.355,1,-0.153,-0.726,1.217,2,0.051,-0.058,1.516,2,0.065,-0.395,1.420,2,0.054,-0.775,1.449,1,0.063,-0.791,1.313,2,0.019,0.496,1.583,2,-0.347,0.055,1.197,2,-0.335,0.122,1.168,2,0.329,-0.112,1.348,2,0.325,-0.110,1.387,0,0,0,0,0
1.083|kb,14519984804760000,6,25,1,72057594037931040,2,-0.023,-0.053,1.556,2,0.008,0.266,1.580,2,0.041,0.565,1.589,2,0.067,0.713,1.553,2,-0.118,0.462,1.570,2,-0.278,0.299,1.468,2,-0.332,0.226,1.293,2,-0.344,0.145,1.203,2,0.204,0.425,1.591,2,0.292,0.228,1.575,2,0.347,0.041,1.435,2,0.353,-0.035,1.364,2,-0.102,-0.044,1.517,2,-0.177,-0.326,1.312,2,-0.166,-0.720,1.344,1,-0.151,-0.719,1.205,2,0.056,-0.059,1.519,2,0.046,-0.371,1.407,2,0.056,-0.774,1.449,1,0.066,-0.792,1.314,2,0.033,0.493,1.589,2,-0.346,0.102,1.182,2,-0.344,0.175,1.177,2,0.349,-0.098,1.324,2,0.380,-0.056,1.336,0,0,0,0,0
1.119|kb,14519988110270000,6,25,1,72057594037931040,2,-0.018,-0.052,1.560,2,0.018,0.265,1.584,2,0.055,0.563,1.594,2,0.081,0.711,1.558,2,-0.105,0.462,1.579,2,-0.279,0.310,1.464,2,-0.327,0.206,1.252,2,-0.344,0.180,1.191,2,0.215,0.420,1.593,2,0.311,0.227,1.572,2,0.368,0.050,1.415,2,0.372,-0.023,1.339,2,-0.097,-0.042,1.521,2,-0.188,-0.274,1.287,2,-0.166,-0.692,1.306,1,-0.153,-0.681,1.165,2,0.062,-0.059,1.521,2,0.035,-0.362,1.397,2,0.058,-0.770,1.448,1,0.069,-0.791,1.314,2,0.046,0.491,1.594,2,-0.341,0.123,1.162,2,-0.344,0.197,1.149,2,0.362,-0.093,1.297,2,0.399,-0.046,1.307,0,0,0,0,0
1.152|kb,14519991511700000,6,25,1,72057594037931040,2,-0.013,-0.050,1.563,2,0.027,0.265,1.588,2,0.068,0.561,1.598,2,0.093,0.709,1.563,2,-0.097,0.462,1.584,2,-0.279,0.322,1.464,2,-0.326,0.235,1.244,2,-0.343,0.217,1.173,2,0.225,0.417,1.595,2,0.332,0.227,1.566,2,0.385,0.066,1.399,2,0.390,-0.003,1.314,2,-0.093,-0.038,1.526,2,-0.193,-0.242,1.270,2,-0.163,-0.688,1.282,2,-0.218,-0.697,1.283,2,0.067,-0.058,1.524,2,0.031,-0.358,1.391,2,0.060,-0.771,1.446,1,0.070,-0.793,1.312,2,0.058,0.489,1.598,2,-0.327,0.178,1.140,2,-0.352,0.233,1.142,2,0.378,-0.073,1.267,2,0.407,-0.006,1.277,0,0,0,0,0
1.184|kb,14519994802200000,6,25,1,72057594037931040,2,-0.005,-0.046,1.568,2,0.038,0.266,1.592,2,0.079,0.560,1.602,2,0.105,0.708,1.567,2,-0.086,0.463,1.589,2,-0.239,0.362,1.516,2,-0.308,0.292,1.279,2,-0.345,0.257,1.159,2,0.237,0.414,1.598,2,0.344,0.231,1.565,2,0.402,0.094,1.399,2,0.406,0.015,1.284,2,-0.085,-0.033,1.532,2,-0.199,-0.212,1.253,2,-0.164,-0.660,1.236,2,-0.210,-0.649,1.209,2,0.076,-0.057,1.528,2,0.029,-0.353,1.390,2,0.061,-0.766,1.446,1,0.070,-0.789,1.313,2,0.069,0.489,1.602,2,-0.329,0.221,1.122,2,-0.361,0.233,1.146,2,0.390,-0.049,1.240,2,0.426,-0.036,1.258,0,0,0,0,0
1.217|kb,14519998111520000,6,25,1,72057594037931040,2,0.011,-0.045,1.571,2,0.051,0.267,1.595,2,0.090,0.561,1.606,2,0.116,0.708,1.571,2,-0.077,0.464,1.592,2,-0.280,0.365,1.452,2,-0.364,0.319,1.280,2,-0.348,0.298,1.149,2,0.247,0.412,1.600,2,0.397,0.211,1.523,2,0.438,0.105,1.362,2,0.422,0.045,1.261,2,-0.073,-0.031,1.535,2,-0.203,-0.196,1.235,2,-0.177,-0.625,1.189,2,-0.226,-0.614,1.148,2,0.095,-0.056,1.530,2,0.077,-0.373,1.424,2,0.060,-0.772,1.446,1,0.061,-0.781,1.307,2,0.080,0.489,1.605,2,-0.338,0.260,1.111,2,-0.364,0.304,1.129,2,0.418,0.000,1.220,2,0.437,-0.009,1.240,0,0,0,0,0
1.251|kb,14520001512610000,6,25,1,72057594037931040,2,0.017,-0.044,1.572,2,0.059,0.267,1.597,2,0.099,0.559,1.608,2,0.126,0.707,1.574,2,-0.069,0.465,1.595,2,-0.274,0.371,1.454,2,-0.349,0.329,1.206,2,-0.347,0.335,1.144,2,0.257,0.410,1.602,2,0.406,0.213,1.521,2,0.446,0.111,1.357,2,0.436,0.077,1.241,2,-0.067,-0.030,1.536,2,-0.207,-0.175,1.215,2,-0.187,-0.579,1.143,2,-0.223,-0.566,1.080,2,0.101,-0.055,1.531,2,0.077,-0.372,1.424,2,0.059,-0.774,1.446,1,0.061,-0.781,1.307,2,0.089,0.489,1.608,2,-0.347,0.324,1.121,2,-0.359,0.351,1.126,2,0.432,0.038,1.198,2,0.445,0.091,1.207,0,0,0,0,0
1.286|kb,14520004802290000,6,25,1,72057594037931040,2,0.027,-0.043,1.572,2,0.068,0.267,1.598,2,0.107,0.559,1.611,2,0.135,0.706,1.577,2,-0.062,0.465,1.596,2,-0.230,0.395,1.515,2,-0.321,0.389,1.341,2,-0.342,0.371,1.143,2,0.266,0.409,1.605,2,0.419,0.227,1.523,2,0.443,0.134,1.302,2,0.449,0.109,1.223,2,-0.060,-0.028,1.536,2,-0.207,-0.075,1.211,2,-0.188,-0.521,1.109,2,-0.235,-0.499,1.035,2,0.112,-0.055,1.531,2,0.077,-0.371,1.425,2,0.058,-0.775,1.445,1,0.061,-0.781,1.307,2,0.098,0.488,1.610,2,-0.337,0.369,1.121,2,-0.353,0.396,1.129,2,0.443,0.074,1.178,2,0.471,0.062,1.202,0,0,0,0,0
1.318|kb,14520008109900000,6,25,1,72057594037931040,2,0.036,-0.042,1.571,2,0.076,0.267,1.599,2,0.114,0.558,1.613,2,0.143,0.704,1.579,2,-0.055,0.465,1.598,2,-0.255,0.410,1.479,2,-0.321,0.407,1.267,2,-0.335,0.402,1.152,2,0.274,0.407,1.607,2,0.430,0.237,1.522,2,0.454,0.161,1.294,2,0.461,0.140,1.205,2,-0.051,-0.028,1.536,1,-0.086,-0.209,1.244,2,-0.216,-0.457,1.064,2,-0.199,-0.383,0.956,2,0.121,-0.055,1.529,2,0.077,-0.371,1.425,2,0.057,-0.775,1.445,1,0.062,-0.780,1.307,2,0.105,0.488,1.612,2,-0.329,0.401,1.119,2,-0.351,0.376,1.126,2,0.455,0.112,1.162,2,0.477,0.134,1.166,0,0,0,0,0
1.350|kb,14520011512570000,6,25,1,72057594037931040,2,0.041,-0.042,1.570,2,0.081,0.266,1.599,2,0.120,0.556,1.615,2,0.150,0.702,1.581,2,-0.049,0.465,1.600,2,-0.254,0.415,1.478,2,-0.317,0.424,1.272,2,-0.327,0.437,1.159,2,0.281,0.404,1.609,2,0.442,0.255,1.528,2,0.466,0.196,1.295,2,0.472,0.173,1.193,2,-0.046,-0.027,1.535,1,-0.086,-0.205,1.241,2,-0.249,-0.415,1.012,2,-0.205,-0.344,0.929,2,0.126,-0.055,1.528,2,0.077,-0.369,1.424,2,0.057,-0.776,1.444,1,0.062,-0.780,1.307,2,0.111,0.486,1.613,2,-0.318,0.435,1.124,2,-0.345,0.419,1.129,2,0.464,0.147,1.151,2,0.464,0.189,1.150,0,0,0,0,0
1.386|kb,14520014804610000,6,25,1,72057594037931040,2,0.045,-0.042,1.569,2,0.087,0.265,1.599,2,0.127,0.553,1.617,2,0.156,0.701,1.583,2,-0.041,0.464,1.602,2,-0.251,0.422,1.480,2,-0.307,0.452,1.280,2,-0.314,0.469,1.170,2,0.287,0.402,1.610,2,0.455,0.266,1.517,2,0.462,0.206,1.261,2,0.481,0.205,1.181,2,-0.043,-0.027,1.534,2,-0.195,-0.006,1.193,2,-0.218,-0.396,1.005,2,-0.254,-0.360,0.943,2,0.130,-0.055,1.528,2,0.078,-0.367,1.423,2,0.057,-0.776,1.444,1,0.061,-0.781,1.306,2,0.118,0.483,1.615,2,-0.305,0.472,1.121,2,-0.319,0.422,1.108,2,0.473,0.184,1.142,2,0.454,0.206,1.147,0,0,0,0,0
1.418|kb,14520018111490000,6,25,1,72057594037931040,2,0.048,-0.042,1.567,2,0.091,0.264,1.599,2,0.133,0.552,1.619,2,0.162,0.698,1.585,2,-0.036,0.463,1.604,2,-0.248,0.432,1.479,2,-0.299,0.478,1.285,2,-0.302,0.499,1.180,2,0.293,0.400,1.611,2,0.462,0.278,1.518,2,0.483,0.252,1.288,2,0.489,0.237,1.174,2,-0.039,-0.027,1.532,2,-0.194,0.004,1.190,2,-0.235,-0.355,0.959,2,-0.263,-0.322,0.910,2,0.132,-0.055,1.526,2,0.078,-0.365,1.420,2,0.057,-0.776,1.443,1,0.061,-0.781,1.306,2,0.123,0.482,1.616,2,-0.289,0.498,1.134,2,-0.314,0.462,1.128,2,0.475,0.221,1.133,2,0.448,0.235,1.179,0,0,0,0,0
1.450|kb,14520021510140000,6,25,1,72057594037931040,2,0.052,-0.042,1.565,2,0.096,0.263,1.599,2,0.139,0.549,1.621,2,0.166,0.696,1.587,2,-0.031,0.463,1.606,2,-0.246,0.447,1.475,2,-0.288,0.511,1.276,2,-0.286,0.530,1.178,2,0.299,0.398,1.612,2,0.479,0.292,1.504,2,0.438,0.241,1.249,2,0.495,0.269,1.170,2,-0.035,-0.026,1.529,2,-0.193,0.032,1.185,2,-0.245,-0.316,0.917,2,-0.276,-0.277,0.874,2,0.136,-0.055,1.523,2,0.079,-0.363,1.417,2,0.057,-0.777,1.442,1,0.061,-0.782,1.305,2,0.129,0.480,1.618,2,-0.272,0.530,1.142,2,-0.304,0.496,1.142,2,0.479,0.256,1.131,2,0.487,0.294,1.144,0,0,0,0,0
1.478|kb,14520024802870000,6,25,1,72057594037931040,2,0.056,-0.041,1.562,2,0.100,0.262,1.599,2,0.143,0.548,1.623,2,0.171,0.694,1.589,2,-0.028,0.463,1.607,2,-0.243,0.459,1.477,2,-0.279,0.534,1.287,2,-0.272,0.558,1.192,2,0.299,0.399,1.612,2,0.483,0.308,1.512,2,0.496,0.306,1.289,2,0.498,0.302,1.169,2,-0.032,-0.025,1.528,2,-0.200,0.062,1.163,2,-0.242,-0.277,0.881,2,-0.277,-0.248,0.858,2,0.141,-0.055,1.520,2,0.080,-0.362,1.414,2,0.058,-0.776,1.440,1,0.061,-0.783,1.304,2,0.133,0.478,1.619,2,-0.255,0.560,1.153,2,-0.292,0.528,1.159,2,0.483,0.286,1.131,2,0.462,0.298,1.144,0,0,0,0,0
1.522|kb,14520028111410000,6,25,1,72057594037931040,2,0.059,-0.042,1.559,2,0.103,0.261,1.598,2,0.146,0.546,1.624,2,0.176,0.692,1.591,2,-0.025,0.462,1.608,2,-0.234,0.471,1.487,2,-0.270,0.560,1.303,2,-0.261,0.584,1.213,2,0.298,0.399,1.612,2,0.491,0.320,1.511,2,0.507,0.323,1.274,2,0.500,0.333,1.168,2,-0.029,-0.026,1.525,2,-0.195,0.098,1.164,2,-0.238,-0.236,0.870,2,-0.282,-0.186,0.837,2,0.145,-0.055,1.516,2,0.081,-0.362,1.410,2,0.059,-0.775,1.437,1,0.062,-0.783,1.301,2,0.136,0.477,1.619,2,-0.239,0.585,1.166,2,-0.284,0.552,1.172,2,0.481,0.321,1.131,2,0.476,0.349,1.137,0,0,0,0,0
1.552|kb,14520031510580000,6,25,1,72057594037931040,2,0.060,-0.042,1.559,2,0.106,0.260,1.598,2,0.150,0.544,1.625,2,0.181,0.689,1.593,2,-0.021,0.462,1.609,2,-0.212,0.482,1.505,2,-0.261,0.590,1.322,2,-0.253,0.610,1.236,2,0.303,0.398,1.611,2,0.503,0.330,1.504,2,0.511,0.349,1.272,2,0.501,0.365,1.172,2,-0.028,-0.027,1.524,2,-0.193,0.108,1.161,2,-0.229,-0.194,0.864,2,-0.291,-0.123,0.821,2,0.145,-0.056,1.516,2,0.082,-0.364,1.404,2,0.060,-0.773,1.435,1,0.062,-0.782,1.299,2,0.139,0.475,1.620,2,-0.232,0.610,1.186,2,-0.272,0.600,1.198,2,0.486,0.353,1.136,2,0.474,0.379,1.138,0,0,0,0,0
1.587|kb,14520034802230000,6,25,1,72057594037931040,2,0.060,-0.043,1.558,2,0.110,0.257,1.598,2,0.163,0.538,1.628,2,0.187,0.686,1.596,2,-0.011,0.460,1.611,2,-0.205,0.489,1.513,2,-0.254,0.601,1.335,2,-0.244,0.634,1.262,2,0.323,0.392,1.609,2,0.515,0.341,1.488,2,0.512,0.381,1.265,2,0.501,0.396,1.178,2,-0.028,-0.027,1.524,2,-0.182,0.143,1.168,2,-0.218,-0.157,0.874,2,-0.296,-0.044,0.808,2,0.145,-0.058,1.515,2,0.084,-0.364,1.398,2,0.061,-0.770,1.432,1,0.062,-0.782,1.296,2,0.150,0.470,1.622,2,-0.222,0.636,1.206,2,-0.267,0.622,1.221,2,0.484,0.384,1.144,2,0.454,0.381,1.170,0,0,0,0,0
1.619|kb,14520038111470000,6,25,1,72057594037931040,2,0.060,-0.044,1.557,2,0.113,0.255,1.599,2,0.170,0.536,1.630,2,0.193,0.683,1.598,2,-0.002,0.458,1.613,2,-0.183,0.493,1.554,2,-0.246,0.628,1.356,2,-0.234,0.656,1.280,2,0.328,0.390,1.608,2,0.520,0.346,1.487,2,0.518,0.406,1.278,2,0.501,0.426,1.189,2,-0.028,-0.027,1.524,2,-0.182,0.159,1.160,2,-0.244,-0.073,0.832,2,-0.315,-0.047,0.785,2,0.144,-0.060,1.512,2,0.086,-0.365,1.392,2,0.062,-0.769,1.430,1,0.062,-0.783,1.295,2,0.156,0.468,1.624,2,-0.215,0.661,1.228,2,-0.167,0.633,1.241,2,0.483,0.415,1.154,2,0.447,0.401,1.191,0,0,0,0,0
1.651|kb,14520041510330000,6,25,1,72057594037931040,2,0.063,-0.046,1.556,2,0.120,0.252,1.599,2,0.177,0.533,1.631,2,0.201,0.679,1.601,2,0.003,0.456,1.614,2,-0.176,0.502,1.559,2,-0.241,0.642,1.407,2,-0.227,0.680,1.306,2,0.333,0.387,1.607,2,0.525,0.355,1.486,2,0.519,0.428,1.281,2,0.501,0.457,1.200,2,-0.025,-0.028,1.524,2,-0.170,0.178,1.165,2,-0.256,-0.055,0.804,2,-0.320,-0.056,0.780,2,0.147,-0.063,1.511,2,0.086,-0.365,1.389,2,0.065,-0.761,1.423,1,0.064,-0.772,1.287,2,0.163,0.465,1.625,2,-0.208,0.689,1.251,2,-0.159,0.662,1.272,2,0.483,0.446,1.168,2,0.449,0.429,1.197,0,0,0,0,0
1.685|kb,14520044804420000,6,25,1,72057594037931040,2,0.074,-0.050,1.549,2,0.123,0.251,1.598,2,0.176,0.533,1.631,2,0.208,0.674,1.603,2,0.003,0.457,1.614,2,-0.168,0.528,1.562,2,-0.236,0.649,1.413,2,-0.215,0.698,1.315,2,0.330,0.387,1.606,2,0.529,0.361,1.485,2,0.517,0.446,1.288,2,0.499,0.485,1.211,2,-0.015,-0.030,1.518,2,-0.168,0.179,1.158,2,-0.264,-0.034,0.780,2,-0.307,-0.065,0.775,2,0.159,-0.069,1.503,2,0.086,-0.365,1.381,2,0.065,-0.761,1.421,1,0.065,-0.773,1.287,2,0.163,0.464,1.625,2,-0.206,0.710,1.267,2,-0.156,0.682,1.292,2,0.486,0.484,1.185,2,0.449,0.456,1.213,0,0,0,0,0
1.717|kb,14520048110110000,6,25,1,72057594037931040,2,0.074,-0.051,1.546,2,0.125,0.250,1.596,2,0.179,0.531,1.632,2,0.214,0.670,1.605,2,0.003,0.457,1.614,2,-0.213,0.576,1.553,2,-0.232,0.703,1.408,2,-0.198,0.716,1.312,2,0.332,0.384,1.605,2,0.532,0.364,1.486,2,0.519,0.472,1.312,2,0.501,0.512,1.230,2,-0.015,-0.030,1.515,2,-0.162,0.196,1.158,2,-0.275,-0.004,0.762,2,-0.285,-0.058,0.776,2,0.158,-0.070,1.501,2,0.084,-0.365,1.377,2,0.066,-0.760,1.420,1,0.065,-0.773,1.286,2,0.165,0.463,1.625,2,-0.196,0.726,1.289,2,-0.151,0.706,1.314,2,0.492,0.521,1.208,2,0.480,0.468,1.186,0,0,0,0,0
1.752|kb,14520051513550000,6,25,1,72057594037931040,2,0.074,-0.051,1.544,2,0.127,0.249,1.595,2,0.182,0.530,1.632,2,0.221,0.667,1.607,2,0.003,0.457,1.615,2,-0.210,0.580,1.555,2,-0.225,0.721,1.426,2,-0.195,0.735,1.337,2,0.333,0.383,1.604,2,0.536,0.361,1.495,2,0.524,0.484,1.344,2,0.512,0.538,1.271,2,-0.015,-0.029,1.513,2,-0.159,0.201,1.159,2,-0.278,0.000,0.756,2,-0.283,-0.054,0.769,2,0.158,-0.071,1.498,2,0.083,-0.366,1.372,2,0.066,-0.758,1.418,1,0.066,-0.771,1.285,2,0.168,0.462,1.625,2,-0.188,0.740,1.308,2,-0.149,0.723,1.330,2,0.497,0.555,1.228,2,0.512,0.505,1.210,0,0,0,0,0
1.785|kb,14520054802850000,6,25,1,72057594037931040,2,0.074,-0.051,1.542,2,0.129,0.248,1.594,2,0.184,0.529,1.632,2,0.226,0.665,1.609,2,0.003,0.458,1.615,2,-0.206,0.588,1.566,2,-0.172,0.754,1.368,2,-0.185,0.755,1.347,2,0.334,0.382,1.604,2,0.538,0.362,1.496,2,0.524,0.499,1.349,2,0.512,0.559,1.287,2,-0.014,-0.029,1.511,2,-0.159,0.202,1.155,2,-0.285,0.001,0.743,2,-0.286,-0.055,0.765,2,0.159,-0.072,1.496,2,0.081,-0.365,1.367,2,0.064,-0.765,1.418,1,0.064,-0.780,1.286,2,0.170,0.461,1.625,2,-0.169,0.753,1.322,2,-0.149,0.740,1.333,2,0.498,0.584,1.248,2,0.493,0.521,1.226,0,0,0,0,0
1.819|kb,14520058109090000,6,25,1,72057594037931040,2,0.074,-0.050,1.540,2,0.129,0.247,1.593,2,0.186,0.527,1.633,2,0.230,0.663,1.611,2,0.010,0.460,1.619,2,-0.197,0.605,1.578,2,-0.214,0.773,1.495,2,-0.195,0.781,1.420,2,0.335,0.381,1.603,2,0.541,0.366,1.495,2,0.523,0.525,1.358,2,0.512,0.582,1.303,2,-0.015,-0.027,1.509,2,-0.159,0.206,1.147,2,-0.288,0.004,0.739,2,-0.288,-0.052,0.762,2,0.158,-0.072,1.493,2,0.079,-0.364,1.362,2,0.064,-0.762,1.416,1,0.063,-0.779,1.284,2,0.172,0.460,1.625,2,-0.178,0.769,1.352,2,-0.137,0.778,1.375,2,0.502,0.614,1.271,2,0.469,0.545,1.253,0,0,0,0,0
1.851|kb,14520061510780000,6,25,1,72057594037931040,2,0.073,-0.050,1.537,2,0.130,0.247,1.592,2,0.187,0.527,1.632,2,0.232,0.661,1.611,2,0.012,0.461,1.620,2,-0.162,0.590,1.624,2,-0.164,0.759,1.426,2,-0.173,0.787,1.394,2,0.336,0.380,1.603,2,0.530,0.378,1.501,2,0.524,0.539,1.368,2,0.516,0.601,1.324,2,-0.016,-0.025,1.507,2,-0.158,0.209,1.143,2,-0.291,0.010,0.735,2,-0.287,-0.048,0.761,2,0.157,-0.072,1.490,2,0.075,-0.363,1.358,2,0.064,-0.761,1.415,1,0.063,-0.780,1.284,2,0.173,0.459,1.625,2,-0.164,0.777,1.363,2,-0.147,0.771,1.352,2,0.503,0.636,1.288,2,0.472,0.565,1.267,0,0,0,0,0
1.885|kb,14520064804660000,6,25,1,72057594037931040,2,0.072,-0.050,1.535,2,0.135,0.244,1.590,2,0.205,0.517,1.633,2,0.234,0.660,1.612,2,0.026,0.464,1.626,2,-0.149,0.584,1.637,2,-0.201,0.814,1.540,2,-0.203,0.833,1.521,2,0.350,0.372,1.600,2,0.528,0.384,1.504,2,0.531,0.557,1.384,2,0.519,0.618,1.347,2,-0.016,-0.024,1.505,2,-0.158,0.210,1.141,2,-0.294,0.023,0.732,2,-0.285,-0.038,0.761,2,0.156,-0.073,1.487,2,0.071,-0.364,1.355,2,0.059,-0.765,1.415,1,0.057,-0.786,1.286,2,0.187,0.451,1.624,2,-0.222,0.861,1.529,2,-0.184,0.800,1.416,2,0.507,0.658,1.307,2,0.472,0.585,1.288,0,0,0,0,0
1.917|kb,14520068109870000,6,25,1,72057594037931040,2,0.068,-0.048,1.530,2,0.136,0.244,1.589,2,0.206,0.515,1.633,2,0.235,0.658,1.612,2,0.029,0.465,1.628,2,-0.144,0.583,1.644,2,-0.198,0.811,1.544,2,-0.196,0.842,1.536,2,0.352,0.370,1.598,2,0.527,0.393,1.506,2,0.535,0.567,1.395,2,0.523,0.633,1.365,2,-0.018,-0.022,1.500,2,-0.160,0.210,1.135,2,-0.296,0.024,0.731,2,-0.286,-0.037,0.759,2,0.152,-0.073,1.482,2,0.068,-0.364,1.352,2,0.058,-0.766,1.414,1,0.055,-0.790,1.286,2,0.189,0.450,1.624,2,-0.224,0.891,1.563,2,-0.188,0.841,1.491,2,0.508,0.674,1.320,2,0.476,0.604,1.298,0,0,0,0,0
1.950|kb,14520071510020000,6,25,1,72057594037931040,2,0.067,-0.048,1.528,2,0.136,0.243,1.588,2,0.207,0.514,1.633,2,0.236,0.657,1.612,2,0.034,0.465,1.630,2,-0.139,0.585,1.652,2,-0.181,0.751,1.573,2,-0.188,0.809,1.559,2,0.354,0.369,1.597,2,0.527,0.400,1.508,2,0.538,0.579,1.405,2,0.525,0.647,1.381,2,-0.019,-0.022,1.499,2,-0.161,0.209,1.133,2,-0.297,0.027,0.731,2,-0.286,-0.034,0.758,2,0.149,-0.073,1.479,2,0.066,-0.364,1.348,2,0.050,-0.784,1.405,1,0.046,-0.807,1.275,2,0.190,0.449,1.624,2,-0.199,0.870,1.539,2,-0.203,0.807,1.517,2,0.508,0.692,1.333,2,0.497,0.622,1.298,0,0,0,0,0
1.985|kb,14520074802610000,6,25,1,72057594037931040,2,0.063,-0.047,1.525,2,0.136,0.242,1.587,2,0.208,0.513,1.633,2,0.237,0.655,1.612,2,0.036,0.465,1.631,2,-0.134,0.586,1.659,2,-0.180,0.752,1.575,2,-0.182,0.814,1.568,2,0.356,0.369,1.596,2,0.540,0.401,1.511,2,0.540,0.589,1.414,2,0.527,0.660,1.392,2,-0.023,-0.020,1.496,2,-0.163,0.210,1.130,2,-0.298,0.030,0.731,2,-0.285,-0.031,0.757,2,0.145,-0.072,1.475,2,0.065,-0.364,1.346,2,0.050,-0.784,1.404,1,0.045,-0.809,1.275,2,0.191,0.448,1.623,2,-0.191,0.878,1.549,2,-0.199,0.800,1.531,2,0.510,0.710,1.352,2,0.493,0.634,1.309,0,0,0,0,0
2.021|kb,14520078111460000,6,25,1,72057594037931040,2,0.061,-0.046,1.523,2,0.136,0.242,1.586,2,0.209,0.511,1.632,2,0.237,0.654,1.612,2,0.038,0.465,1.631,2,-0.133,0.589,1.666,2,-0.178,0.755,1.579,2,-0.178,0.816,1.575,2,0.356,0.369,1.596,2,0.535,0.417,1.511,2,0.541,0.597,1.420,2,0.527,0.669,1.402,2,-0.024,-0.019,1.495,2,-0.164,0.211,1.129,2,-0.299,0.032,0.733,2,-0.284,-0.029,0.756,2,0.143,-0.072,1.474,2,0.064,-0.365,1.344,2,0.049,-0.784,1.403,1,0.044,-0.809,1.275,2,0.191,0.446,1.622,2,-0.188,0.883,1.554,2,-0.191,0.783,1.547,2,0.505,0.716,1.355,2,0.502,0.648,1.315,0,0,0,0,0
2.051|kb,14520081509940000,6,25,1,72057594037931040,2,0.061,-0.046,1.523,2,0.136,0.241,1.585,2,0.210,0.510,1.630,2,0.237,0.654,1.611,2,0.039,0.465,1.632,2,-0.127,0.654,1.625,2,-0.201,0.816,1.568,2,-0.174,0.821,1.581,2,0.357,0.369,1.595,2,0.535,0.422,1.510,2,0.542,0.605,1.425,2,0.529,0.677,1.411,2,-0.024,-0.019,1.495,2,-0.165,0.211,1.129,2,-0.305,0.045,0.735,2,-0.280,-0.019,0.758,2,0.143,-0.072,1.473,2,0.064,-0.364,1.343,2,0.049,-0.785,1.403,1,0.043,-0.809,1.275,2,0.192,0.445,1.621,2,-0.192,0.894,1.572,2,-0.187,0.820,1.543,2,0.507,0.726,1.364,2,0.501,0.656,1.326,0,0,0,0,0
2.084|kb,14520084802020000,6,25,1,72057594037931040,2,0.060,-0.046,1.522,2,0.137,0.240,1.583,2,0.210,0.509,1.629,2,0.237,0.653,1.611,2,0.040,0.466,1.632,2,-0.128,0.654,1.626,2,-0.198,0.818,1.572,2,-0.172,0.821,1.582,2,0.357,0.368,1.595,2,0.534,0.426,1.511,2,0.542,0.610,1.429,2,0.527,0.682,1.415,2,-0.025,-0.019,1.495,2,-0.167,0.210,1.128,2,-0.306,0.044,0.736,2,-0.282,-0.019,0.757,2,0.142,-0.072,1.472,2,0.063,-0.364,1.342,2,0.048,-0.785,1.402,1,0.043,-0.809,1.275,2,0.192,0.444,1.620,2,-0.188,0.894,1.574,2,-0.187,0.795,1.549,2,0.511,0.737,1.376,2,0.501,0.664,1.325,0,0,0,0,0
2.118|kb,14520088111380000,6,25,1,72057594037931040,2,0.061,-0.046,1.522,2,0.137,0.240,1.582,2,0.210,0.508,1.628,2,0.237,0.652,1.610,2,0.040,0.467,1.634,2,-0.130,0.654,1.628,2,-0.195,0.820,1.574,2,-0.172,0.824,1.584,2,0.357,0.368,1.594,2,0.533,0.430,1.511,2,0.542,0.615,1.433,2,0.526,0.687,1.421,2,-0.024,-0.019,1.494,2,-0.168,0.210,1.128,2,-0.309,0.049,0.741,2,-0.283,-0.013,0.758,2,0.143,-0.072,1.472,2,0.063,-0.364,1.341,2,0.048,-0.785,1.401,1,0.042,-0.809,1.274,2,0.192,0.443,1.619,2,-0.186,0.902,1.585,2,-0.152,0.869,1.532,2,0.508,0.735,1.375,2,0.494,0.668,1.333,0,0,0,0,0
2.152|kb,14520091510250000,6,25,1,72057594037931040,2,0.061,-0.046,1.521,2,0.136,0.241,1.582,2,0.202,0.513,1.628,2,0.236,0.652,1.609,2,0.033,0.468,1.633,2,-0.134,0.656,1.628,2,-0.193,0.825,1.575,2,-0.173,0.823,1.584,2,0.350,0.372,1.596,2,0.533,0.433,1.510,2,0.541,0.619,1.435,2,0.525,0.689,1.424,2,-0.024,-0.019,1.494,2,-0.170,0.210,1.129,2,-0.312,0.050,0.744,2,-0.346,0.036,0.751,2,0.143,-0.072,1.471,2,0.063,-0.364,1.341,2,0.048,-0.785,1.402,1,0.042,-0.808,1.274,2,0.187,0.447,1.618,2,-0.185,0.898,1.576,2,-0.186,0.829,1.546,2,0.505,0.744,1.384,2,0.490,0.672,1.334,0,0,0,0,0
2.183|kb,14520094802840000,6,25,1,72057594037931040,2,0.062,-0.046,1.521,2,0.135,0.241,1.582,2,0.199,0.514,1.627,2,0.235,0.651,1.608,2,0.030,0.468,1.632,2,-0.135,0.658,1.627,2,-0.193,0.827,1.576,2,-0.174,0.822,1.580,2,0.347,0.374,1.596,2,0.532,0.434,1.510,2,0.547,0.610,1.444,2,0.521,0.691,1.422,2,-0.024,-0.019,1.494,2,-0.172,0.209,1.130,2,-0.315,0.040,0.746,2,-0.299,-0.016,0.764,2,0.144,-0.072,1.471,2,0.063,-0.363,1.341,2,0.048,-0.785,1.402,1,0.042,-0.808,1.274,2,0.184,0.448,1.618,2,-0.191,0.897,1.576,2,-0.152,0.868,1.533,2,0.498,0.740,1.376,2,0.468,0.671,1.346,0,0,0,0,0
2.218|kb,14520098109290000,6,25,1,72057594037931040,2,0.062,-0.046,1.521,2,0.134,0.242,1.581,2,0.196,0.516,1.627,2,0.233,0.650,1.607,2,0.028,0.468,1.632,2,-0.145,0.649,1.637,2,-0.184,0.821,1.573,2,-0.177,0.821,1.577,2,0.345,0.376,1.596,2,0.531,0.436,1.509,2,0.538,0.618,1.439,2,0.519,0.691,1.421,2,-0.024,-0.019,1.494,2,-0.174,0.209,1.131,2,-0.317,0.034,0.747,2,-0.300,-0.019,0.762,2,0.144,-0.071,1.471,2,0.063,-0.363,1.341,2,0.047,-0.785,1.402,1,0.042,-0.808,1.274,2,0.182,0.449,1.618,2,-0.191,0.895,1.572,2,-0.155,0.863,1.522,2,0.493,0.749,1.386,2,0.477,0.670,1.339,0,0,0,0,0
2.253|kb,14520101512990000,6,25,1,72057594037931040,2,0.062,-0.047,1.522,2,0.133,0.242,1.581,2,0.195,0.516,1.626,2,0.231,0.649,1.605,2,0.027,0.468,1.631,2,-0.147,0.649,1.637,2,-0.184,0.821,1.572,2,-0.179,0.819,1.573,2,0.344,0.376,1.596,2,0.529,0.437,1.508,2,0.543,0.613,1.442,2,0.517,0.692,1.417,2,-0.024,-0.020,1.495,2,-0.175,0.208,1.132,2,-0.320,0.029,0.748,2,-0.355,0.028,0.757,2,0.144,-0.071,1.471,2,0.062,-0.363,1.342,2,0.047,-0.786,1.402,1,0.042,-0.807,1.274,2,0.180,0.450,1.617,2,-0.191,0.887,1.560,2,-0.195,0.803,1.539,2,0.490,0.744,1.373,2,0.481,0.674,1.325,0,0,0,0,0
2.287|kb,14520104804520000,6,25,1,72057594037931040,2,0.063,-0.047,1.523,2,0.133,0.242,1.581,2,0.194,0.517,1.626,2,0.229,0.649,1.603,2,0.024,0.469,1.631,2,-0.149,0.650,1.637,2,-0.185,0.821,1.570,2,-0.183,0.817,1.570,2,0.342,0.377,1.596,2,0.528,0.439,1.506,2,0.534,0.619,1.436,2,0.516,0.691,1.415,2,-0.023,-0.020,1.497,2,-0.176,0.206,1.134,2,-0.324,0.021,0.749,2,-0.358,0.030,0.754,2,0.146,-0.071,1.472,2,0.062,-0.362,1.343,2,0.047,-0.785,1.403,1,0.042,-0.806,1.274,2,0.179,0.450,1.617,2,-0.200,0.889,1.563,2,-0.194,0.798,1.536,2,0.492,0.740,1.367,2,0.457,0.671,1.343,0,0,0,0,0
2.319|kb,14520108109340000,6,25,1,72057594037931040,2,0.063,-0.047,1.525,2,0.132,0.242,1.582,2,0.193,0.517,1.626,2,0.226,0.649,1.601,2,0.023,0.469,1.631,2,-0.151,0.650,1.636,2,-0.188,0.820,1.567,2,-0.187,0.812,1.566,2,0.341,0.378,1.596,2,0.527,0.440,1.504,2,0.539,0.615,1.435,2,0.515,0.690,1.412,2,-0.023,-0.021,1.500,2,-0.177,0.204,1.137,2,-0.327,0.013,0.752,2,-0.360,0.030,0.754,2,0.146,-0.071,1.474,2,0.062,-0.362,1.344,2,0.047,-0.786,1.404,1,0.042,-0.806,1.274,2,0.178,0.451,1.617,2,-0.194,0.877,1.547,2,-0.171,0.855,1.525,2,0.493,0.743,1.366,2,0.483,0.674,1.320,0,0,0,0,0
2.352|kb,14520111510820000,6,25,1,72057594037931040,2,0.064,-0.048,1.528,2,0.132,0.243,1.583,2,0.191,0.518,1.625,2,0.223,0.649,1.599,2,0.022,0.469,1.631,2,-0.154,0.648,1.636,2,-0.191,0.817,1.563,2,-0.193,0.809,1.563,2,0.340,0.378,1.596,2,0.525,0.441,1.501,2,0.531,0.619,1.427,2,0.513,0.691,1.404,2,-0.022,-0.022,1.503,2,-0.178,0.202,1.141,2,-0.329,0.001,0.756,2,-0.314,-0.047,0.782,2,0.147,-0.071,1.477,2,0.062,-0.361,1.346,2,0.047,-0.786,1.405,1,0.042,-0.804,1.275,2,0.177,0.451,1.617,2,-0.213,0.882,1.557,2,-0.177,0.851,1.504,2,0.488,0.742,1.356,2,0.450,0.668,1.330,0,0,0,0,0
2.385|kb,14520114802130000,6,25,1,72057594037931040,2,0.065,-0.048,1.530,2,0.131,0.243,1.583,2,0.190,0.518,1.624,2,0.219,0.648,1.595,2,0.021,0.469,1.630,2,-0.157,0.647,1.635,2,-0.197,0.814,1.559,2,-0.198,0.807,1.559,2,0.339,0.379,1.596,2,0.523,0.442,1.498,2,0.513,0.640,1.418,2,0.510,0.692,1.395,2,-0.022,-0.023,1.505,2,-0.180,0.200,1.143,2,-0.332,-0.022,0.755,2,-0.323,-0.064,0.778,2,0.148,-0.072,1.479,2,0.062,-0.361,1.346,2,0.047,-0.786,1.405,1,0.041,-0.804,1.275,2,0.176,0.451,1.616,2,-0.211,0.869,1.539,2,-0.209,0.804,1.523,2,0.490,0.741,1.348,2,0.456,0.668,1.321,0,0,0,0,0
2.427|kb,14520121512150000,6,25,1,72057594037931040,2,0.066,-0.050,1.537,2,0.130,0.243,1.584,2,0.188,0.519,1.623,2,0.211,0.647,1.588,2,0.018,0.469,1.629,2,-0.165,0.642,1.632,2,-0.206,0.807,1.551,2,-0.212,0.800,1.551,2,0.336,0.380,1.595,2,0.519,0.441,1.491,2,0.524,0.623,1.408,2,0.511,0.690,1.388,2,-0.021,-0.026,1.512,2,-0.182,0.185,1.164,2,-0.334,-0.031,0.775,2,-0.328,-0.060,0.776,2,0.149,-0.072,1.485,2,0.063,-0.361,1.350,2,0.052,-0.774,1.412,1,0.046,-0.791,1.281,2,0.174,0.452,1.616,2,-0.230,0.863,1.534,2,-0.200,0.834,1.481,2,0.491,0.740,1.342,2,0.442,0.664,1.328,0,0,0,0,0
2.486|kb,14520124805520000,6,25,1,72057594037931040,2,0.066,-0.051,1.539,2,0.129,0.242,1.585,2,0.186,0.519,1.622,2,0.207,0.647,1.585,2,0.017,0.470,1.629,2,-0.171,0.638,1.630,2,-0.215,0.801,1.545,2,-0.220,0.793,1.546,2,0.335,0.380,1.594,2,0.516,0.440,1.488,2,0.532,0.612,1.409,2,0.512,0.685,1.382,2,-0.021,-0.027,1.515,2,-0.184,0.182,1.168,1,-0.334,-0.030,0.776,2,-0.334,-0.060,0.784,2,0.150,-0.073,1.487,2,0.063,-0.361,1.352,2,0.051,-0.776,1.412,1,0.046,-0.791,1.281,2,0.173,0.452,1.616,2,-0.223,0.842,1.513,2,-0.202,0.826,1.470,2,0.496,0.735,1.333,2,0.440,0.656,1.315,0,0,0,0,0
2.519|kb,14520128109700000,6,25,1,72057594037931040,2,0.067,-0.051,1.542,2,0.129,0.243,1.586,2,0.185,0.520,1.621,2,0.202,0.648,1.581,2,0.014,0.470,1.629,2,-0.179,0.632,1.627,2,-0.224,0.793,1.538,2,-0.231,0.787,1.537,2,0.334,0.381,1.594,2,0.515,0.439,1.484,2,0.533,0.611,1.407,2,0.513,0.681,1.376,2,-0.020,-0.027,1.517,2,-0.185,0.180,1.171,2,-0.346,-0.090,0.783,2,-0.312,-0.023,0.714,2,0.150,-0.073,1.490,2,0.064,-0.361,1.355,2,0.052,-0.776,1.413,1,0.045,-0.789,1.280,2,0.172,0.452,1.615,2,-0.234,0.836,1.502,2,-0.216,0.812,1.444,2,0.495,0.725,1.322,2,0.441,0.652,1.311,0,0,0,0,0
2.553|kb,14520131512510000,6,25,1,72057594037931040,2,0.066,-0.051,1.545,2,0.127,0.243,1.587,2,0.183,0.521,1.621,2,0.198,0.650,1.578,2,0.012,0.470,1.628,2,-0.185,0.627,1.621,2,-0.235,0.785,1.529,2,-0.243,0.783,1.526,2,0.332,0.382,1.594,2,0.513,0.437,1.482,2,0.533,0.609,1.404,2,0.514,0.675,1.366,2,-0.021,-0.028,1.520,2,-0.188,0.170,1.170,1,-0.348,-0.097,0.779,2,-0.381,-0.090,0.800,2,0.149,-0.072,1.493,2,0.064,-0.361,1.359,2,0.051,-0.776,1.413,1,0.045,-0.786,1.279,2,0.170,0.453,1.615,2,-0.242,0.815,1.449,2,-0.229,0.800,1.432,2,0.494,0.718,1.314,2,0.443,0.641,1.302,0,0,0,0,0
2.583|kb,14520134802150000,6,25,1,72057594037931040,2,0.067,-0.051,1.548,2,0.127,0.243,1.588,2,0.181,0.522,1.620,2,0.193,0.652,1.575,2,0.010,0.470,1.626,2,-0.193,0.621,1.611,2,-0.250,0.773,1.512,2,-0.256,0.771,1.515,2,0.331,0.384,1.593,2,0.512,0.436,1.480,2,0.534,0.606,1.399,2,0.517,0.665,1.359,2,-0.021,-0.029,1.523,2,-0.189,0.163,1.174,2,-0.377,-0.125,0.828,2,-0.344,-0.056,0.749,2,0.151,-0.071,1.497,2,0.065,-0.360,1.364,2,0.051,-0.776,1.414,1,0.045,-0.784,1.279,2,0.169,0.454,1.615,2,-0.262,0.814,1.464,2,-0.241,0.797,1.429,2,0.499,0.701,1.296,2,0.446,0.630,1.295,0,0,0,0,0
2.618|kb,14520138108940000,6,25,1,72057594037931040,2,0.068,-0.051,1.552,2,0.126,0.244,1.590,2,0.179,0.523,1.619,2,0.186,0.655,1.572,2,0.006,0.470,1.625,2,-0.194,0.611,1.601,2,-0.263,0.756,1.500,2,-0.272,0.781,1.477,2,0.329,0.385,1.593,2,0.511,0.435,1.479,2,0.530,0.600,1.387,2,0.521,0.654,1.354,2,-0.020,-0.029,1.527,2,-0.191,0.151,1.173,2,-0.381,-0.140,0.857,2,-0.348,-0.074,0.768,2,0.152,-0.069,1.501,2,0.067,-0.359,1.370,2,0.051,-0.776,1.415,1,0.044,-0.782,1.279,2,0.167,0.455,1.614,2,-0.268,0.774,1.368,2,-0.266,0.727,1.473,2,0.507,0.694,1.293,2,0.448,0.617,1.280,0,0,0,0,0
2.651|kb,14520141510290000,6,25,1,72057594037931040,2,0.072,-0.050,1.556,2,0.126,0.245,1.591,2,0.177,0.524,1.618,2,0.180,0.658,1.569,2,0.003,0.470,1.624,2,-0.194,0.601,1.595,2,-0.271,0.741,1.492,2,-0.288,0.766,1.477,2,0.327,0.387,1.592,2,0.510,0.434,1.479,2,0.531,0.598,1.385,2,0.526,0.648,1.349,2,-0.016,-0.030,1.529,2,-0.192,0.134,1.178,2,-0.387,-0.187,0.905,2,-0.401,-0.117,0.830,2,0.157,-0.067,1.506,2,0.070,-0.360,1.379,2,0.052,-0.777,1.417,1,0.044,-0.779,1.280,2,0.166,0.456,1.614,2,-0.317,0.781,1.374,2,-0.286,0.759,1.356,2,0.513,0.685,1.282,2,0.455,0.609,1.276,0,0,0,0,0
2.686|kb,14520144802880000,6,25,1,72057594037931040,2,0.074,-0.050,1.558,2,0.126,0.245,1.591,2,0.175,0.526,1.617,2,0.172,0.663,1.567,2,0.001,0.471,1.623,2,-0.199,0.592,1.589,2,-0.281,0.728,1.483,2,-0.300,0.745,1.463,2,0.325,0.389,1.592,2,0.509,0.434,1.479,2,0.533,0.595,1.381,2,0.530,0.641,1.343,2,-0.014,-0.031,1.531,2,-0.178,0.113,1.207,2,-0.373,-0.192,0.943,2,-0.415,-0.080,0.850,2,0.159,-0.066,1.508,2,0.072,-0.360,1.383,2,0.053,-0.777,1.418,1,0.045,-0.778,1.281,2,0.164,0.457,1.614,2,-0.335,0.765,1.350,2,-0.301,0.709,1.410,2,0.527,0.680,1.279,2,0.460,0.600,1.269,0,0,0,0,0
2.719|kb,14520148108870000,6,25,1,72057594037931040,2,0.076,-0.048,1.561,2,0.126,0.247,1.592,2,0.172,0.528,1.616,2,0.165,0.668,1.563,2,-0.002,0.471,1.622,2,-0.208,0.585,1.578,2,-0.295,0.718,1.473,2,-0.321,0.742,1.419,2,0.323,0.392,1.592,2,0.509,0.434,1.478,2,0.535,0.593,1.376,2,0.537,0.636,1.336,2,-0.013,-0.030,1.533,2,-0.187,0.081,1.199,2,-0.353,-0.220,0.991,2,-0.401,-0.117,0.882,2,0.161,-0.063,1.512,2,0.074,-0.360,1.388,2,0.053,-0.778,1.419,1,0.046,-0.777,1.282,2,0.162,0.459,1.613,2,-0.337,0.745,1.312,2,-0.315,0.728,1.305,2,0.537,0.673,1.273,2,0.464,0.590,1.257,0,0,0,0,0
2.751|kb,14520151510260000,6,25,1,72057594037931040,2,0.077,-0.044,1.566,2,0.123,0.250,1.592,2,0.158,0.533,1.601,2,0.158,0.672,1.560,2,-0.019,0.480,1.615,2,-0.221,0.579,1.566,2,-0.314,0.701,1.451,2,-0.337,0.728,1.384,2,0.314,0.408,1.582,2,0.508,0.434,1.477,2,0.539,0.590,1.371,2,0.544,0.632,1.328,2,-0.012,-0.028,1.537,2,-0.197,0.046,1.200,2,-0.348,-0.290,1.012,2,-0.380,-0.291,0.930,2,0.163,-0.058,1.518,2,0.076,-0.359,1.394,2,0.053,-0.780,1.425,1,0.043,-0.779,1.288,2,0.151,0.464,1.603,2,-0.348,0.730,1.288,2,-0.316,0.697,1.298,2,0.544,0.675,1.275,2,0.469,0.583,1.252,0,0,0,0,0
2.783|kb,14520154802770000,6,25,1,72057594037931040,2,0.072,-0.042,1.570,2,0.116,0.254,1.592,2,0.153,0.536,1.598,2,0.151,0.677,1.556,2,-0.025,0.483,1.613,2,-0.233,0.571,1.555,2,-0.326,0.687,1.434,2,-0.355,0.709,1.327,2,0.311,0.413,1.578,2,0.507,0.434,1.475,2,0.543,0.585,1.364,2,0.550,0.628,1.319,2,-0.016,-0.025,1.542,2,-0.203,0.024,1.198,2,-0.346,-0.358,1.029,2,-0.370,-0.337,0.955,2,0.157,-0.056,1.521,2,0.078,-0.358,1.401,2,0.054,-0.780,1.426,1,0.043,-0.779,1.289,2,0.144,0.468,1.599,2,-0.356,0.711,1.264,2,-0.318,0.679,1.270,2,0.537,0.667,1.244,2,0.472,0.576,1.250,0,0,0,0,0
2.819|kb,14520158113280000,6,25,1,72057594037931040,2,0.071,-0.040,1.572,2,0.113,0.256,1.591,2,0.148,0.539,1.594,2,0.143,0.681,1.552,2,-0.030,0.484,1.610,2,-0.239,0.561,1.548,2,-0.338,0.663,1.417,2,-0.366,0.683,1.317,2,0.306,0.419,1.575,2,0.505,0.431,1.472,2,0.547,0.579,1.358,2,0.555,0.617,1.312,2,-0.017,-0.023,1.545,1,-0.205,0.021,1.198,2,-0.324,-0.400,1.068,2,-0.357,-0.353,0.977,2,0.155,-0.055,1.523,2,0.079,-0.359,1.406,2,0.054,-0.781,1.429,1,0.042,-0.779,1.291,2,0.140,0.471,1.596,2,-0.371,0.685,1.248,2,-0.363,0.629,1.259,2,0.565,0.673,1.290,2,0.473,0.568,1.244,0,0,0,0,0
2.851|kb,14520161510520000,6,25,1,72057594037931040,2,0.069,-0.039,1.574,2,0.110,0.259,1.591,2,0.144,0.542,1.591,2,0.136,0.686,1.548,2,-0.033,0.485,1.608,2,-0.244,0.543,1.544,2,-0.357,0.625,1.336,2,-0.374,0.645,1.279,2,0.303,0.422,1.573,2,0.501,0.424,1.470,2,0.551,0.567,1.353,2,0.558,0.603,1.306,2,-0.018,-0.022,1.548,1,-0.209,0.018,1.200,2,-0.302,-0.433,1.112,2,-0.334,-0.403,1.018,2,0.153,-0.053,1.525,2,0.080,-0.360,1.411,2,0.054,-0.780,1.431,1,0.042,-0.778,1.293,2,0.136,0.473,1.594,2,-0.381,0.657,1.227,2,-0.372,0.595,1.224,2,0.564,0.660,1.284,2,0.475,0.556,1.243,0,0,0,0,0
2.885|kb,14520164802090000,6,25,1,72057594037931040,2,0.064,-0.036,1.578,2,0.105,0.261,1.591,2,0.141,0.544,1.589,2,0.129,0.689,1.544,2,-0.040,0.485,1.603,2,-0.271,0.528,1.522,2,-0.357,0.601,1.346,2,-0.380,0.613,1.261,2,0.300,0.424,1.571,2,0.503,0.368,1.483,2,0.551,0.543,1.350,2,0.558,0.583,1.298,2,-0.023,-0.020,1.551,1,-0.081,-0.207,1.268,2,-0.310,-0.494,1.133,2,-0.331,-0.453,1.050,2,0.148,-0.049,1.527,2,0.080,-0.358,1.416,2,0.053,-0.779,1.432,1,0.043,-0.778,1.295,2,0.133,0.476,1.592,2,-0.381,0.622,1.198,2,-0.337,0.584,1.221,2,0.553,0.632,1.240,2,0.475,0.537,1.237,0,0,0,0,0
2.917|kb,14520168109610000,6,25,1,72057594037931040,2,0.057,-0.033,1.579,2,0.096,0.265,1.588,2,0.131,0.549,1.582,2,0.121,0.692,1.540,2,-0.047,0.486,1.598,2,-0.278,0.520,1.517,2,-0.365,0.566,1.328,2,-0.386,0.573,1.227,2,0.298,0.425,1.569,2,0.500,0.365,1.484,2,0.550,0.524,1.346,2,0.556,0.559,1.289,2,-0.029,-0.019,1.553,1,-0.080,-0.208,1.270,2,-0.302,-0.544,1.168,2,-0.319,-0.507,1.091,2,0.141,-0.045,1.529,2,0.079,-0.358,1.418,2,0.053,-0.778,1.433,1,0.043,-0.777,1.295,2,0.123,0.480,1.586,2,-0.388,0.567,1.188,2,-0.340,0.556,1.210,2,0.553,0.599,1.215,2,0.470,0.516,1.230,0,0,0,0,0
2.952|kb,14520171510530000,6,25,1,72057594037931040,2,0.048,-0.030,1.582,2,0.089,0.268,1.587,2,0.125,0.552,1.578,2,0.114,0.695,1.536,2,-0.052,0.487,1.594,2,-0.289,0.503,1.508,2,-0.369,0.541,1.317,2,-0.390,0.541,1.216,2,0.286,0.430,1.564,2,0.496,0.360,1.484,2,0.548,0.502,1.344,2,0.554,0.536,1.280,2,-0.037,-0.017,1.556,2,-0.196,-0.156,1.239,2,-0.255,-0.563,1.225,2,-0.305,-0.556,1.132,2,0.131,-0.043,1.530,2,0.079,-0.357,1.421,2,0.052,-0.778,1.434,1,0.042,-0.777,1.296,2,0.117,0.483,1.583,2,-0.392,0.536,1.175,2,-0.342,0.518,1.193,2,0.554,0.565,1.196,2,0.467,0.496,1.224,0,0,0,0,0
2.984|kb,14520174802060000,6,25,1,72057594037931040,2,0.034,-0.029,1.583,2,0.078,0.270,1.585,2,0.118,0.554,1.574,2,0.107,0.698,1.533,2,-0.058,0.487,1.590,2,-0.293,0.479,1.509,2,-0.371,0.507,1.324,2,-0.395,0.506,1.217,2,0.278,0.434,1.561,2,0.489,0.353,1.481,2,0.545,0.486,1.340,2,0.553,0.513,1.270,2,-0.050,-0.015,1.558,2,-0.136,-0.215,1.287,2,-0.247,-0.610,1.261,2,-0.297,-0.604,1.181,2,0.116,-0.042,1.531,2,0.078,-0.357,1.423,2,0.052,-0.777,1.435,1,0.042,-0.776,1.297,2,0.108,0.485,1.579,2,-0.387,0.506,1.138,2,-0.359,0.520,1.249,2,0.553,0.537,1.178,2,0.466,0.479,1.218,0,0,0,0,0
3.019|kb,14520178108890000,6,25,1,72057594037931040,2,0.025,-0.029,1.583,2,0.069,0.271,1.583,2,0.110,0.556,1.570,2,0.101,0.700,1.530,2,-0.065,0.487,1.586,2,-0.294,0.462,1.509,2,-0.374,0.481,1.326,2,-0.400,0.476,1.217,2,0.272,0.435,1.559,2,0.478,0.342,1.481,2,0.539,0.464,1.336,2,0.549,0.489,1.260,2,-0.059,-0.015,1.558,2,-0.177,-0.220,1.275,2,-0.219,-0.637,1.298,2,-0.274,-0.647,1.216,2,0.107,-0.042,1.532,2,0.035,-0.349,1.403,2,0.054,-0.773,1.437,1,0.049,-0.783,1.302,2,0.101,0.487,1.576,2,-0.410,0.454,1.153,2,-0.361,0.462,1.192,2,0.554,0.513,1.172,2,0.462,0.464,1.215,0,0,0,0,0
3.050|kb,14520181510840000,6,25,1,72057594037931040,2,0.016,-0.031,1.582,2,0.062,0.272,1.581,2,0.104,0.558,1.567,2,0.095,0.703,1.527,2,-0.072,0.486,1.581,2,-0.299,0.440,1.507,2,-0.351,0.378,1.256,2,-0.404,0.443,1.217,2,0.265,0.436,1.557,2,0.468,0.334,1.483,2,0.535,0.444,1.331,2,0.547,0.464,1.250,2,-0.067,-0.016,1.556,2,-0.174,-0.255,1.287,2,-0.201,-0.671,1.336,2,-0.256,-0.692,1.252,2,0.097,-0.044,1.531,2,0.037,-0.352,1.405,2,0.055,-0.771,1.438,1,0.050,-0.782,1.302,2,0.094,0.488,1.573,2,-0.419,0.421,1.146,2,-0.356,0.426,1.169,2,0.555,0.483,1.156,2,0.461,0.449,1.208,0,0,0,0,0
3.084|kb,14520184802150000,6,25,1,72057594037931040,2,0.009,-0.034,1.579,2,0.055,0.271,1.578,2,0.097,0.559,1.563,2,0.087,0.705,1.524,2,-0.080,0.483,1.576,2,-0.301,0.420,1.505,2,-0.384,0.406,1.255,2,-0.414,0.410,1.203,2,0.257,0.437,1.554,2,0.457,0.326,1.485,2,0.529,0.417,1.325,2,0.545,0.435,1.242,2,-0.074,-0.020,1.551,2,-0.163,-0.310,1.306,2,-0.194,-0.707,1.355,2,-0.236,-0.730,1.295,2,0.091,-0.046,1.529,2,0.041,-0.354,1.411,2,0.055,-0.771,1.439,1,0.049,-0.782,1.303,2,0.087,0.489,1.569,2,-0.422,0.392,1.126,2,-0.363,0.400,1.171,2,0.559,0.450,1.150,2,0.460,0.427,1.199,0,0,0,0,0
3.120|kb,14520188109160000,6,25,1,72057594037931040,2,0.002,-0.036,1.576,2,0.047,0.272,1.574,2,0.088,0.563,1.559,2,0.080,0.708,1.520,2,-0.088,0.481,1.571,2,-0.302,0.403,1.506,2,-0.386,0.384,1.318,2,-0.420,0.377,1.204,2,0.250,0.437,1.552,2,0.447,0.316,1.485,2,0.523,0.392,1.321,2,0.541,0.403,1.239,2,-0.080,-0.022,1.548,2,-0.158,-0.320,1.316,2,-0.187,-0.705,1.365,1,-0.193,-0.710,1.226,2,0.084,-0.048,1.527,2,0.045,-0.371,1.417,2,0.054,-0.772,1.440,1,0.048,-0.781,1.303,2,0.078,0.492,1.565,2,-0.433,0.354,1.133,2,-0.372,0.371,1.166,2,0.557,0.418,1.146,2,0.460,0.402,1.194,0,0,0,0,0
3.152|kb,14520191510330000,6,25,1,72057594037931040,2,-0.003,-0.038,1.572,2,0.039,0.272,1.569,2,0.077,0.565,1.553,2,0.071,0.711,1.515,2,-0.097,0.479,1.566,2,-0.309,0.383,1.503,2,-0.386,0.368,1.319,2,-0.422,0.343,1.205,2,0.241,0.439,1.549,2,0.430,0.302,1.491,2,0.511,0.352,1.320,2,0.536,0.369,1.240,2,-0.085,-0.025,1.543,2,-0.147,-0.351,1.345,2,-0.175,-0.730,1.389,1,-0.180,-0.737,1.251,2,0.079,-0.049,1.523,2,0.056,-0.393,1.429,2,0.053,-0.775,1.441,1,0.046,-0.780,1.303,2,0.068,0.494,1.560,2,-0.440,0.318,1.135,2,-0.375,0.327,1.164,2,0.559,0.375,1.150,2,0.460,0.371,1.192,0,0,0,0,0
3.185|kb,14520194804640000,6,25,1,72057594037931040,2,-0.008,-0.040,1.568,2,0.030,0.272,1.565,2,0.065,0.567,1.549,2,0.062,0.714,1.511,2,-0.106,0.479,1.560,2,-0.310,0.377,1.501,2,-0.391,0.336,1.318,2,-0.428,0.310,1.209,2,0.230,0.441,1.547,2,0.412,0.290,1.495,2,0.502,0.328,1.323,2,0.528,0.331,1.241,2,-0.090,-0.028,1.538,2,-0.142,-0.359,1.358,2,-0.173,-0.738,1.393,1,-0.176,-0.742,1.255,2,0.074,-0.050,1.520,2,0.056,-0.397,1.431,2,0.052,-0.777,1.441,1,0.047,-0.780,1.304,2,0.057,0.496,1.555,2,-0.444,0.287,1.134,2,-0.382,0.288,1.162,2,0.551,0.338,1.153,2,0.452,0.333,1.189,0,0,0,0,0
3.219|kb,14520198111650000,6,25,1,72057594037931040,2,-0.015,-0.042,1.564,2,0.022,0.272,1.561,2,0.055,0.570,1.545,2,0.051,0.717,1.508,2,-0.115,0.478,1.555,2,-0.309,0.366,1.500,2,-0.399,0.299,1.338,2,-0.434,0.276,1.224,2,0.219,0.443,1.545,2,0.393,0.277,1.500,2,0.490,0.295,1.324,2,0.520,0.295,1.244,2,-0.096,-0.031,1.533,2,-0.135,-0.382,1.388,2,-0.172,-0.764,1.406,1,-0.173,-0.759,1.268,2,0.068,-0.051,1.518,2,0.056,-0.401,1.433,2,0.052,-0.780,1.442,1,0.047,-0.782,1.305,2,0.047,0.497,1.551,2,-0.450,0.254,1.144,2,-0.401,0.273,1.175,2,0.544,0.297,1.156,2,0.444,0.300,1.191,0,0,0,0,0
3.251|kb,14520201511370000,6,25,1,72057594037931040,2,-0.020,-0.044,1.562,2,0.013,0.272,1.558,2,0.043,0.572,1.541,2,0.040,0.719,1.505,2,-0.126,0.476,1.549,2,-0.316,0.346,1.492,2,-0.408,0.282,1.331,2,-0.444,0.232,1.210,2,0.207,0.445,1.544,2,0.380,0.270,1.500,2,0.482,0.268,1.322,2,0.511,0.257,1.249,2,-0.102,-0.034,1.530,2,-0.137,-0.395,1.404,2,-0.172,-0.769,1.407,1,-0.170,-0.758,1.269,2,0.062,-0.052,1.516,2,0.055,-0.407,1.434,2,0.051,-0.782,1.442,1,0.048,-0.783,1.305,2,0.036,0.499,1.547,2,-0.471,0.196,1.136,2,-0.418,0.232,1.149,2,0.539,0.263,1.173,2,0.440,0.266,1.195,0,0,0,0,0
3.283|kb,14520204801950000,6,25,1,72057594037931040,2,-0.027,-0.046,1.559,2,0.001,0.272,1.555,2,0.027,0.573,1.538,2,0.027,0.720,1.502,2,-0.139,0.474,1.542,2,-0.315,0.344,1.493,2,-0.407,0.258,1.341,2,-0.438,0.208,1.237,2,0.195,0.446,1.543,2,0.357,0.258,1.502,1,0.450,0.159,1.276,2,0.500,0.219,1.255,2,-0.108,-0.037,1.525,2,-0.138,-0.394,1.416,2,-0.171,-0.772,1.409,1,-0.167,-0.758,1.272,2,0.055,-0.053,1.515,2,0.053,-0.409,1.435,2,0.050,-0.783,1.443,1,0.049,-0.785,1.306,2,0.021,0.500,1.544,2,-0.464,0.174,1.159,2,-0.412,0.171,1.189,2,0.530,0.224,1.189,2,0.429,0.225,1.193,0,0,0,0,0
3.313|kb,14520208109770000,6,25,1,72057594037931040,2,-0.036,-0.048,1.556,2,-0.009,0.271,1.552,2,0.015,0.572,1.534,2,0.014,0.721,1.500,2,-0.153,0.471,1.537,2,-0.320,0.333,1.487,2,-0.412,0.194,1.283,2,-0.450,0.155,1.214,2,0.181,0.447,1.542,2,0.329,0.247,1.509,2,0.438,0.196,1.335,2,0.483,0.182,1.265,2,-0.116,-0.040,1.521,2,-0.140,-0.393,1.424,2,-0.170,-0.772,1.409,1,-0.164,-0.757,1.272,2,0.046,-0.054,1.513,2,0.052,-0.410,1.435,2,0.050,-0.784,1.444,1,0.051,-0.785,1.307,2,0.009,0.499,1.541,2,-0.477,0.116,1.150,2,-0.419,0.140,1.214,2,0.516,0.183,1.195,2,0.417,0.187,1.204,0,0,0,0,0
3.358|kb,14520211519500000,6,25,1,72057594037931040,2,-0.041,-0.049,1.553,2,-0.020,0.271,1.549,2,-0.001,0.573,1.532,2,0.001,0.723,1.499,2,-0.164,0.469,1.532,2,-0.321,0.313,1.484,2,-0.408,0.199,1.351,2,-0.443,0.137,1.248,2,0.167,0.450,1.542,2,0.309,0.240,1.512,2,0.427,0.174,1.339,2,0.463,0.144,1.279,2,-0.121,-0.042,1.517,2,-0.143,-0.392,1.428,2,-0.170,-0.772,1.409,1,-0.162,-0.756,1.272,2,0.041,-0.054,1.511,2,0.050,-0.412,1.434,2,0.048,-0.785,1.444,1,0.050,-0.788,1.308,2,-0.006,0.500,1.538,2,-0.471,0.088,1.170,2,-0.418,0.097,1.207,2,0.499,0.143,1.212,2,0.404,0.150,1.215,0,0,0,0,0
3.387|kb,14520214812050000,6,25,1,72057594037931040,2,-0.047,-0.049,1.550,2,-0.030,0.272,1.547,2,-0.015,0.576,1.532,2,-0.012,0.725,1.499,2,-0.173,0.470,1.529,2,-0.342,0.286,1.471,2,-0.420,0.139,1.299,2,-0.447,0.098,1.250,2,0.155,0.453,1.542,2,0.283,0.235,1.512,2,0.384,0.135,1.378,2,0.440,0.102,1.296,2,-0.127,-0.043,1.513,2,-0.146,-0.391,1.431,2,-0.171,-0.770,1.410,1,-0.162,-0.755,1.273,2,0.036,-0.053,1.509,2,0.048,-0.413,1.433,2,0.047,-0.785,1.444,1,0.051,-0.788,1.308,2,-0.019,0.502,1.538,2,-0.477,0.039,1.181,2,-0.416,0.065,1.220,2,0.480,0.092,1.246,2,0.389,0.113,1.228,0,0,0,0,0
3.419|kb,14520218110040000,6,25,1,72057594037931040,2,-0.052,-0.050,1.545,2,-0.038,0.272,1.544,2,-0.027,0.576,1.531,2,-0.023,0.726,1.499,2,-0.183,0.471,1.523,2,-0.344,0.280,1.469,2,-0.419,0.125,1.304,2,-0.444,0.071,1.261,2,0.144,0.454,1.542,2,0.264,0.227,1.508,2,0.367,0.115,1.386,2,0.413,0.059,1.313,2,-0.132,-0.044,1.506,2,-0.151,-0.391,1.433,2,-0.172,-0.770,1.410,1,-0.162,-0.755,1.274,2,0.031,-0.053,1.505,2,0.045,-0.413,1.432,2,0.046,-0.785,1.444,1,0.053,-0.789,1.308,2,-0.030,0.503,1.536,2,-0.473,0.006,1.194,2,-0.415,0.048,1.252,2,0.455,0.042,1.271,2,0.374,0.075,1.242,0,0,0,0,0
3.451|kb,14520221510440000,6,25,1,72057594037931040,2,-0.056,-0.050,1.540,2,-0.046,0.273,1.541,2,-0.040,0.579,1.530,2,-0.033,0.728,1.499,2,-0.194,0.470,1.519,2,-0.349,0.267,1.467,2,-0.419,0.119,1.336,2,-0.440,0.047,1.274,2,0.133,0.455,1.541,2,0.244,0.223,1.504,2,0.338,0.087,1.401,2,0.381,0.024,1.340,2,-0.137,-0.045,1.500,2,-0.154,-0.392,1.433,2,-0.172,-0.771,1.409,1,-0.161,-0.757,1.273,2,0.027,-0.053,1.502,2,0.043,-0.414,1.432,2,0.045,-0.785,1.445,1,0.053,-0.790,1.308,2,-0.041,0.504,1.535,2,-0.469,-0.023,1.207,2,-0.410,0.020,1.250,2,0.429,-0.008,1.307,2,0.358,0.035,1.268,0,0,0,0,0
3.483|kb,14520224802060000,6,25,1,72057594037931040,2,-0.061,-0.050,1.535,2,-0.054,0.274,1.539,2,-0.050,0.580,1.531,2,-0.041,0.729,1.500,2,-0.203,0.471,1.517,2,-0.344,0.265,1.473,2,-0.414,0.107,1.345,2,-0.431,0.028,1.287,2,0.123,0.457,1.541,2,0.204,0.249,1.522,2,0.296,0.088,1.426,2,0.340,0.005,1.368,2,-0.141,-0.045,1.494,2,-0.157,-0.391,1.432,2,-0.172,-0.770,1.410,1,-0.161,-0.757,1.273,2,0.022,-0.052,1.499,2,0.040,-0.413,1.431,2,0.044,-0.784,1.445,1,0.053,-0.790,1.308,2,-0.051,0.506,1.535,2,-0.453,-0.038,1.226,2,-0.400,0.001,1.264,2,0.391,-0.049,1.320,2,0.326,0.010,1.302,0,0,0,0,0
