0.000|kb,81935386465460000,6,25,0,0,0,0,0,1,72057594037962551,2,-0.011,0.205,1.977,2,-0.009,0.502,1.987,2,-0.006,0.786,1.988,2,-0.002,0.921,1.985,2,-0.175,0.656,1.956,2,-0.239,0.403,1.923,2,-0.190,0.197,1.819,2,-0.156,0.170,1.824,2,0.156,0.654,1.985,2,0.204,0.424,1.954,2,0.177,0.218,1.841,2,0.149,0.198,1.826,2,-0.082,0.202,1.937,2,-0.121,-0.087,1.980,2,-0.160,-0.382,2.124,2,-0.170,-0.414,2.032,2,0.060,0.201,1.949,2,0.090,-0.071,1.990,2,0.100,-0.287,2.113,2,0.131,-0.299,2.018,2,-0.007,0.717,1.989,2,-0.137,0.120,1.820,2,-0.185,0.152,1.821,2,0.115,0.120,1.815,2,0.164,0.155,1.851
0.046|kb,81935389873480000,6,25,0,0,0,0,0,1,72057594037962551,2,-0.011,0.205,1.977,2,-0.009,0.502,1.987,2,-0.006,0.786,1.987,2,-0.002,0.921,1.985,2,-0.175,0.657,1.956,2,-0.244,0.418,1.929,2,-0.153,0.240,1.800,2,-0.128,0.220,1.809,2,0.156,0.655,1.985,2,0.211,0.426,1.959,2,0.156,0.251,1.808,2,0.106,0.224,1.812,2,-0.082,0.202,1.937,2,-0.122,-0.085,1.980,2,-0.160,-0.383,2.123,2,-0.170,-0.418,2.037,2,0.060,0.201,1.950,2,0.089,-0.070,1.990,2,0.097,-0.278,2.115,2,0.125,-0.370,2.086,2,-0.007,0.717,1.989,2,-0.110,0.207,1.773,2,-0.144,0.178,1.846,2,0.081,0.191,1.780,2,0.119,0.180,1.847
0.080|kb,81935393164070000,6,25,0,0,0,0,0,1,72057594037962551,2,-0.010,0.206,1.978,2,-0.008,0.502,1.988,2,-0.006,0.787,1.987,2,-0.002,0.922,1.985,2,-0.175,0.657,1.957,2,-0.251,0.431,1.928,2,-0.157,0.298,1.754,2,-0.111,0.292,1.776,2,0.156,0.655,1.986,2,0.222,0.429,1.961,2,0.146,0.291,1.782,2,0.097,0.269,1.784,2,-0.081,0.203,1.938,2,-0.122,-0.085,1.980,2,-0.160,-0.383,2.122,2,-0.171,-0.416,2.031,2,0.061,0.202,1.951,2,0.089,-0.070,1.990,2,0.102,-0.300,2.129,2,0.115,-0.373,2.096,2,-0.007,0.717,1.989,2,-0.084,0.285,1.744,2,-0.097,0.258,1.810,2,0.063,0.247,1.753,2,0.096,0.227,1.826
0.105|kb,81935396464360000,6,25,0,0,0,0,0,1,72057594037962551,2,-0.010,0.207,1.979,2,-0.008,0.503,1.988,2,-0.006,0.787,1.988,2,-0.002,0.922,1.985,2,-0.175,0.658,1.958,2,-0.262,0.439,1.924,2,-0.142,0.359,1.734,2,-0.102,0.354,1.752,2,0.157,0.655,1.986,2,0.237,0.434,1.958,2,0.147,0.319,1.769,2,0.112,0.326,1.771,2,-0.081,0.204,1.939,2,-0.122,-0.084,1.980,2,-0.161,-0.381,2.115,2,-0.171,-0.421,2.054,2,0.061,0.203,1.951,2,0.089,-0.069,1.990,2,0.102,-0.311,2.135,2,0.115,-0.372,2.078,2,-0.006,0.717,1.989,2,-0.071,0.350,1.722,2,-0.071,0.335,1.789,2,0.053,0.302,1.733,2,0.094,0.276,1.830
0.145|kb,81935399872550000,6,25,0,0,0,0,0,1,72057594037962551,2,-0.010,0.208,1.980,2,-0.008,0.503,1.989,2,-0.005,0.787,1.988,2,-0.002,0.922,1.985,2,-0.175,0.658,1.958,2,-0.273,0.433,1.883,2,-0.171,0.420,1.781,2,-0.125,0.413,1.739,2,0.157,0.656,1.987,2,0.252,0.445,1.928,2,0.118,0.367,1.747,2,0.107,0.370,1.753,2,-0.080,0.205,1.941,2,-0.123,-0.083,1.980,2,-0.156,-0.373,2.114,2,-0.173,-0.410,2.060,2,0.061,0.205,1.953,2,0.089,-0.068,1.990,2,0.104,-0.305,2.117,2,0.155,-0.261,2.065,2,-0.006,0.717,1.990,2,-0.066,0.412,1.707,2,-0.078,0.385,1.798,2,0.043,0.355,1.717,2,0.058,0.328,1.801
0.177|kb,81935403163480000,6,25,0,0,0,0,0,1,72057594037962551,2,-0.009,0.210,1.981,2,-0.008,0.504,1.989,2,-0.006,0.787,1.989,2,-0.002,0.922,1.985,2,-0.175,0.661,1.960,2,-0.275,0.450,1.870,2,-0.164,0.458,1.766,2,-0.119,0.461,1.720,2,0.157,0.656,1.988,2,0.249,0.455,1.893,2,0.148,0.424,1.789,2,0.098,0.413,1.741,2,-0.080,0.207,1.942,2,-0.123,-0.081,1.980,2,-0.160,-0.384,2.115,2,-0.173,-0.420,2.061,2,0.061,0.206,1.953,2,0.089,-0.067,1.990,2,0.093,-0.285,2.114,2,0.126,-0.366,2.105,2,-0.006,0.717,1.991,2,-0.059,0.475,1.695,2,-0.071,0.446,1.795,2,0.033,0.410,1.705,2,0.040,0.389,1.790
0.204|kb,81935406463870000,6,25,0,0,0,0,0,1,72057594037962551,2,-0.009,0.210,1.981,2,-0.007,0.504,1.989,2,-0.003,0.787,1.987,2,-0.002,0.922,1.986,2,-0.170,0.672,1.956,2,-0.269,0.453,1.862,2,-0.115,0.453,1.681,2,-0.113,0.507,1.706,2,0.156,0.656,1.988,2,0.280,0.445,1.903,2,0.100,0.459,1.745,2,0.096,0.462,1.734,2,-0.079,0.207,1.942,2,-0.123,-0.081,1.980,2,-0.157,-0.375,2.115,2,-0.177,-0.404,2.033,2,0.061,0.206,1.953,2,0.089,-0.067,1.990,2,0.095,-0.307,2.126,2,0.106,-0.387,2.054,2,-0.004,0.718,1.989,2,-0.052,0.528,1.687,2,-0.066,0.497,1.726,2,0.027,0.474,1.696,2,0.035,0.446,1.792
0.244|kb,81935409875480000,6,25,0,0,0,0,0,1,72057594037962551,2,-0.009,0.209,1.982,2,-0.007,0.504,1.989,2,-0.002,0.787,1.986,2,-0.002,0.921,1.987,2,-0.168,0.681,1.956,2,-0.267,0.465,1.853,2,-0.121,0.530,1.678,2,-0.113,0.552,1.703,2,0.156,0.658,1.990,2,0.250,0.454,1.882,2,0.143,0.491,1.778,2,0.091,0.511,1.731,2,-0.080,0.205,1.943,2,-0.123,-0.081,1.980,2,-0.158,-0.382,2.122,2,-0.178,-0.413,2.047,2,0.062,0.205,1.954,2,0.090,-0.066,1.991,2,0.107,-0.298,2.114,2,0.085,-0.278,2.026,2,-0.003,0.717,1.989,2,-0.050,0.577,1.690,2,-0.051,0.553,1.741,2,0.022,0.534,1.703,2,0.032,0.502,1.784
0.267|kb,81935413163670000,6,25,0,0,0,0,0,1,72057594037962551,2,-0.008,0.204,1.983,2,-0.005,0.502,1.989,2,0.001,0.788,1.984,2,-0.003,0.921,1.988,2,-0.163,0.672,1.953,2,-0.278,0.467,1.848,2,-0.130,0.577,1.701,2,-0.110,0.590,1.700,2,0.157,0.665,1.993,2,0.245,0.463,1.874,2,0.094,0.555,1.717,2,0.089,0.558,1.729,2,-0.079,0.199,1.945,2,-0.123,-0.081,1.980,2,-0.157,-0.381,2.121,2,-0.177,-0.412,2.051,2,0.063,0.201,1.954,2,0.090,-0.066,1.991,2,0.099,-0.299,2.122,2,0.113,-0.385,2.097,2,-0.001,0.718,1.987,2,-0.045,0.619,1.695,2,-0.058,0.588,1.743,2,0.021,0.588,1.712,2,0.042,0.542,1.744
0.310|kb,81935416464480000,6,25,0,0,0,0,0,1,72057594037962551,2,-0.008,0.200,1.983,2,-0.004,0.500,1.987,2,0.002,0.787,1.980,2,-0.003,0.921,1.988,1,-0.162,0.668,1.951,2,-0.279,0.492,1.805,2,-0.105,0.594,1.684,2,-0.095,0.632,1.703,2,0.154,0.676,1.994,2,0.253,0.466,1.869,2,0.102,0.591,1.739,2,0.079,0.604,1.734,2,-0.080,0.194,1.946,2,-0.123,-0.082,1.980,2,-0.158,-0.384,2.123,2,-0.177,-0.414,2.046,2,0.064,0.197,1.952,2,0.090,-0.065,1.989,2,0.101,-0.304,2.127,2,0.117,-0.376,2.070,2,0.000,0.717,1.984,2,-0.041,0.663,1.710,2,-0.128,0.650,1.702,2,0.018,0.640,1.729,2,0.026,0.595,1.754
0.350|kb,81935419863780000,6,25,0,0,0,0,0,1,72057594037962551,2,-0.008,0.199,1.983,2,-0.004,0.499,1.985,2,0.001,0.784,1.974,2,-0.003,0.923,1.988,1,-0.162,0.665,1.949,2,-0.278,0.496,1.803,2,-0.122,0.638,1.700,2,-0.101,0.659,1.711,1,0.153,0.677,1.993,2,0.253,0.483,1.854,2,0.090,0.601,1.733,2,0.074,0.642,1.743,2,-0.080,0.194,1.946,2,-0.123,-0.079,1.979,2,-0.158,-0.385,2.124,2,-0.177,-0.415,2.048,2,0.065,0.197,1.952,2,0.090,-0.064,1.989,2,0.102,-0.310,2.127,2,0.119,-0.381,2.046,2,0.000,0.714,1.979,2,-0.040,0.695,1.721,2,-0.142,0.675,1.715,2,0.017,0.682,1.747,2,0.022,0.633,1.733
0.378|kb,81935423163860000,6,25,0,0,0,0,0,1,72057594037962551,2,-0.007,0.199,1.983,2,-0.004,0.498,1.984,2,0.001,0.783,1.973,2,-0.004,0.925,1.988,2,-0.153,0.637,1.944,2,-0.288,0.476,1.828,2,-0.134,0.648,1.721,2,-0.092,0.694,1.723,1,0.153,0.679,1.993,2,0.254,0.487,1.852,2,0.107,0.636,1.749,2,0.087,0.664,1.753,2,-0.080,0.194,1.946,2,-0.123,-0.074,1.978,2,-0.159,-0.388,2.123,2,-0.179,-0.418,2.051,2,0.065,0.197,1.952,2,0.089,-0.062,1.987,2,0.102,-0.316,2.131,2,0.119,-0.378,2.046,2,0.000,0.713,1.978,2,-0.039,0.731,1.741,2,-0.109,0.715,1.720,2,0.024,0.713,1.759,2,0.026,0.663,1.737
0.401|kb,81935426463430000,6,25,0,0,0,0,0,1,72057594037962551,2,-0.007,0.199,1.982,2,-0.004,0.498,1.984,2,0.001,0.783,1.973,2,-0.004,0.927,1.988,1,-0.153,0.636,1.944,2,-0.257,0.531,1.752,2,-0.102,0.699,1.730,2,-0.093,0.714,1.737,2,0.139,0.654,1.976,2,0.254,0.501,1.829,2,0.100,0.657,1.752,2,0.078,0.699,1.766,2,-0.080,0.193,1.946,2,-0.124,-0.068,1.978,2,-0.160,-0.386,2.122,2,-0.175,-0.418,2.058,2,0.066,0.197,1.951,2,0.089,-0.059,1.985,2,0.101,-0.321,2.134,2,0.113,-0.377,2.045,2,0.000,0.713,1.978,2,-0.034,0.761,1.771,2,-0.101,0.744,1.739,2,0.022,0.750,1.788,2,0.037,0.691,1.738
0.442|kb,81935429871790000,6,25,0,0,0,0,0,1,72057594037962551,2,-0.008,0.199,1.982,2,-0.004,0.498,1.984,2,0.001,0.783,1.973,2,-0.004,0.928,1.988,1,-0.153,0.635,1.944,2,-0.256,0.536,1.748,2,-0.100,0.704,1.731,2,-0.099,0.724,1.746,2,0.132,0.642,1.967,2,0.254,0.510,1.804,2,0.105,0.683,1.771,2,0.082,0.718,1.779,2,-0.082,0.194,1.944,2,-0.124,-0.066,1.977,2,-0.161,-0.388,2.122,2,-0.176,-0.420,2.064,2,0.066,0.197,1.951,2,0.089,-0.052,1.982,2,0.101,-0.322,2.134,2,0.110,-0.372,2.041,2,0.000,0.713,1.978,2,-0.040,0.780,1.783,2,-0.143,0.728,1.729,2,0.027,0.771,1.805,2,0.098,0.666,1.793
0.465|kb,81935433163450000,6,25,0,0,0,0,0,1,72057594037962551,2,-0.008,0.200,1.981,2,-0.004,0.499,1.983,2,0.001,0.785,1.973,2,-0.004,0.928,1.987,1,-0.152,0.635,1.944,2,-0.254,0.540,1.745,2,-0.101,0.711,1.738,2,-0.105,0.731,1.755,2,0.132,0.638,1.964,2,0.256,0.527,1.788,2,0.100,0.695,1.777,2,0.091,0.726,1.787,2,-0.084,0.195,1.943,2,-0.124,-0.057,1.974,2,-0.160,-0.389,2.124,2,-0.178,-0.419,2.060,2,0.066,0.198,1.951,2,0.089,-0.050,1.981,2,0.100,-0.325,2.136,2,0.108,-0.371,2.041,2,0.000,0.715,1.978,2,-0.045,0.788,1.790,2,-0.159,0.730,1.729,2,0.034,0.785,1.819,2,0.095,0.681,1.796
0.502|kb,81935436464470000,6,25,0,0,0,0,0,1,72057594037962551,2,-0.009,0.202,1.980,2,-0.004,0.501,1.983,2,0.001,0.787,1.973,2,-0.004,0.928,1.987,1,-0.152,0.635,1.944,2,-0.250,0.547,1.740,2,-0.099,0.718,1.742,2,-0.097,0.756,1.770,2,0.131,0.637,1.963,2,0.256,0.530,1.785,2,0.111,0.707,1.791,2,0.099,0.733,1.797,2,-0.085,0.197,1.941,2,-0.125,-0.053,1.973,2,-0.160,-0.390,2.123,2,-0.177,-0.419,2.049,2,0.067,0.199,1.951,2,0.089,-0.050,1.981,2,0.099,-0.326,2.136,2,0.106,-0.370,2.039,2,0.000,0.717,1.977,2,-0.055,0.798,1.800,2,-0.118,0.776,1.767,2,0.041,0.791,1.830,2,0.091,0.678,1.786
0.543|kb,81935439869030000,6,25,0,0,0,0,0,1,72057594037962551,2,-0.009,0.204,1.979,2,-0.005,0.504,1.982,2,-0.002,0.794,1.976,2,-0.004,0.928,1.987,1,-0.154,0.636,1.945,2,-0.245,0.557,1.734,2,-0.096,0.728,1.748,2,-0.125,0.731,1.762,2,0.126,0.631,1.953,2,0.262,0.533,1.778,2,0.115,0.706,1.796,2,0.109,0.736,1.804,2,-0.087,0.199,1.939,2,-0.125,-0.047,1.972,2,-0.159,-0.389,2.120,2,-0.176,-0.419,2.058,2,0.067,0.201,1.950,2,0.089,-0.049,1.980,2,0.099,-0.328,2.137,2,0.103,-0.371,2.040,2,-0.003,0.723,1.979,2,-0.075,0.801,1.802,2,-0.177,0.744,1.748,2,0.049,0.796,1.837,2,0.110,0.666,1.781
0.565|kb,81935443164020000,6,25,0,0,0,0,0,1,72057594037962551,2,-0.010,0.207,1.977,2,-0.006,0.508,1.982,2,-0.003,0.798,1.976,2,-0.005,0.927,1.986,1,-0.154,0.638,1.945,2,-0.243,0.562,1.731,2,-0.101,0.737,1.760,2,-0.129,0.737,1.770,2,0.124,0.634,1.950,2,0.263,0.537,1.777,2,0.118,0.711,1.799,2,0.114,0.740,1.811,2,-0.087,0.203,1.937,2,-0.125,-0.041,1.969,2,-0.160,-0.393,2.124,2,-0.177,-0.419,2.043,2,0.067,0.205,1.949,2,0.090,-0.047,1.979,2,0.099,-0.328,2.137,2,0.101,-0.371,2.041,2,-0.004,0.727,1.980,2,-0.084,0.808,1.810,2,-0.193,0.740,1.788,2,0.057,0.800,1.848,2,0.111,0.674,1.790
0.603|kb,81935446464530000,6,25,0,0,0,0,0,1,72057594037962551,2,-0.009,0.213,1.975,2,-0.006,0.512,1.981,2,-0.004,0.800,1.977,2,-0.005,0.927,1.986,1,-0.155,0.639,1.946,2,-0.242,0.570,1.729,2,-0.123,0.755,1.776,2,-0.114,0.787,1.803,2,0.120,0.652,1.949,2,0.257,0.543,1.782,2,0.117,0.721,1.805,2,0.106,0.761,1.831,2,-0.087,0.207,1.935,2,-0.125,-0.040,1.968,2,-0.161,-0.391,2.123,2,-0.177,-0.417,2.037,2,0.069,0.211,1.948,2,0.092,-0.040,1.977,2,0.098,-0.327,2.136,2,0.098,-0.369,2.040,2,-0.004,0.729,1.980,2,-0.091,0.841,1.850,2,-0.163,0.776,1.770,2,0.053,0.820,1.883,2,0.090,0.716,1.817
0.646|kb,81935449875550000,6,25,0,0,0,0,0,1,72057594037962551,2,-0.009,0.216,1.974,2,-0.007,0.515,1.981,2,-0.006,0.803,1.978,2,-0.005,0.927,1.986,1,-0.157,0.641,1.947,2,-0.240,0.591,1.724,2,-0.115,0.768,1.784,2,-0.111,0.798,1.818,2,0.120,0.652,1.949,2,0.259,0.549,1.780,2,0.123,0.727,1.816,2,0.118,0.760,1.834,2,-0.087,0.210,1.934,2,-0.125,-0.039,1.968,2,-0.160,-0.391,2.124,2,-0.176,-0.422,2.052,2,0.069,0.214,1.947,2,0.092,-0.039,1.976,2,0.099,-0.330,2.141,2,0.099,-0.373,2.048,2,-0.006,0.733,1.981,2,-0.093,0.856,1.870,2,-0.116,0.825,1.819,2,0.064,0.822,1.881,2,0.114,0.698,1.802
0.677|kb,81935453164170000,6,25,0,0,0,0,0,1,72057594037962551,2,-0.008,0.218,1.973,2,-0.008,0.517,1.981,2,-0.007,0.805,1.979,2,-0.006,0.927,1.986,1,-0.159,0.643,1.948,2,-0.240,0.599,1.723,2,-0.116,0.773,1.790,2,-0.105,0.811,1.835,2,0.121,0.653,1.950,2,0.262,0.554,1.780,2,0.128,0.748,1.838,2,0.108,0.784,1.857,2,-0.087,0.213,1.932,2,-0.124,-0.038,1.967,2,-0.161,-0.394,2.123,2,-0.176,-0.424,2.048,2,0.070,0.217,1.947,2,0.092,-0.036,1.974,2,0.101,-0.329,2.137,2,0.101,-0.371,2.043,2,-0.007,0.735,1.982,2,-0.036,0.874,1.881,2,-0.022,0.868,1.862,2,0.075,0.832,1.890,2,0.062,0.775,1.916
0.700|kb,81935456463910000,6,25,0,0,0,0,0,1,72057594037962551,2,-0.008,0.220,1.972,2,-0.007,0.517,1.981,2,-0.006,0.804,1.979,2,-0.006,0.926,1.987,2,-0.153,0.646,1.944,2,-0.245,0.605,1.723,2,-0.124,0.778,1.797,2,-0.086,0.835,1.862,2,0.125,0.653,1.956,2,0.264,0.562,1.779,2,0.129,0.751,1.839,2,0.117,0.788,1.860,2,-0.086,0.215,1.930,2,-0.124,-0.039,1.967,2,-0.159,-0.381,2.117,2,-0.149,-0.400,2.002,2,0.070,0.218,1.946,2,0.092,-0.034,1.973,2,0.101,-0.328,2.136,2,0.106,-0.370,2.041,2,-0.007,0.734,1.981,2,-0.043,0.891,1.890,2,-0.023,0.885,1.868,2,0.083,0.836,1.894,2,0.068,0.775,1.922
0.744|kb,81935459865260000,6,25,0,0,0,0,0,1,72057594037962551,2,-0.008,0.220,1.971,2,-0.007,0.517,1.981,2,-0.006,0.803,1.979,2,-0.006,0.926,1.987,2,-0.153,0.634,1.939,2,-0.252,0.615,1.718,2,-0.126,0.780,1.801,2,-0.088,0.837,1.871,2,0.128,0.652,1.958,2,0.269,0.572,1.778,2,0.133,0.754,1.840,2,0.123,0.788,1.860,2,-0.085,0.215,1.929,2,-0.124,-0.039,1.967,2,-0.159,-0.376,2.115,2,-0.159,-0.406,2.009,2,0.070,0.219,1.946,2,0.093,-0.032,1.971,2,0.101,-0.329,2.137,2,0.108,-0.371,2.043,2,-0.006,0.733,1.981,2,-0.045,0.896,1.889,2,-0.100,0.788,1.897,2,0.089,0.845,1.910,2,0.071,0.775,1.927
0.766|kb,81935463163630000,6,25,0,0,0,0,0,1,72057594037962551,2,-0.006,0.221,1.970,2,-0.006,0.517,1.980,2,-0.005,0.801,1.979,2,-0.006,0.926,1.987,2,-0.153,0.630,1.937,2,-0.257,0.622,1.718,2,-0.128,0.783,1.804,2,-0.088,0.840,1.875,2,0.130,0.652,1.960,2,0.272,0.578,1.779,2,0.137,0.756,1.841,2,0.127,0.790,1.865,2,-0.084,0.215,1.927,2,-0.123,-0.040,1.966,2,-0.158,-0.372,2.114,2,-0.160,-0.408,2.011,2,0.071,0.220,1.945,2,0.094,-0.031,1.971,2,0.100,-0.332,2.140,2,0.107,-0.375,2.047,2,-0.006,0.732,1.981,2,-0.053,0.901,1.895,2,-0.102,0.791,1.895,2,0.087,0.843,1.912,2,0.075,0.773,1.927
0.804|kb,81935466463670000,6,25,0,0,0,0,0,1,72057594037962551,2,-0.006,0.221,1.969,2,-0.006,0.517,1.980,2,-0.005,0.801,1.979,2,-0.007,0.926,1.987,2,-0.154,0.628,1.936,2,-0.261,0.629,1.719,2,-0.131,0.786,1.808,1,-0.086,0.843,1.881,2,0.131,0.651,1.961,2,0.277,0.585,1.780,2,0.141,0.758,1.843,2,0.132,0.790,1.866,2,-0.083,0.215,1.925,2,-0.123,-0.040,1.964,2,-0.158,-0.370,2.112,2,-0.162,-0.410,2.013,2,0.071,0.220,1.945,2,0.094,-0.031,1.971,2,0.101,-0.330,2.139,2,0.109,-0.374,2.047,2,-0.006,0.732,1.981,2,-0.050,0.903,1.895,2,-0.102,0.789,1.898,2,0.091,0.847,1.919,2,0.111,0.763,1.874
0.844|kb,81935469872120000,6,25,0,0,0,0,0,1,72057594037962551,2,-0.005,0.222,1.968,2,-0.006,0.517,1.979,2,-0.005,0.800,1.979,2,-0.007,0.925,1.988,2,-0.154,0.628,1.936,2,-0.267,0.633,1.721,2,-0.134,0.789,1.812,1,-0.090,0.842,1.883,2,0.133,0.652,1.963,2,0.281,0.593,1.781,2,0.145,0.762,1.846,1,0.142,0.786,1.862,2,-0.082,0.215,1.924,2,-0.122,-0.041,1.964,2,-0.159,-0.361,2.104,2,-0.159,-0.416,2.048,2,0.072,0.221,1.944,2,0.095,-0.031,1.971,2,0.100,-0.328,2.136,2,0.109,-0.372,2.044,2,-0.005,0.731,1.981,2,-0.052,0.904,1.900,2,-0.108,0.791,1.906,2,0.109,0.831,1.904,2,0.110,0.774,1.883
0.867|kb,81935473163820000,6,25,0,0,0,0,0,1,72057594037962551,2,-0.004,0.222,1.966,2,-0.005,0.516,1.979,2,-0.005,0.799,1.980,2,-0.007,0.925,1.988,2,-0.155,0.627,1.935,2,-0.272,0.639,1.724,2,-0.135,0.790,1.815,1,-0.089,0.844,1.889,2,0.134,0.652,1.964,2,0.285,0.602,1.782,2,0.146,0.766,1.848,1,0.138,0.792,1.870,2,-0.081,0.215,1.921,2,-0.122,-0.041,1.961,2,-0.158,-0.367,2.106,2,-0.163,-0.418,2.045,2,0.072,0.221,1.943,2,0.096,-0.030,1.969,2,0.100,-0.326,2.135,2,0.108,-0.371,2.044,2,-0.005,0.730,1.981,2,-0.057,0.910,1.902,2,-0.107,0.790,1.913,2,0.097,0.837,1.909,2,0.076,0.787,1.927
0.910|kb,81935476466340000,6,25,0,0,0,0,0,1,72057594037962551,2,-0.004,0.222,1.965,2,-0.005,0.516,1.979,2,-0.005,0.798,1.980,2,-0.007,0.925,1.988,2,-0.155,0.627,1.935,2,-0.277,0.645,1.727,2,-0.136,0.793,1.818,1,-0.089,0.848,1.891,2,0.135,0.653,1.965,2,0.290,0.611,1.785,2,0.149,0.772,1.852,1,0.131,0.803,1.882,2,-0.080,0.214,1.920,2,-0.122,-0.042,1.961,2,-0.157,-0.370,2.113,2,-0.165,-0.413,2.028,2,0.073,0.221,1.942,2,0.096,-0.030,1.969,2,0.100,-0.327,2.134,2,0.109,-0.372,2.042,2,-0.005,0.730,1.981,2,-0.057,0.909,1.903,2,-0.112,0.791,1.921,2,0.051,0.879,1.914,2,0.078,0.786,1.938
0.932|kb,81935479863750000,6,25,0,0,0,0,0,1,72057594037962551,2,-0.004,0.222,1.964,2,-0.005,0.516,1.979,2,-0.005,0.798,1.980,2,-0.007,0.925,1.989,2,-0.155,0.627,1.935,2,-0.282,0.652,1.731,2,-0.136,0.795,1.823,1,-0.090,0.849,1.893,2,0.137,0.653,1.966,2,0.296,0.625,1.786,2,0.148,0.780,1.857,2,0.108,0.827,1.899,2,-0.079,0.215,1.919,2,-0.121,-0.043,1.960,2,-0.158,-0.371,2.112,2,-0.165,-0.414,2.028,2,0.073,0.222,1.942,2,0.097,-0.030,1.968,2,0.100,-0.326,2.133,2,0.108,-0.372,2.043,2,-0.005,0.730,1.982,2,-0.057,0.916,1.906,2,-0.114,0.795,1.926,2,0.049,0.906,1.912,2,0.083,0.785,1.952
0.976|kb,81935483165160000,6,25,0,0,0,0,0,1,72057594037962551,2,-0.003,0.222,1.963,2,-0.005,0.516,1.978,2,-0.005,0.797,1.981,2,-0.007,0.925,1.989,2,-0.159,0.625,1.932,2,-0.288,0.665,1.732,2,-0.136,0.797,1.828,2,-0.084,0.852,1.898,2,0.139,0.653,1.967,2,0.299,0.639,1.788,2,0.148,0.786,1.865,2,0.094,0.835,1.915,2,-0.079,0.215,1.917,2,-0.120,-0.043,1.958,2,-0.158,-0.372,2.111,2,-0.171,-0.411,2.022,2,0.073,0.222,1.941,2,0.097,-0.034,1.968,2,0.099,-0.327,2.132,2,0.109,-0.373,2.043,2,-0.005,0.729,1.982,2,-0.047,0.916,1.898,2,-0.117,0.796,1.931,2,0.054,0.898,1.928,2,0.088,0.777,1.953
0.999|kb,81935486464000000,6,25,0,0,0,0,0,1,72057594037962551,2,-0.002,0.223,1.961,2,-0.005,0.516,1.978,2,-0.005,0.797,1.981,2,-0.007,0.924,1.989,2,-0.159,0.626,1.932,2,-0.291,0.671,1.735,2,-0.138,0.802,1.834,2,-0.083,0.856,1.899,2,0.140,0.653,1.968,2,0.303,0.651,1.790,2,0.145,0.790,1.870,2,0.131,0.804,1.898,2,-0.078,0.215,1.915,2,-0.120,-0.043,1.957,2,-0.160,-0.371,2.108,2,-0.173,-0.410,2.017,2,0.074,0.222,1.939,2,0.097,-0.031,1.965,2,0.099,-0.325,2.130,2,0.108,-0.372,2.043,2,-0.005,0.729,1.982,2,-0.048,0.917,1.893,2,-0.114,0.798,1.937,2,0.059,0.871,1.936,2,0.098,0.784,1.917
1.045|kb,81935489872110000,6,25,0,0,0,0,0,1,72057594037962551,2,-0.002,0.223,1.960,2,-0.005,0.516,1.979,2,-0.013,0.798,1.995,2,-0.007,0.924,1.990,2,-0.159,0.626,1.932,2,-0.295,0.680,1.740,2,-0.140,0.805,1.841,2,-0.083,0.861,1.904,2,0.141,0.653,1.968,2,0.306,0.661,1.793,2,0.144,0.793,1.876,2,0.139,0.803,1.900,2,-0.078,0.215,1.914,2,-0.119,-0.044,1.956,2,-0.159,-0.371,2.107,2,-0.170,-0.409,2.013,2,0.074,0.222,1.939,2,0.096,-0.035,1.964,2,0.097,-0.323,2.124,2,0.105,-0.370,2.042,2,-0.010,0.729,1.992,2,-0.046,0.921,1.900,2,-0.113,0.798,1.942,2,0.062,0.872,1.937,2,0.141,0.761,1.916
1.077|kb,81935493164280000,6,25,0,0,0,0,0,1,72057594037962551,2,-0.002,0.223,1.959,2,-0.005,0.516,1.979,2,-0.011,0.797,1.994,2,-0.007,0.924,1.990,2,-0.160,0.626,1.932,2,-0.298,0.688,1.746,2,-0.138,0.809,1.845,1,-0.083,0.864,1.904,2,0.142,0.653,1.969,2,0.309,0.673,1.797,2,0.146,0.800,1.883,1,0.083,0.846,1.931,2,-0.077,0.216,1.913,2,-0.119,-0.045,1.955,2,-0.159,-0.372,2.108,2,-0.170,-0.409,2.012,2,0.074,0.223,1.938,2,0.096,-0.033,1.962,2,0.096,-0.323,2.123,2,0.105,-0.369,2.038,2,-0.009,0.729,1.991,2,-0.045,0.923,1.900,2,-0.095,0.835,1.927,2,0.055,0.902,1.936,2,0.081,0.791,1.960
1.101|kb,81935496464450000,6,25,0,0,0,0,0,1,72057594037962551,2,-0.001,0.224,1.957,2,-0.005,0.516,1.979,2,-0.011,0.797,1.994,2,-0.007,0.924,1.990,2,-0.160,0.626,1.932,2,-0.300,0.694,1.750,2,-0.140,0.814,1.851,1,-0.084,0.868,1.909,2,0.144,0.653,1.969,2,0.312,0.679,1.800,2,0.145,0.802,1.886,2,0.086,0.845,1.933,2,-0.077,0.216,1.911,2,-0.119,-0.046,1.954,2,-0.159,-0.373,2.107,2,-0.171,-0.411,2.012,2,0.075,0.224,1.936,2,0.097,-0.032,1.962,2,0.096,-0.320,2.120,2,0.104,-0.365,2.036,2,-0.010,0.729,1.991,2,-0.044,0.927,1.901,2,-0.099,0.812,1.940,2,0.058,0.895,1.946,2,0.082,0.791,1.961
1.143|kb,81935499864210000,6,25,0,0,0,0,0,1,72057594037962551,2,-0.001,0.225,1.955,2,-0.005,0.516,1.979,2,-0.011,0.797,1.995,2,-0.007,0.923,1.991,2,-0.165,0.633,1.930,2,-0.304,0.701,1.747,2,-0.141,0.812,1.852,2,-0.086,0.866,1.909,2,0.145,0.653,1.969,2,0.314,0.685,1.802,2,0.146,0.803,1.891,2,0.088,0.842,1.937,2,-0.077,0.218,1.909,2,-0.118,-0.049,1.953,2,-0.159,-0.372,2.106,2,-0.168,-0.409,2.008,2,0.075,0.224,1.934,2,0.097,-0.037,1.960,2,0.096,-0.324,2.121,2,0.105,-0.368,2.039,2,-0.010,0.729,1.992,2,-0.049,0.929,1.901,2,-0.094,0.855,1.936,2,0.066,0.887,1.967,2,0.084,0.786,1.966
1.166|kb,81935503164000000,6,25,0,0,0,0,0,1,72057594037962551,2,-0.001,0.225,1.954,2,-0.005,0.516,1.979,2,-0.011,0.797,1.995,2,-0.007,0.923,1.991,2,-0.164,0.633,1.931,2,-0.305,0.705,1.750,2,-0.141,0.815,1.855,2,-0.087,0.867,1.911,2,0.146,0.653,1.969,2,0.315,0.692,1.804,2,0.144,0.805,1.895,2,0.089,0.839,1.942,2,-0.077,0.219,1.907,2,-0.118,-0.048,1.951,2,-0.156,-0.358,2.099,2,-0.165,-0.406,2.042,2,0.075,0.224,1.933,2,0.096,-0.035,1.958,2,0.096,-0.326,2.120,2,0.105,-0.370,2.039,2,-0.010,0.729,1.992,2,-0.050,0.928,1.910,2,-0.095,0.847,1.939,2,0.066,0.876,1.975,2,0.107,0.819,1.969
1.211|kb,81935506464340000,6,25,0,0,0,0,0,1,72057594037962551,2,-0.001,0.226,1.953,2,-0.005,0.517,1.979,2,-0.011,0.797,1.996,2,-0.007,0.923,1.991,2,-0.164,0.633,1.931,2,-0.306,0.708,1.753,2,-0.141,0.816,1.859,2,-0.089,0.853,1.921,2,0.147,0.652,1.969,2,0.316,0.696,1.806,2,0.144,0.807,1.898,1,0.091,0.838,1.947,2,-0.077,0.219,1.906,2,-0.118,-0.049,1.950,2,-0.157,-0.369,2.099,2,-0.166,-0.413,2.045,2,0.076,0.224,1.932,2,0.095,-0.036,1.958,2,0.096,-0.326,2.119,2,0.105,-0.369,2.037,2,-0.010,0.729,1.992,2,-0.076,0.901,1.938,2,-0.115,0.797,1.959,2,0.060,0.861,1.977,2,0.048,0.870,1.896
1.234|kb,81935509874150000,6,25,0,0,0,0,0,1,72057594037962551,2,-0.001,0.226,1.952,2,-0.005,0.517,1.979,2,-0.011,0.797,1.996,2,-0.007,0.923,1.991,2,-0.167,0.635,1.930,2,-0.308,0.713,1.753,2,-0.143,0.817,1.862,2,-0.090,0.850,1.924,2,0.148,0.652,1.969,2,0.317,0.698,1.807,2,0.145,0.807,1.900,1,0.092,0.837,1.947,2,-0.077,0.220,1.905,2,-0.118,-0.049,1.949,2,-0.157,-0.366,2.099,2,-0.153,-0.418,2.011,2,0.076,0.225,1.931,2,0.096,-0.035,1.956,2,0.096,-0.325,2.119,2,0.105,-0.368,2.039,2,-0.010,0.729,1.993,2,-0.076,0.888,1.945,2,-0.116,0.795,1.964,2,0.062,0.867,1.973,2,0.057,0.895,1.912
1.277|kb,81935513164010000,6,25,0,0,0,0,0,1,72057594037962551,2,0.000,0.227,1.950,2,-0.006,0.517,1.979,2,-0.013,0.797,2.001,2,-0.007,0.921,1.991,2,-0.166,0.634,1.931,2,-0.309,0.716,1.757,2,-0.142,0.818,1.864,1,-0.090,0.845,1.924,2,0.148,0.652,1.969,2,0.318,0.701,1.808,2,0.144,0.809,1.902,1,0.094,0.834,1.948,2,-0.077,0.220,1.904,2,-0.118,-0.049,1.947,2,-0.158,-0.376,2.101,2,-0.165,-0.413,2.046,2,0.076,0.225,1.928,2,0.096,-0.036,1.954,2,0.098,-0.327,2.118,2,0.108,-0.370,2.040,2,-0.011,0.729,1.997,2,-0.075,0.882,1.948,2,-0.114,0.790,1.967,2,0.059,0.853,1.975,2,0.053,0.873,1.899
1.300|kb,81935516464100000,6,25,0,0,0,0,0,1,72057594037962551,2,0.000,0.227,1.949,2,-0.006,0.517,1.980,2,-0.014,0.796,2.006,2,-0.007,0.921,1.991,2,-0.167,0.634,1.931,2,-0.310,0.720,1.760,2,-0.140,0.818,1.868,2,-0.112,0.834,1.916,2,0.148,0.652,1.969,2,0.318,0.706,1.811,2,0.143,0.811,1.904,1,0.092,0.837,1.948,2,-0.077,0.221,1.903,2,-0.118,-0.047,1.945,2,-0.157,-0.376,2.102,2,-0.153,-0.424,2.017,2,0.076,0.225,1.927,2,0.096,-0.036,1.954,2,0.099,-0.328,2.117,2,0.109,-0.371,2.040,2,-0.012,0.728,2.000,2,-0.077,0.870,1.943,2,-0.092,0.856,1.935,2,0.062,0.858,1.981,2,0.016,0.800,1.876
1.343|kb,81935519866990000,6,25,0,0,0,0,0,1,72057594037962551,2,-0.001,0.228,1.948,2,-0.006,0.518,1.981,2,-0.015,0.796,2.008,2,-0.007,0.920,1.992,2,-0.169,0.639,1.931,2,-0.314,0.725,1.762,2,-0.154,0.826,1.880,1,-0.100,0.846,1.934,2,0.157,0.655,1.969,2,0.323,0.714,1.808,2,0.145,0.809,1.906,1,0.099,0.833,1.950,2,-0.077,0.222,1.903,2,-0.118,-0.045,1.943,2,-0.154,-0.367,2.094,2,-0.150,-0.410,2.005,2,0.076,0.226,1.926,2,0.096,-0.036,1.953,2,0.098,-0.329,2.118,2,0.108,-0.371,2.042,2,-0.013,0.729,2.003,2,-0.080,0.865,1.976,2,-0.087,0.816,1.964,2,0.057,0.848,1.982,2,0.061,0.874,1.911
1.366|kb,81935523163990000,6,25,0,0,0,0,0,1,72057594037962551,2,-0.001,0.228,1.947,2,-0.006,0.518,1.980,2,-0.014,0.796,2.007,2,-0.007,0.920,1.992,2,-0.168,0.637,1.932,2,-0.315,0.732,1.771,2,-0.147,0.828,1.883,1,-0.098,0.846,1.935,2,0.156,0.655,1.969,2,0.324,0.720,1.812,2,0.143,0.812,1.909,1,0.098,0.832,1.949,2,-0.077,0.222,1.902,2,-0.118,-0.046,1.943,2,-0.160,-0.395,2.100,2,-0.156,-0.435,2.006,2,0.076,0.226,1.924,2,0.095,-0.038,1.951,2,0.105,-0.293,2.087,2,0.109,-0.249,2.025,2,-0.012,0.729,2.002,2,-0.080,0.874,1.971,2,-0.121,0.799,1.988,2,0.060,0.852,1.984,2,0.020,0.796,1.881
1.411|kb,81935526466980000,6,25,0,0,0,0,0,1,72057594037962551,2,0.000,0.229,1.945,2,-0.006,0.518,1.980,2,-0.014,0.796,2.007,2,-0.007,0.919,1.991,2,-0.167,0.637,1.933,2,-0.317,0.738,1.778,2,-0.143,0.829,1.886,2,-0.112,0.837,1.927,2,0.156,0.655,1.969,2,0.324,0.730,1.817,2,0.141,0.818,1.914,1,0.083,0.832,1.941,2,-0.077,0.223,1.901,2,-0.118,-0.046,1.942,2,-0.160,-0.396,2.101,1,-0.156,-0.435,2.007,2,0.076,0.227,1.923,2,0.095,-0.037,1.949,2,0.100,-0.246,2.062,2,0.111,-0.363,2.023,2,-0.012,0.728,2.001,2,-0.079,0.878,1.955,2,-0.145,0.859,1.902,2,0.054,0.830,1.985,2,0.020,0.814,1.872
1.434|kb,81935529873420000,6,25,0,0,0,0,0,1,72057594037962551,2,0.000,0.230,1.944,2,-0.006,0.518,1.979,2,-0.013,0.796,2.006,2,-0.006,0.919,1.991,2,-0.167,0.636,1.933,2,-0.318,0.748,1.788,2,-0.141,0.827,1.900,1,-0.103,0.844,1.935,2,0.156,0.655,1.969,2,0.323,0.741,1.824,2,0.139,0.826,1.921,1,0.080,0.838,1.941,2,-0.077,0.224,1.900,2,-0.119,-0.045,1.940,2,-0.161,-0.384,2.095,2,-0.157,-0.424,2.002,2,0.076,0.228,1.921,2,0.095,-0.036,1.947,2,0.099,-0.276,2.080,2,0.109,-0.373,2.034,2,-0.012,0.728,2.001,2,-0.084,0.884,1.960,2,-0.157,0.859,1.889,2,0.063,0.841,1.986,2,0.028,0.839,1.870
1.477|kb,81935533166530000,6,25,0,0,0,0,0,1,72057594037962551,2,-0.001,0.231,1.942,2,-0.006,0.519,1.978,2,-0.013,0.796,2.005,2,-0.006,0.918,1.990,2,-0.167,0.636,1.933,2,-0.318,0.758,1.798,2,-0.135,0.835,1.903,1,-0.098,0.850,1.936,2,0.156,0.654,1.968,2,0.322,0.752,1.831,2,0.134,0.832,1.926,1,0.078,0.843,1.944,2,-0.078,0.225,1.898,2,-0.119,-0.045,1.939,2,-0.161,-0.384,2.094,2,-0.157,-0.424,2.003,2,0.076,0.230,1.918,2,0.096,-0.032,1.942,2,0.097,-0.287,2.076,2,0.104,-0.365,2.016,2,-0.011,0.728,2.000,2,-0.082,0.882,1.958,2,-0.131,0.861,1.917,2,0.065,0.845,1.964,2,0.032,0.855,1.868
1.500|kb,81935536463870000,6,25,0,0,0,0,0,1,72057594037962551,2,-0.001,0.232,1.941,2,-0.006,0.519,1.977,2,-0.012,0.796,2.005,2,-0.006,0.917,1.988,2,-0.167,0.636,1.933,2,-0.318,0.768,1.810,2,-0.128,0.839,1.908,1,-0.094,0.854,1.945,2,0.156,0.654,1.968,2,0.320,0.763,1.839,2,0.131,0.840,1.932,1,0.077,0.847,1.947,2,-0.078,0.225,1.897,2,-0.119,-0.045,1.937,2,-0.160,-0.388,2.099,1,-0.156,-0.428,2.010,2,0.076,0.232,1.916,2,0.096,-0.031,1.940,2,0.097,-0.301,2.082,2,0.104,-0.367,2.018,2,-0.011,0.728,2.000,2,-0.082,0.870,1.960,2,-0.128,0.812,1.944,2,0.049,0.835,1.962,2,0.043,0.889,1.873
1.545|kb,81935539865950000,6,25,0,0,0,0,0,1,72057594037962551,2,-0.001,0.233,1.940,2,-0.006,0.519,1.977,2,-0.012,0.795,2.004,2,-0.006,0.916,1.987,2,-0.167,0.637,1.934,2,-0.316,0.779,1.823,2,-0.121,0.844,1.915,1,-0.094,0.857,1.948,2,0.156,0.655,1.968,2,0.319,0.773,1.847,2,0.126,0.847,1.937,2,0.073,0.848,1.947,2,-0.078,0.226,1.897,2,-0.119,-0.045,1.937,2,-0.161,-0.389,2.098,2,-0.159,-0.429,2.009,2,0.076,0.232,1.915,2,0.096,-0.031,1.939,2,0.097,-0.312,2.090,2,0.105,-0.370,2.023,2,-0.011,0.728,1.999,2,-0.084,0.866,1.978,2,-0.138,0.814,1.939,2,0.034,0.811,1.968,2,0.041,0.890,1.873
1.576|kb,81935543166250000,6,25,0,0,0,0,0,1,72057594037962551,2,-0.002,0.234,1.939,2,-0.006,0.520,1.976,2,-0.011,0.795,2.003,2,-0.006,0.915,1.983,2,-0.168,0.639,1.934,2,-0.316,0.787,1.831,2,-0.118,0.850,1.921,1,-0.093,0.863,1.949,2,0.156,0.657,1.967,2,0.318,0.783,1.854,2,0.124,0.857,1.941,1,0.076,0.850,1.947,2,-0.079,0.227,1.897,2,-0.119,-0.045,1.936,2,-0.162,-0.390,2.098,2,-0.162,-0.418,2.031,2,0.076,0.234,1.913,2,0.095,-0.026,1.933,2,0.097,-0.314,2.092,2,0.104,-0.367,2.026,2,-0.010,0.728,1.998,2,-0.086,0.920,1.951,2,-0.076,0.823,1.953,2,0.048,0.809,1.990,2,0.037,0.876,1.863
1.599|kb,81935546463850000,6,25,0,0,0,0,0,1,72057594037962551,2,-0.002,0.238,1.938,2,-0.006,0.521,1.975,2,-0.011,0.795,2.003,2,-0.005,0.915,1.983,2,-0.172,0.643,1.934,2,-0.319,0.798,1.839,2,-0.116,0.848,1.926,1,-0.093,0.862,1.955,2,0.161,0.664,1.966,2,0.322,0.796,1.858,2,0.123,0.860,1.944,2,0.075,0.851,1.948,2,-0.079,0.230,1.897,2,-0.120,-0.045,1.936,2,-0.163,-0.392,2.100,2,-0.161,-0.433,2.013,2,0.076,0.238,1.911,2,0.095,-0.026,1.933,2,0.097,-0.319,2.095,2,0.102,-0.367,2.026,2,-0.010,0.728,1.998,2,-0.078,0.889,1.971,2,-0.059,0.822,1.922,2,0.048,0.809,1.991,2,0.035,0.862,1.866
1.637|kb,81935549871910000,6,25,0,0,0,0,0,1,72057594037962551,2,-0.002,0.240,1.937,2,-0.006,0.522,1.974,2,-0.011,0.795,2.002,2,-0.005,0.915,1.981,2,-0.174,0.646,1.933,2,-0.320,0.804,1.846,2,-0.114,0.849,1.929,1,-0.094,0.862,1.957,2,0.164,0.669,1.964,2,0.324,0.807,1.864,2,0.124,0.866,1.950,1,0.079,0.851,1.956,2,-0.079,0.232,1.897,2,-0.119,-0.043,1.932,2,-0.163,-0.394,2.107,2,-0.155,-0.423,2.051,2,0.076,0.240,1.909,2,0.095,-0.026,1.931,2,0.096,-0.323,2.099,2,0.101,-0.368,2.033,2,-0.010,0.729,1.997,2,-0.072,0.889,1.964,2,-0.059,0.821,1.923,2,0.040,0.799,1.976,2,0.045,0.876,1.872
1.677|kb,81935553163610000,6,25,0,0,0,0,0,1,72057594037962551,2,-0.002,0.244,1.937,2,-0.006,0.525,1.974,2,-0.010,0.796,2.001,2,-0.005,0.915,1.981,2,-0.180,0.664,1.934,2,-0.331,0.819,1.851,2,-0.120,0.847,1.929,1,-0.098,0.861,1.960,2,0.166,0.676,1.964,2,0.325,0.819,1.872,2,0.122,0.872,1.955,1,0.081,0.856,1.961,2,-0.079,0.237,1.897,2,-0.120,-0.043,1.931,2,-0.162,-0.390,2.104,2,-0.161,-0.432,2.023,2,0.075,0.242,1.908,2,0.095,-0.024,1.929,2,0.097,-0.326,2.101,2,0.102,-0.368,2.032,2,-0.009,0.730,1.996,2,-0.066,0.829,1.992,2,-0.143,0.827,1.961,2,0.050,0.808,1.980,2,0.048,0.884,1.875
1.700|kb,81935556463990000,6,25,0,0,0,0,0,1,72057594037962551,2,-0.002,0.258,1.935,2,-0.006,0.530,1.973,2,-0.010,0.796,2.001,2,-0.005,0.915,1.978,2,-0.191,0.696,1.931,2,-0.356,0.835,1.846,2,-0.142,0.844,1.923,1,-0.092,0.855,1.940,2,0.185,0.729,1.959,2,0.364,0.839,1.856,2,0.156,0.869,1.944,2,0.104,0.859,1.960,2,-0.077,0.250,1.897,2,-0.120,-0.042,1.930,2,-0.163,-0.393,2.103,2,-0.164,-0.434,2.020,2,0.074,0.256,1.905,2,0.095,-0.024,1.928,2,0.097,-0.328,2.102,2,0.101,-0.369,2.035,2,-0.009,0.731,1.996,2,-0.070,0.831,1.984,2,-0.133,0.816,1.987,2,0.055,0.815,1.989,2,0.052,0.872,1.872
1.744|kb,81935559865090000,6,25,0,0,0,0,0,1,72057594037962551,2,-0.001,0.262,1.934,2,-0.005,0.535,1.972,2,-0.010,0.798,2.001,2,-0.004,0.915,1.978,2,-0.193,0.702,1.931,2,-0.361,0.839,1.850,2,-0.146,0.847,1.925,1,-0.096,0.863,1.941,2,0.185,0.730,1.960,2,0.362,0.848,1.865,2,0.152,0.875,1.948,1,0.102,0.862,1.967,2,-0.076,0.256,1.896,2,-0.120,-0.040,1.928,2,-0.163,-0.393,2.103,2,-0.164,-0.435,2.021,2,0.075,0.260,1.904,2,0.095,-0.022,1.926,2,0.097,-0.327,2.103,2,0.100,-0.367,2.036,2,-0.009,0.734,1.995,2,-0.070,0.831,1.988,2,-0.164,0.826,1.965,2,0.059,0.820,1.990,2,0.053,0.879,1.877
1.767|kb,81935563166370000,6,25,0,0,0,0,0,1,72057594037962551,2,0.000,0.263,1.933,2,-0.005,0.536,1.971,2,-0.010,0.800,1.999,2,-0.004,0.916,1.978,2,-0.192,0.701,1.931,2,-0.360,0.843,1.859,2,-0.144,0.858,1.931,1,-0.096,0.866,1.947,2,0.182,0.725,1.961,2,0.355,0.855,1.878,2,0.144,0.883,1.958,2,0.102,0.864,1.980,2,-0.076,0.256,1.896,2,-0.119,-0.040,1.926,2,-0.163,-0.394,2.102,2,-0.164,-0.422,2.035,2,0.075,0.261,1.903,2,0.095,-0.021,1.925,2,0.097,-0.332,2.105,2,0.102,-0.370,2.036,2,-0.009,0.735,1.994,2,-0.071,0.846,1.971,2,-0.150,0.833,1.982,2,0.066,0.839,2.003,2,0.055,0.865,1.881
1.811|kb,81935566466530000,6,25,0,0,0,0,0,1,72057594037962551,2,0.000,0.269,1.932,2,-0.005,0.543,1.970,2,-0.011,0.806,1.999,2,-0.004,0.917,1.978,2,-0.193,0.705,1.931,2,-0.363,0.845,1.865,2,-0.146,0.872,1.931,1,-0.099,0.877,1.950,2,0.184,0.735,1.963,2,0.361,0.862,1.882,2,0.149,0.885,1.962,2,0.104,0.873,1.984,2,-0.075,0.262,1.896,2,-0.119,-0.039,1.926,2,-0.162,-0.393,2.102,2,-0.165,-0.421,2.033,2,0.075,0.267,1.901,2,0.095,-0.018,1.922,2,0.103,-0.288,2.072,2,0.112,-0.237,2.017,2,-0.010,0.742,1.994,2,-0.083,0.942,1.963,2,-0.052,0.826,1.897,2,0.062,0.837,2.007,2,0.054,0.886,1.887
1.834|kb,81935569873440000,6,25,0,0,0,0,0,1,72057594037962551,2,0.001,0.270,1.932,2,-0.006,0.545,1.970,2,-0.013,0.809,1.999,2,-0.005,0.919,1.978,2,-0.193,0.705,1.931,2,-0.364,0.846,1.868,2,-0.146,0.874,1.931,1,-0.100,0.881,1.953,2,0.185,0.742,1.965,2,0.364,0.866,1.885,2,0.153,0.890,1.965,2,0.108,0.874,1.987,2,-0.074,0.263,1.896,2,-0.119,-0.038,1.924,2,-0.161,-0.392,2.099,2,-0.165,-0.420,2.038,2,0.075,0.269,1.900,2,0.095,-0.019,1.922,2,0.100,-0.271,2.068,2,0.108,-0.385,2.040,2,-0.011,0.744,1.993,2,-0.088,0.944,1.963,2,-0.052,0.826,1.896,2,0.061,0.838,2.007,2,0.058,0.892,1.891
1.877|kb,81935573164460000,6,25,0,0,0,0,0,1,72057594037962551,2,0.001,0.273,1.931,2,-0.007,0.549,1.969,2,-0.015,0.813,1.998,2,-0.005,0.922,1.979,2,-0.193,0.708,1.932,2,-0.366,0.848,1.872,2,-0.149,0.878,1.935,1,-0.103,0.885,1.958,2,0.185,0.751,1.967,2,0.370,0.868,1.890,2,0.158,0.894,1.969,2,0.115,0.880,1.993,2,-0.073,0.265,1.895,2,-0.119,-0.038,1.924,2,-0.161,-0.392,2.100,2,-0.163,-0.421,2.036,2,0.076,0.271,1.899,2,0.095,-0.019,1.921,2,0.108,-0.270,2.074,2,0.092,-0.275,1.986,2,-0.013,0.749,1.993,2,-0.083,0.955,1.959,2,-0.054,0.833,1.895,2,0.068,0.851,2.017,2,0.060,0.895,1.898
1.899|kb,81935576464160000,6,25,0,0,0,0,0,1,72057594037962551,2,0.002,0.276,1.929,2,-0.007,0.552,1.968,2,-0.016,0.817,1.998,2,-0.005,0.925,1.980,2,-0.193,0.709,1.931,2,-0.367,0.848,1.875,2,-0.151,0.883,1.940,1,-0.104,0.889,1.964,2,0.190,0.766,1.974,1,0.380,0.871,1.890,2,0.168,0.893,1.971,1,0.121,0.883,1.998,2,-0.072,0.268,1.893,2,-0.118,-0.037,1.921,2,-0.153,-0.371,2.086,2,-0.150,-0.409,2.002,2,0.076,0.274,1.898,2,0.096,-0.018,1.918,2,0.096,-0.266,2.064,2,0.143,-0.357,2.052,2,-0.014,0.752,1.992,2,-0.074,0.920,1.939,2,-0.051,0.921,1.874,2,0.062,0.846,2.021,2,0.060,0.894,1.904
1.944|kb,81935579865890000,6,25,0,0,0,0,0,1,72057594037962551,2,0.003,0.278,1.929,2,-0.006,0.554,1.968,2,-0.017,0.821,1.998,2,-0.006,0.929,1.981,2,-0.193,0.709,1.931,2,-0.368,0.848,1.880,2,-0.155,0.888,1.948,1,-0.109,0.893,1.973,2,0.190,0.773,1.979,1,0.383,0.873,1.896,2,0.182,0.921,1.987,1,0.140,0.890,2.008,2,-0.070,0.270,1.893,2,-0.118,-0.036,1.919,2,-0.155,-0.386,2.093,2,-0.152,-0.423,2.009,2,0.077,0.276,1.897,2,0.096,-0.018,1.917,2,0.096,-0.289,2.076,2,0.102,-0.376,2.036,2,-0.014,0.756,1.993,2,-0.092,0.969,1.982,2,-0.057,0.876,1.893,2,0.078,0.879,2.028,2,0.068,0.903,1.924
1.967|kb,81935583164520000,6,25,0,0,0,0,0,1,72057594037962551,2,0.005,0.279,1.927,2,-0.006,0.554,1.967,2,-0.016,0.820,1.998,2,-0.009,0.932,1.985,2,-0.191,0.706,1.932,2,-0.366,0.846,1.885,2,-0.158,0.896,1.961,1,-0.112,0.897,1.987,2,0.191,0.776,1.981,1,0.385,0.877,1.905,2,0.185,0.933,1.995,2,0.159,0.891,2.010,2,-0.068,0.271,1.891,2,-0.117,-0.035,1.918,2,-0.157,-0.396,2.099,2,-0.175,-0.415,2.036,2,0.079,0.277,1.897,2,0.097,-0.018,1.915,2,0.103,-0.288,2.073,2,0.125,-0.257,1.990,2,-0.014,0.755,1.992,2,-0.099,0.962,2.016,2,-0.064,0.899,1.901,2,0.079,0.875,2.042,2,0.073,0.890,1.981
2.012|kb,81935586466350000,6,25,0,0,0,0,0,1,72057594037962551,2,0.006,0.281,1.926,2,-0.006,0.558,1.966,2,-0.017,0.824,1.997,2,-0.009,0.936,1.985,2,-0.191,0.712,1.935,2,-0.371,0.846,1.891,2,-0.162,0.897,1.963,1,-0.115,0.898,1.992,2,0.190,0.785,1.988,1,0.388,0.875,1.907,2,0.191,0.936,1.998,1,0.156,0.893,2.019,2,-0.067,0.274,1.889,2,-0.116,-0.032,1.913,2,-0.158,-0.396,2.099,2,-0.174,-0.417,2.027,2,0.079,0.279,1.895,2,0.097,-0.018,1.914,2,0.102,-0.281,2.075,2,0.119,-0.367,2.054,2,-0.015,0.759,1.991,2,-0.103,0.945,2.011,2,-0.066,0.894,1.902,2,0.078,0.875,2.048,2,0.073,0.891,1.981
2.046|kb,81935589871900000,6,25,0,0,0,0,0,1,72057594037962551,2,0.007,0.280,1.924,2,-0.005,0.557,1.965,2,-0.016,0.822,1.996,2,-0.011,0.938,1.989,2,-0.187,0.683,1.925,2,-0.354,0.835,1.901,1,-0.166,0.948,1.957,2,-0.081,0.944,1.956,2,0.190,0.785,1.988,1,0.390,0.879,1.918,2,0.195,0.945,2.011,1,0.157,0.896,2.028,2,-0.065,0.272,1.886,2,-0.115,-0.032,1.910,2,-0.156,-0.391,2.094,2,-0.175,-0.412,2.009,2,0.080,0.279,1.895,2,0.098,-0.018,1.913,2,0.104,-0.291,2.081,2,0.137,-0.285,1.981,2,-0.014,0.757,1.990,2,-0.054,0.977,1.906,2,-0.070,0.898,1.917,2,0.078,0.877,2.057,2,0.071,0.892,1.985
2.077|kb,81935593172110000,6,25,0,0,0,0,0,1,72057594037962551,2,0.009,0.280,1.922,2,-0.004,0.556,1.964,2,-0.016,0.821,1.995,2,-0.012,0.940,1.993,2,-0.187,0.682,1.924,2,-0.352,0.836,1.915,1,-0.161,0.953,1.952,1,-0.092,0.928,1.975,2,0.190,0.785,1.989,1,0.390,0.881,1.926,2,0.193,0.944,2.017,2,0.150,0.895,2.043,2,-0.063,0.271,1.885,2,-0.114,-0.032,1.909,2,-0.154,-0.378,2.086,2,-0.152,-0.421,2.009,2,0.081,0.278,1.893,2,0.099,-0.018,1.912,2,0.104,-0.276,2.072,2,0.130,-0.289,1.977,2,-0.013,0.757,1.989,2,-0.063,1.004,1.953,2,-0.064,0.892,1.909,2,0.075,0.872,2.070,2,0.072,0.894,2.003
2.101|kb,81935596464190000,6,25,0,0,0,0,0,1,72057594037962551,2,0.010,0.280,1.921,2,-0.005,0.559,1.963,2,-0.021,0.829,1.996,2,-0.017,0.951,2.003,2,-0.188,0.680,1.919,2,-0.352,0.834,1.919,2,-0.157,0.871,2.026,1,-0.125,0.881,2.053,2,0.187,0.791,1.997,1,0.391,0.877,1.925,2,0.176,0.917,2.041,2,0.131,0.893,2.061,2,-0.062,0.271,1.883,2,-0.113,-0.033,1.903,2,-0.155,-0.382,2.086,2,-0.151,-0.426,2.014,2,0.081,0.279,1.890,2,0.099,-0.019,1.909,2,0.099,-0.275,2.060,2,0.108,-0.370,2.027,2,-0.016,0.763,1.989,2,-0.084,0.861,2.069,2,-0.073,0.858,1.955,2,0.061,0.863,2.066,2,0.066,0.901,1.954
2.144|kb,81935599864000000,6,25,0,0,0,0,0,1,72057594037962551,2,0.010,0.280,1.919,2,-0.004,0.558,1.962,2,-0.020,0.827,1.996,2,-0.019,0.952,2.012,2,-0.189,0.694,1.933,2,-0.364,0.838,1.922,2,-0.160,0.865,2.016,1,-0.129,0.879,2.058,2,0.187,0.791,1.997,1,0.391,0.877,1.928,2,0.135,0.900,2.073,1,0.103,0.890,2.086,2,-0.061,0.272,1.881,2,-0.112,-0.034,1.900,2,-0.155,-0.377,2.081,2,-0.154,-0.421,2.008,2,0.081,0.279,1.889,2,0.099,-0.019,1.906,2,0.099,-0.305,2.080,2,0.105,-0.373,2.038,2,-0.016,0.762,1.989,2,-0.085,0.864,2.092,2,-0.072,0.856,1.950,2,0.053,0.864,2.082,2,0.067,0.901,1.990
2.167|kb,81935603166310000,6,25,0,0,0,0,0,1,72057594037962551,2,0.009,0.276,1.915,2,-0.005,0.559,1.962,2,-0.022,0.830,1.997,2,-0.023,0.957,2.023,2,-0.198,0.687,1.923,2,-0.366,0.837,1.922,2,-0.163,0.869,2.018,1,-0.130,0.886,2.068,2,0.197,0.728,1.962,2,0.351,0.892,1.956,2,0.161,0.920,2.073,2,0.113,0.894,2.095,2,-0.063,0.269,1.876,2,-0.111,-0.033,1.897,2,-0.155,-0.370,2.076,2,-0.156,-0.410,2.003,2,0.081,0.274,1.885,2,0.100,-0.020,1.902,2,0.102,-0.314,2.081,2,0.106,-0.365,2.031,2,-0.018,0.764,1.990,2,-0.100,0.870,2.111,2,-0.067,0.838,1.961,2,0.058,0.884,2.123,2,0.066,0.901,1.998
2.210|kb,81935606467070000,6,25,0,0,0,0,0,1,72057594037962551,2,0.009,0.272,1.910,2,-0.006,0.559,1.962,2,-0.025,0.839,2.005,2,-0.025,0.966,2.035,2,-0.193,0.680,1.912,2,-0.362,0.828,1.922,2,-0.167,0.881,2.022,1,-0.133,0.890,2.069,2,0.197,0.728,1.962,2,0.354,0.888,1.954,2,0.132,0.903,2.098,1,0.099,0.893,2.102,2,-0.064,0.264,1.870,2,-0.112,-0.037,1.895,2,-0.158,-0.382,2.075,2,-0.157,-0.421,2.002,2,0.081,0.270,1.882,2,0.100,-0.021,1.901,2,0.100,-0.295,2.069,2,0.141,-0.248,2.002,2,-0.020,0.769,1.994,2,-0.102,0.873,2.108,2,-0.074,0.857,1.963,2,0.064,0.880,2.136,2,0.059,0.883,2.014
2.233|kb,81935609871970000,6,25,0,0,0,0,0,1,72057594037962551,2,0.009,0.269,1.907,2,-0.007,0.552,1.959,2,-0.025,0.821,2.002,2,-0.026,0.949,2.047,2,-0.193,0.676,1.908,2,-0.368,0.819,1.909,2,-0.186,0.885,2.024,1,-0.144,0.892,2.073,2,0.196,0.725,1.959,2,0.355,0.885,1.951,2,0.132,0.903,2.099,1,0.099,0.892,2.104,2,-0.064,0.261,1.866,2,-0.113,-0.037,1.892,2,-0.154,-0.374,2.065,2,-0.151,-0.408,1.991,2,0.081,0.267,1.881,2,0.101,-0.021,1.898,2,0.101,-0.260,2.046,2,0.129,-0.254,1.985,2,-0.021,0.756,1.993,2,-0.120,0.886,2.119,2,-0.083,0.879,1.976,2,0.080,0.889,2.153,2,0.052,0.855,2.023
2.277|kb,81935613163930000,6,25,0,0,0,0,0,1,72057594037962551,2,0.009,0.265,1.906,2,-0.007,0.547,1.960,2,-0.025,0.816,2.005,2,-0.031,0.941,2.068,2,-0.191,0.672,1.903,2,-0.374,0.806,1.886,2,-0.215,0.887,2.020,1,-0.173,0.891,2.089,2,0.195,0.723,1.955,2,0.361,0.875,1.936,2,0.190,0.925,2.070,1,0.151,0.896,2.117,2,-0.064,0.258,1.864,2,-0.112,-0.038,1.890,2,-0.155,-0.385,2.075,2,-0.171,-0.400,2.015,2,0.081,0.263,1.880,2,0.101,-0.026,1.898,2,0.102,-0.243,2.037,2,0.125,-0.256,1.986,2,-0.020,0.750,1.995,2,-0.145,0.916,2.147,2,-0.094,0.914,1.983,2,0.098,0.919,2.159,2,0.078,0.863,2.035
2.299|kb,81935616463880000,6,25,0,0,0,0,0,1,72057594037962551,2,0.009,0.258,1.903,2,-0.007,0.536,1.960,2,-0.024,0.800,2.009,2,-0.032,0.940,2.072,2,-0.188,0.669,1.897,2,-0.378,0.790,1.850,1,-0.235,0.917,2.065,1,-0.188,0.896,2.107,2,0.189,0.715,1.944,2,0.380,0.828,1.882,2,0.206,0.911,2.092,1,0.162,0.894,2.127,2,-0.064,0.251,1.861,2,-0.111,-0.040,1.889,2,-0.155,-0.386,2.076,2,-0.154,-0.420,2.014,2,0.081,0.256,1.878,2,0.101,-0.032,1.897,2,0.103,-0.233,2.030,2,0.123,-0.257,1.986,2,-0.020,0.735,1.998,2,-0.176,0.923,2.160,2,-0.122,0.906,2.030,2,0.121,0.885,2.190,2,0.087,0.874,2.059
2.344|kb,81935619864510000,6,25,0,0,0,0,0,1,72057594037962551,2,0.010,0.255,1.902,2,-0.007,0.535,1.960,2,-0.023,0.800,2.009,2,-0.033,0.925,2.097,2,-0.188,0.668,1.896,2,-0.379,0.782,1.832,1,-0.231,0.908,2.054,1,-0.186,0.890,2.108,2,0.189,0.715,1.944,2,0.385,0.802,1.852,1,0.226,0.899,2.089,1,0.189,0.900,2.133,2,-0.063,0.248,1.860,2,-0.111,-0.045,1.888,2,-0.154,-0.371,2.063,2,-0.155,-0.403,1.999,2,0.082,0.253,1.877,2,0.101,-0.035,1.897,2,0.102,-0.257,2.037,2,0.106,-0.359,2.031,2,-0.019,0.735,1.998,2,-0.184,0.901,2.160,2,-0.122,0.900,2.042,2,0.156,0.907,2.198,2,0.111,0.857,2.076
2.367|kb,81935623163900000,6,25,0,0,0,0,0,1,72057594037962551,2,0.007,0.244,1.900,2,-0.006,0.517,1.963,2,-0.016,0.774,2.019,2,-0.033,0.925,2.110,2,-0.184,0.665,1.893,2,-0.372,0.764,1.796,2,-0.220,0.840,2.044,1,-0.171,0.872,2.110,2,0.173,0.680,1.916,2,0.369,0.780,1.841,2,0.265,0.910,2.075,1,0.242,0.908,2.106,2,-0.066,0.238,1.858,2,-0.110,-0.048,1.888,2,-0.155,-0.370,2.064,2,-0.158,-0.399,2.006,2,0.080,0.242,1.873,2,0.101,-0.039,1.898,2,0.104,-0.313,2.068,2,0.107,-0.369,2.038,2,-0.014,0.712,2.007,2,-0.111,0.870,2.111,2,-0.147,0.892,2.057,2,0.175,0.913,2.184,2,0.156,0.885,2.129
2.411|kb,81935626463690000,6,25,0,0,0,0,0,1,72057594037962551,2,0.006,0.240,1.900,2,-0.006,0.512,1.964,2,-0.016,0.771,2.021,2,-0.032,0.922,2.118,2,-0.183,0.664,1.893,2,-0.370,0.755,1.782,1,-0.220,0.833,2.032,1,-0.167,0.863,2.112,2,0.174,0.682,1.919,2,0.370,0.758,1.814,1,0.291,0.906,2.050,1,0.302,0.926,2.058,2,-0.067,0.234,1.860,2,-0.110,-0.052,1.888,2,-0.155,-0.386,2.074,2,-0.157,-0.414,2.019,2,0.079,0.238,1.872,2,0.101,-0.044,1.899,2,0.112,-0.301,2.069,2,0.090,-0.252,1.978,2,-0.014,0.708,2.008,2,-0.112,0.876,2.122,2,-0.203,0.876,2.085,2,0.294,0.923,2.078,2,0.298,0.889,2.063
2.434|kb,81935629872260000,6,25,0,0,0,0,0,1,72057594037962551,2,0.005,0.225,1.897,2,-0.006,0.500,1.965,2,-0.016,0.762,2.023,2,-0.032,0.914,2.124,2,-0.173,0.655,1.890,2,-0.359,0.745,1.777,1,-0.270,0.790,1.976,1,-0.173,0.792,2.020,2,0.164,0.662,1.908,2,0.359,0.745,1.807,1,0.383,0.949,1.887,1,0.392,1.019,1.917,2,-0.070,0.220,1.860,2,-0.110,-0.054,1.888,2,-0.154,-0.375,2.069,2,-0.157,-0.403,2.016,2,0.079,0.222,1.865,2,0.100,-0.047,1.901,2,0.099,-0.284,2.059,2,0.099,-0.360,2.052,2,-0.014,0.698,2.011,2,-0.176,0.829,2.101,1,-0.210,0.805,1.993,1,0.383,1.015,1.937,1,0.387,0.980,1.922
2.478|kb,81935633164350000,6,25,0,0,0,0,0,1,72057594037962551,2,0.003,0.217,1.897,2,-0.007,0.491,1.965,2,-0.016,0.753,2.023,2,-0.033,0.900,2.131,2,-0.167,0.652,1.888,2,-0.349,0.725,1.755,1,-0.228,0.769,1.934,1,-0.143,0.732,1.922,2,0.162,0.659,1.906,2,0.357,0.737,1.799,2,0.403,0.939,1.875,1,0.374,0.955,1.932,2,-0.072,0.212,1.861,2,-0.109,-0.058,1.889,2,-0.156,-0.377,2.075,2,-0.159,-0.405,2.026,2,0.078,0.215,1.865,2,0.104,-0.054,1.904,2,0.100,-0.308,2.075,2,0.098,-0.362,2.057,2,-0.014,0.689,2.010,2,-0.124,0.745,1.957,2,-0.136,0.747,1.954,2,0.376,0.967,1.941,2,0.368,0.938,1.906
2.501|kb,81935636463830000,6,25,0,0,0,0,0,1,72057594037962551,2,0.003,0.214,1.898,2,-0.007,0.520,1.979,2,-0.016,0.839,2.057,2,-0.037,0.947,2.156,2,-0.164,0.651,1.887,2,-0.346,0.722,1.753,1,-0.227,0.768,1.933,1,-0.144,0.733,1.922,2,0.160,0.657,1.904,2,0.354,0.728,1.790,2,0.415,0.931,1.852,1,0.416,0.956,1.902,2,-0.072,0.209,1.862,2,-0.109,-0.062,1.891,2,-0.156,-0.376,2.075,2,-0.160,-0.403,2.026,2,0.078,0.211,1.865,2,0.104,-0.054,1.904,2,0.106,-0.300,2.077,2,0.123,-0.264,1.994,2,-0.013,0.763,2.040,2,-0.133,0.755,1.977,2,-0.136,0.754,1.969,2,0.422,0.976,1.913,2,0.385,0.953,1.883
2.544|kb,81935639866980000,6,25,0,0,0,0,0,1,72057594037962551,2,0.002,0.211,1.898,2,-0.007,0.521,1.979,2,-0.016,0.838,2.056,2,-0.042,0.943,2.159,2,-0.166,0.651,1.888,2,-0.345,0.720,1.748,1,-0.229,0.766,1.930,1,-0.150,0.727,1.913,2,0.159,0.655,1.903,2,0.353,0.719,1.784,2,0.416,0.932,1.809,1,0.429,0.960,1.880,2,-0.074,0.206,1.863,2,-0.108,-0.065,1.894,2,-0.156,-0.376,2.076,2,-0.161,-0.404,2.025,2,0.078,0.208,1.866,2,0.104,-0.057,1.907,2,0.106,-0.265,2.050,2,0.124,-0.260,1.994,2,-0.014,0.762,2.039,2,-0.127,0.760,1.981,2,-0.184,0.740,1.886,2,0.431,0.987,1.880,2,0.402,0.969,1.854
2.567|kb,81935643164490000,6,25,0,0,0,0,0,1,72057594037962551,2,0.002,0.209,1.899,2,-0.007,0.521,1.979,2,-0.016,0.837,2.055,2,-0.041,0.942,2.159,2,-0.167,0.652,1.889,2,-0.344,0.717,1.744,2,-0.381,0.935,1.773,1,-0.421,0.953,1.817,2,0.159,0.654,1.902,2,0.352,0.717,1.782,2,0.418,0.929,1.806,1,0.436,0.960,1.859,2,-0.074,0.204,1.864,2,-0.109,-0.070,1.898,2,-0.156,-0.377,2.077,2,-0.161,-0.404,2.024,2,0.077,0.207,1.867,2,0.104,-0.059,1.910,2,0.101,-0.267,2.053,2,0.101,-0.363,2.063,2,-0.014,0.762,2.039,2,-0.433,0.999,1.867,2,-0.455,0.907,1.786,2,0.448,0.982,1.859,2,0.415,0.977,1.837
2.610|kb,81935646464490000,6,25,0,0,0,0,0,1,72057594037962551,2,0.002,0.206,1.901,2,-0.007,0.514,1.977,2,-0.013,0.797,2.031,2,-0.029,0.908,2.132,2,-0.166,0.651,1.888,2,-0.342,0.714,1.741,2,-0.383,0.932,1.769,1,-0.422,0.962,1.808,2,0.158,0.652,1.901,2,0.351,0.713,1.779,2,0.424,0.925,1.795,1,0.440,0.957,1.846,2,-0.074,0.201,1.865,2,-0.110,-0.071,1.899,2,-0.157,-0.370,2.070,2,-0.162,-0.399,2.010,2,0.077,0.202,1.869,2,0.103,-0.059,1.912,2,0.107,-0.290,2.077,2,0.112,-0.260,2.003,2,-0.011,0.730,2.021,2,-0.426,0.999,1.841,2,-0.457,0.907,1.778,2,0.446,0.984,1.841,2,0.417,0.979,1.827
2.634|kb,81935649872300000,6,25,0,0,0,0,0,1,72057594037962551,2,0.002,0.203,1.902,2,-0.005,0.489,1.966,2,-0.010,0.752,2.006,2,-0.025,0.897,2.120,2,-0.165,0.650,1.888,2,-0.341,0.712,1.739,2,-0.399,0.928,1.748,1,-0.425,0.961,1.798,2,0.158,0.652,1.901,2,0.351,0.710,1.778,2,0.405,0.928,1.793,2,0.430,0.933,1.823,2,-0.074,0.200,1.866,2,-0.110,-0.071,1.900,2,-0.156,-0.370,2.071,2,-0.161,-0.400,2.007,2,0.078,0.200,1.871,2,0.104,-0.061,1.915,2,0.099,-0.278,2.070,2,0.098,-0.362,2.070,2,-0.009,0.686,1.997,2,-0.434,0.999,1.824,2,-0.463,0.900,1.779,2,0.459,0.974,1.832,2,0.403,0.951,1.819
2.677|kb,81935653166430000,6,25,0,0,0,0,0,1,72057594037962551,2,0.001,0.202,1.903,2,-0.005,0.488,1.965,2,-0.010,0.752,2.006,2,-0.023,0.899,2.117,2,-0.165,0.650,1.888,2,-0.341,0.708,1.738,2,-0.409,0.923,1.734,1,-0.425,0.960,1.794,2,0.158,0.652,1.901,2,0.352,0.707,1.778,2,0.432,0.916,1.783,2,0.444,0.954,1.830,2,-0.074,0.199,1.867,2,-0.110,-0.072,1.902,2,-0.152,-0.364,2.080,2,-0.168,-0.376,1.955,2,0.077,0.199,1.872,2,0.103,-0.063,1.919,2,0.098,-0.295,2.087,2,0.128,-0.347,2.058,2,-0.009,0.686,1.997,2,-0.434,1.003,1.822,2,-0.464,0.898,1.782,2,0.418,0.998,1.875,2,0.401,0.930,1.813
2.701|kb,81935656463950000,6,25,0,0,0,0,0,1,72057594037962551,2,0.001,0.201,1.905,2,-0.005,0.487,1.965,2,-0.010,0.752,2.006,2,-0.020,0.903,2.109,2,-0.165,0.650,1.888,2,-0.342,0.703,1.737,2,-0.411,0.917,1.731,1,-0.427,0.953,1.781,2,0.158,0.652,1.900,2,0.355,0.700,1.778,2,0.447,0.906,1.768,1,0.445,0.950,1.824,2,-0.075,0.198,1.869,2,-0.111,-0.072,1.904,2,-0.150,-0.333,2.070,2,-0.157,-0.403,2.022,2,0.076,0.198,1.874,2,0.103,-0.063,1.920,2,0.104,-0.297,2.089,2,0.120,-0.270,2.002,2,-0.009,0.686,1.997,2,-0.443,0.995,1.810,2,-0.465,0.894,1.765,2,0.456,0.969,1.826,2,0.408,0.946,1.818
2.743|kb,81935659864620000,6,25,0,0,0,0,0,1,72057594037962551,2,0.000,0.200,1.907,2,-0.005,0.487,1.965,2,-0.010,0.753,2.006,2,-0.015,0.909,2.098,2,-0.165,0.650,1.888,2,-0.345,0.697,1.738,2,-0.414,0.911,1.727,1,-0.430,0.948,1.775,2,0.158,0.652,1.900,2,0.357,0.694,1.780,2,0.442,0.902,1.766,1,0.445,0.939,1.815,2,-0.075,0.197,1.870,2,-0.111,-0.073,1.906,2,-0.150,-0.330,2.068,2,-0.155,-0.402,2.019,2,0.075,0.197,1.877,2,0.103,-0.063,1.921,2,0.098,-0.262,2.071,2,0.124,-0.351,2.062,2,-0.009,0.686,1.997,2,-0.434,0.992,1.796,2,-0.470,0.890,1.766,2,0.428,0.971,1.826,2,0.410,0.924,1.795
2.767|kb,81935663165040000,6,25,0,0,0,0,0,1,72057594037962551,2,-0.001,0.199,1.909,2,-0.005,0.487,1.965,2,-0.010,0.755,2.004,2,-0.014,0.912,2.093,2,-0.166,0.650,1.888,2,-0.348,0.690,1.739,2,-0.417,0.904,1.723,1,-0.437,0.944,1.772,2,0.158,0.652,1.900,2,0.360,0.686,1.782,2,0.440,0.897,1.765,1,0.449,0.933,1.813,2,-0.075,0.196,1.872,2,-0.112,-0.073,1.908,2,-0.152,-0.342,2.072,2,-0.158,-0.412,2.009,2,0.074,0.196,1.879,2,0.102,-0.063,1.925,2,0.108,-0.280,2.070,2,0.106,-0.251,2.015,2,-0.009,0.688,1.996,2,-0.445,0.987,1.792,2,-0.477,0.879,1.774,2,0.429,0.978,1.837,2,0.418,0.923,1.794
2.811|kb,81935666466450000,6,25,0,0,0,0,0,1,72057594037962551,2,-0.002,0.199,1.911,2,-0.005,0.487,1.964,2,-0.009,0.756,2.002,2,-0.012,0.916,2.084,2,-0.167,0.649,1.886,2,-0.351,0.683,1.739,2,-0.419,0.898,1.720,2,-0.438,0.920,1.754,2,0.158,0.652,1.900,2,0.362,0.679,1.784,2,0.440,0.890,1.764,1,0.454,0.925,1.806,2,-0.076,0.195,1.873,2,-0.112,-0.072,1.910,2,-0.146,-0.321,2.064,2,-0.160,-0.372,2.007,2,0.073,0.196,1.881,2,0.102,-0.062,1.925,2,0.097,-0.248,2.069,2,0.111,-0.347,2.061,2,-0.008,0.689,1.995,2,-0.450,0.974,1.773,2,-0.473,0.863,1.749,2,0.440,0.965,1.828,2,0.415,0.912,1.800
2.834|kb,81935669874430000,6,25,0,0,0,0,0,1,72057594037962551,2,-0.003,0.199,1.913,2,-0.005,0.487,1.964,2,-0.008,0.759,1.999,2,-0.010,0.920,2.076,2,-0.168,0.649,1.886,2,-0.353,0.678,1.740,2,-0.428,0.890,1.717,2,-0.445,0.917,1.754,2,0.158,0.652,1.900,2,0.364,0.671,1.786,2,0.442,0.883,1.763,1,0.459,0.915,1.800,2,-0.077,0.195,1.875,2,-0.112,-0.073,1.912,2,-0.152,-0.350,2.084,2,-0.158,-0.361,1.962,2,0.071,0.196,1.884,2,0.101,-0.061,1.927,2,0.097,-0.273,2.083,2,0.111,-0.349,2.065,2,-0.008,0.691,1.992,2,-0.461,0.973,1.772,2,-0.484,0.865,1.763,2,0.482,0.945,1.808,2,0.423,0.914,1.801
2.877|kb,81935673163690000,6,25,0,0,0,0,0,1,72057594037962551,2,-0.003,0.200,1.915,2,-0.005,0.487,1.964,2,-0.008,0.761,1.996,2,-0.010,0.923,2.070,2,-0.168,0.650,1.886,2,-0.356,0.672,1.739,2,-0.432,0.884,1.716,2,-0.446,0.894,1.737,2,0.159,0.652,1.901,2,0.366,0.667,1.786,2,0.446,0.877,1.763,1,0.465,0.911,1.798,2,-0.077,0.196,1.877,2,-0.112,-0.073,1.913,2,-0.156,-0.343,2.071,2,-0.168,-0.426,2.028,2,0.071,0.196,1.886,2,0.101,-0.061,1.928,2,0.107,-0.294,2.092,2,0.098,-0.269,2.011,2,-0.008,0.693,1.990,2,-0.467,0.969,1.775,2,-0.483,0.847,1.744,2,0.463,0.942,1.811,2,0.429,0.919,1.803
2.914|kb,81935676464710000,6,25,0,0,0,0,0,1,72057594037962551,2,-0.003,0.200,1.916,2,-0.005,0.488,1.963,2,-0.007,0.762,1.994,2,-0.010,0.925,2.063,2,-0.168,0.650,1.886,2,-0.358,0.667,1.738,2,-0.444,0.874,1.710,2,-0.456,0.926,1.750,2,0.160,0.653,1.901,2,0.367,0.661,1.787,2,0.449,0.871,1.761,1,0.467,0.904,1.794,2,-0.076,0.196,1.878,2,-0.112,-0.072,1.914,2,-0.156,-0.343,2.075,2,-0.167,-0.416,2.028,2,0.071,0.197,1.887,2,0.100,-0.061,1.932,2,0.106,-0.248,2.056,2,0.061,-0.216,2.043,2,-0.007,0.694,1.989,2,-0.475,0.962,1.770,2,-0.484,0.865,1.739,2,0.461,0.936,1.804,2,0.432,0.910,1.804
2.944|kb,81935679863710000,6,25,0,0,0,0,0,1,72057594037962551,2,-0.002,0.201,1.918,2,-0.005,0.488,1.963,2,-0.008,0.764,1.993,2,-0.010,0.928,2.060,2,-0.169,0.650,1.886,2,-0.359,0.662,1.738,2,-0.444,0.870,1.709,2,-0.459,0.922,1.742,2,0.160,0.653,1.901,2,0.368,0.657,1.787,2,0.450,0.867,1.761,1,0.469,0.902,1.792,2,-0.076,0.196,1.879,2,-0.113,-0.072,1.918,2,-0.156,-0.360,2.088,2,-0.149,-0.406,1.993,2,0.071,0.198,1.889,2,0.100,-0.058,1.934,2,0.101,-0.262,2.076,2,0.103,-0.371,2.078,2,-0.007,0.696,1.987,2,-0.473,0.970,1.764,2,-0.484,0.897,1.750,2,0.469,0.931,1.803,2,0.436,0.916,1.816
2.967|kb,81935683163830000,6,25,0,0,0,0,0,1,72057594037962551,2,-0.002,0.201,1.919,2,-0.005,0.489,1.963,2,-0.008,0.766,1.991,2,-0.010,0.930,2.056,2,-0.169,0.651,1.886,2,-0.360,0.655,1.738,2,-0.454,0.858,1.697,2,-0.460,0.913,1.735,2,0.164,0.655,1.903,2,0.371,0.652,1.787,2,0.451,0.862,1.760,1,0.471,0.897,1.788,2,-0.076,0.197,1.880,2,-0.113,-0.071,1.920,2,-0.155,-0.357,2.086,2,-0.154,-0.411,2.026,2,0.071,0.198,1.891,2,0.100,-0.056,1.936,2,0.100,-0.299,2.105,2,0.103,-0.371,2.075,2,-0.007,0.698,1.986,2,-0.471,0.950,1.760,2,-0.488,0.903,1.744,2,0.453,0.933,1.818,2,0.431,0.882,1.787
3.011|kb,81935686464000000,6,25,0,0,0,0,0,1,72057594037962551,2,-0.003,0.202,1.920,2,-0.005,0.490,1.963,2,-0.008,0.767,1.990,2,-0.010,0.932,2.052,2,-0.169,0.652,1.886,2,-0.361,0.650,1.738,2,-0.467,0.844,1.680,2,-0.460,0.899,1.725,2,0.164,0.655,1.903,2,0.371,0.649,1.788,2,0.456,0.857,1.757,1,0.470,0.895,1.785,2,-0.076,0.197,1.881,2,-0.113,-0.070,1.923,2,-0.157,-0.363,2.092,2,-0.155,-0.410,2.046,2,0.071,0.199,1.892,2,0.098,-0.056,1.940,2,0.100,-0.321,2.120,2,0.103,-0.373,2.073,2,-0.008,0.699,1.985,2,-0.474,0.942,1.745,2,-0.484,0.876,1.723,2,0.493,0.922,1.797,2,0.438,0.902,1.795
3.039|kb,81935689872320000,6,25,0,0,0,0,0,1,72057594037962551,2,-0.002,0.203,1.922,2,-0.005,0.491,1.962,2,-0.009,0.769,1.989,2,-0.010,0.934,2.048,2,-0.169,0.653,1.886,2,-0.362,0.644,1.738,2,-0.465,0.840,1.680,2,-0.466,0.893,1.722,2,0.165,0.656,1.904,2,0.372,0.645,1.788,2,0.459,0.853,1.773,2,0.468,0.880,1.783,2,-0.076,0.198,1.883,2,-0.114,-0.069,1.925,2,-0.154,-0.371,2.101,2,-0.165,-0.414,2.030,2,0.072,0.200,1.894,2,0.098,-0.056,1.941,2,0.099,-0.334,2.130,2,0.101,-0.374,2.072,2,-0.008,0.701,1.984,2,-0.477,0.938,1.746,2,-0.493,0.878,1.729,2,0.456,0.931,1.812,2,0.431,0.877,1.799
3.084|kb,81935693167490000,6,25,0,0,0,0,0,1,72057594037962551,2,-0.002,0.203,1.925,2,-0.005,0.491,1.963,2,-0.008,0.770,1.988,2,-0.009,0.936,2.043,2,-0.169,0.654,1.887,2,-0.361,0.638,1.739,2,-0.463,0.833,1.678,2,-0.459,0.849,1.706,2,0.165,0.656,1.904,2,0.372,0.642,1.789,2,0.469,0.844,1.752,1,0.474,0.890,1.783,2,-0.076,0.199,1.885,2,-0.114,-0.070,1.928,2,-0.155,-0.375,2.103,2,-0.165,-0.413,2.015,2,0.071,0.200,1.897,2,0.098,-0.054,1.943,2,0.099,-0.340,2.133,2,0.120,-0.353,2.076,2,-0.007,0.702,1.984,2,-0.483,0.932,1.732,2,-0.495,0.798,1.729,2,0.466,0.930,1.807,2,0.438,0.881,1.784
3.111|kb,81935696463980000,6,25,0,0,0,0,0,1,72057594037962551,2,-0.002,0.203,1.926,2,-0.005,0.492,1.962,2,-0.008,0.771,1.987,2,-0.009,0.937,2.040,2,-0.169,0.654,1.887,2,-0.360,0.631,1.739,2,-0.462,0.825,1.673,2,-0.471,0.881,1.712,2,0.165,0.656,1.904,2,0.372,0.638,1.789,2,0.458,0.847,1.768,2,0.460,0.855,1.772,2,-0.076,0.199,1.885,2,-0.113,-0.070,1.929,2,-0.155,-0.376,2.104,2,-0.162,-0.411,2.010,2,0.071,0.201,1.899,2,0.098,-0.054,1.943,2,0.100,-0.352,2.142,2,0.104,-0.380,2.072,2,-0.007,0.703,1.983,2,-0.491,0.923,1.733,2,-0.500,0.887,1.713,2,0.468,0.919,1.788,2,0.435,0.885,1.790
3.134|kb,81935699864090000,6,25,0,0,0,0,0,1,72057594037962551,2,-0.002,0.204,1.926,2,-0.005,0.493,1.962,2,-0.009,0.772,1.986,2,-0.009,0.938,2.036,2,-0.170,0.655,1.887,2,-0.361,0.625,1.740,2,-0.461,0.818,1.670,2,-0.464,0.839,1.698,2,0.165,0.655,1.904,2,0.372,0.635,1.790,2,0.457,0.844,1.768,2,0.461,0.853,1.773,2,-0.076,0.199,1.886,2,-0.113,-0.069,1.929,2,-0.156,-0.376,2.103,2,-0.161,-0.413,2.009,2,0.071,0.201,1.900,2,0.098,-0.053,1.945,2,0.101,-0.355,2.143,2,0.104,-0.381,2.070,2,-0.008,0.704,1.982,2,-0.494,0.920,1.725,2,-0.486,0.774,1.690,2,0.486,0.912,1.778,2,0.422,0.850,1.786
3.175|kb,81935703164640000,6,25,0,0,0,0,0,1,72057594037962551,2,-0.003,0.204,1.927,2,-0.006,0.493,1.962,2,-0.009,0.773,1.986,2,-0.008,0.939,2.034,2,-0.170,0.655,1.888,2,-0.360,0.618,1.742,2,-0.463,0.808,1.666,2,-0.474,0.867,1.703,2,0.166,0.655,1.906,2,0.373,0.632,1.791,2,0.456,0.842,1.768,2,0.461,0.848,1.769,2,-0.076,0.200,1.887,2,-0.114,-0.069,1.930,2,-0.152,-0.360,2.093,2,-0.162,-0.402,2.043,2,0.070,0.201,1.901,2,0.098,-0.054,1.946,2,0.101,-0.350,2.139,2,0.106,-0.375,2.062,2,-0.008,0.704,1.982,2,-0.491,0.910,1.718,2,-0.497,0.859,1.693,2,0.488,0.911,1.788,2,0.440,0.884,1.787
3.198|kb,81935706463950000,6,25,0,0,0,0,0,1,72057594037962551,2,-0.003,0.204,1.929,2,-0.006,0.507,1.966,2,-0.012,0.818,1.995,2,-0.008,0.946,2.031,2,-0.170,0.656,1.890,2,-0.360,0.610,1.744,2,-0.467,0.795,1.656,2,-0.475,0.856,1.695,2,0.167,0.655,1.909,2,0.373,0.628,1.792,2,0.455,0.838,1.768,2,0.462,0.844,1.768,2,-0.076,0.200,1.888,2,-0.114,-0.069,1.931,2,-0.152,-0.362,2.095,2,-0.155,-0.418,2.024,2,0.071,0.202,1.902,2,0.098,-0.053,1.946,2,0.101,-0.351,2.139,2,0.106,-0.375,2.063,2,-0.010,0.740,1.989,2,-0.492,0.900,1.711,2,-0.503,0.852,1.692,2,0.485,0.904,1.776,2,0.440,0.882,1.775
3.237|kb,81935709872440000,6,25,0,0,0,0,0,1,72057594037962551,2,-0.003,0.205,1.929,2,-0.007,0.511,1.967,2,-0.012,0.818,1.995,2,-0.008,0.946,2.029,2,-0.170,0.656,1.891,2,-0.360,0.603,1.747,2,-0.462,0.792,1.663,2,-0.465,0.809,1.684,2,0.168,0.655,1.911,2,0.372,0.616,1.795,2,0.452,0.827,1.768,2,0.464,0.839,1.765,2,-0.076,0.200,1.889,2,-0.114,-0.069,1.931,2,-0.153,-0.363,2.096,2,-0.164,-0.399,2.043,2,0.070,0.202,1.903,2,0.097,-0.053,1.947,2,0.100,-0.348,2.143,2,0.119,-0.357,2.074,2,-0.011,0.741,1.989,2,-0.501,0.887,1.702,2,-0.485,0.745,1.677,2,0.485,0.897,1.773,2,0.439,0.865,1.781
3.277|kb,81935713164740000,6,25,0,0,0,0,0,1,72057594037962551,2,-0.003,0.205,1.930,2,-0.007,0.512,1.967,2,-0.012,0.818,1.994,2,-0.008,0.946,2.027,2,-0.171,0.657,1.893,2,-0.358,0.577,1.745,2,-0.457,0.768,1.664,2,-0.464,0.794,1.677,2,0.169,0.655,1.913,2,0.372,0.612,1.797,2,0.466,0.813,1.742,2,0.463,0.828,1.761,2,-0.076,0.201,1.889,2,-0.114,-0.069,1.931,2,-0.157,-0.379,2.102,2,-0.160,-0.430,2.025,2,0.070,0.202,1.903,2,0.097,-0.052,1.946,2,0.098,-0.341,2.137,2,0.120,-0.353,2.077,2,-0.011,0.741,1.989,2,-0.505,0.875,1.698,2,-0.479,0.729,1.661,2,0.489,0.887,1.767,2,0.410,0.805,1.768
3.301|kb,81935716464180000,6,25,0,0,0,0,0,1,72057594037962551,2,-0.004,0.205,1.931,2,-0.008,0.513,1.968,2,-0.012,0.818,1.995,2,-0.008,0.945,2.025,2,-0.171,0.657,1.896,2,-0.358,0.574,1.747,2,-0.458,0.763,1.663,2,-0.467,0.789,1.675,2,0.169,0.655,1.915,2,0.371,0.606,1.799,2,0.464,0.807,1.743,2,0.466,0.820,1.759,2,-0.077,0.201,1.891,2,-0.114,-0.069,1.932,2,-0.155,-0.367,2.097,2,-0.157,-0.416,2.021,2,0.070,0.202,1.904,2,0.097,-0.051,1.947,2,0.098,-0.336,2.135,2,0.120,-0.352,2.078,2,-0.011,0.741,1.989,2,-0.508,0.869,1.693,2,-0.483,0.724,1.666,2,0.491,0.886,1.777,2,0.442,0.850,1.766
3.344|kb,81935719866940000,6,25,0,0,0,0,0,1,72057594037962551,2,-0.004,0.205,1.933,2,-0.008,0.513,1.968,2,-0.012,0.817,1.994,2,-0.008,0.945,2.022,2,-0.172,0.658,1.898,2,-0.358,0.568,1.748,2,-0.459,0.755,1.661,2,-0.468,0.779,1.671,2,0.169,0.654,1.917,2,0.370,0.600,1.802,2,0.463,0.801,1.742,2,0.468,0.811,1.756,2,-0.077,0.201,1.893,2,-0.114,-0.068,1.933,2,-0.155,-0.366,2.097,2,-0.157,-0.414,2.019,2,0.069,0.202,1.905,2,0.096,-0.052,1.948,2,0.099,-0.335,2.134,2,0.103,-0.373,2.068,2,-0.011,0.741,1.989,2,-0.508,0.858,1.688,2,-0.485,0.733,1.673,2,0.489,0.878,1.770,2,0.441,0.837,1.765
3.367|kb,81935723166430000,6,25,0,0,0,0,0,1,72057594037962551,2,-0.005,0.205,1.935,2,-0.008,0.513,1.969,2,-0.012,0.817,1.995,2,-0.008,0.944,2.021,2,-0.172,0.658,1.900,2,-0.358,0.561,1.753,2,-0.461,0.745,1.659,2,-0.470,0.769,1.671,2,0.169,0.653,1.921,2,0.369,0.592,1.807,2,0.461,0.792,1.743,2,0.470,0.802,1.756,2,-0.077,0.201,1.895,2,-0.114,-0.069,1.934,2,-0.156,-0.379,2.109,2,-0.156,-0.402,1.999,2,0.069,0.201,1.907,2,0.096,-0.053,1.950,2,0.099,-0.335,2.136,2,0.104,-0.373,2.071,2,-0.011,0.741,1.990,2,-0.510,0.847,1.686,2,-0.475,0.700,1.656,2,0.498,0.863,1.762,2,0.451,0.841,1.758
3.411|kb,81935726464200000,6,25,0,0,0,0,0,1,72057594037962551,2,-0.004,0.205,1.935,2,-0.008,0.513,1.969,2,-0.012,0.816,1.994,2,-0.007,0.943,2.018,2,-0.172,0.658,1.902,2,-0.349,0.550,1.777,2,-0.454,0.723,1.663,2,-0.471,0.758,1.664,2,0.168,0.652,1.922,2,0.367,0.584,1.810,2,0.462,0.781,1.741,2,0.472,0.788,1.748,2,-0.077,0.201,1.896,2,-0.114,-0.069,1.935,2,-0.156,-0.365,2.099,2,-0.162,-0.403,2.035,2,0.069,0.201,1.907,2,0.095,-0.053,1.950,2,0.098,-0.326,2.127,2,0.112,-0.352,2.059,2,-0.011,0.741,1.990,2,-0.507,0.835,1.676,2,-0.496,0.763,1.646,2,0.496,0.855,1.762,2,0.444,0.806,1.751
3.434|kb,81935729874960000,6,25,0,0,0,0,0,1,72057594037962551,2,-0.005,0.205,1.936,2,-0.008,0.514,1.970,2,-0.012,0.816,1.994,2,-0.007,0.943,2.016,2,-0.173,0.658,1.904,2,-0.347,0.545,1.784,2,-0.455,0.710,1.662,2,-0.471,0.743,1.661,2,0.168,0.652,1.924,2,0.366,0.577,1.813,2,0.467,0.769,1.736,2,0.473,0.775,1.747,2,-0.078,0.201,1.896,2,-0.115,-0.069,1.937,2,-0.159,-0.375,2.102,2,-0.160,-0.414,2.045,2,0.068,0.201,1.908,2,0.094,-0.054,1.954,2,0.100,-0.336,2.133,2,0.107,-0.379,2.066,2,-0.011,0.741,1.990,2,-0.508,0.816,1.671,2,-0.496,0.743,1.644,2,0.504,0.837,1.756,2,0.451,0.808,1.756
3.477|kb,81935733164220000,6,25,0,0,0,0,0,1,72057594037962551,2,-0.004,0.205,1.937,2,-0.008,0.514,1.970,2,-0.013,0.816,1.995,2,-0.007,0.942,2.015,2,-0.173,0.658,1.907,2,-0.346,0.539,1.789,2,-0.460,0.687,1.650,2,-0.470,0.725,1.658,2,0.168,0.651,1.927,2,0.363,0.567,1.819,2,0.468,0.754,1.734,2,0.477,0.761,1.742,2,-0.076,0.201,1.898,2,-0.115,-0.069,1.937,2,-0.149,-0.354,2.101,2,-0.164,-0.389,2.046,2,0.069,0.201,1.910,2,0.094,-0.054,1.954,2,0.099,-0.334,2.131,2,0.105,-0.378,2.063,2,-0.011,0.741,1.990,2,-0.506,0.799,1.660,2,-0.488,0.693,1.668,2,0.506,0.821,1.752,2,0.455,0.793,1.744
3.501|kb,81935736463870000,6,25,0,0,0,0,0,1,72057594037962551,2,-0.004,0.205,1.939,2,-0.008,0.514,1.971,2,-0.013,0.816,1.995,2,-0.007,0.941,2.014,2,-0.174,0.659,1.909,2,-0.344,0.531,1.795,2,-0.456,0.676,1.651,2,-0.467,0.705,1.652,2,0.168,0.650,1.929,2,0.351,0.539,1.824,2,0.466,0.716,1.729,2,0.473,0.733,1.737,2,-0.076,0.200,1.900,2,-0.115,-0.069,1.937,2,-0.152,-0.375,2.110,2,-0.176,-0.403,2.015,2,0.069,0.201,1.911,2,0.094,-0.054,1.954,2,0.099,-0.333,2.131,2,0.106,-0.377,2.063,2,-0.011,0.741,1.990,2,-0.505,0.775,1.651,2,-0.485,0.672,1.665,2,0.506,0.800,1.742,2,0.452,0.763,1.735
3.544|kb,81935739863730000,6,25,0,0,0,0,0,1,72057594037962551,2,-0.004,0.205,1.940,2,-0.008,0.514,1.972,2,-0.013,0.815,1.995,2,-0.007,0.940,2.013,2,-0.174,0.659,1.911,2,-0.342,0.509,1.796,2,-0.450,0.658,1.653,2,-0.460,0.677,1.647,2,0.168,0.649,1.931,2,0.348,0.530,1.829,2,0.465,0.703,1.730,2,0.476,0.714,1.732,2,-0.076,0.201,1.901,2,-0.116,-0.069,1.938,2,-0.152,-0.368,2.107,2,-0.169,-0.405,2.025,2,0.069,0.201,1.912,2,0.093,-0.055,1.956,2,0.100,-0.336,2.139,2,0.106,-0.382,2.075,2,-0.012,0.741,1.991,2,-0.498,0.747,1.639,2,-0.476,0.638,1.662,2,0.511,0.777,1.739,2,0.451,0.738,1.738
3.575|kb,81935743163980000,6,25,0,0,0,0,0,1,72057594037962551,2,-0.003,0.204,1.942,2,-0.008,0.514,1.973,2,-0.013,0.815,1.996,2,-0.007,0.940,2.012,2,-0.174,0.659,1.913,2,-0.337,0.486,1.807,2,-0.441,0.623,1.647,2,-0.453,0.647,1.640,2,0.167,0.648,1.932,2,0.340,0.516,1.835,2,0.469,0.674,1.725,2,0.476,0.684,1.726,2,-0.076,0.200,1.903,2,-0.115,-0.069,1.939,2,-0.152,-0.363,2.105,2,-0.165,-0.403,2.032,2,0.069,0.201,1.914,2,0.094,-0.056,1.957,2,0.108,-0.295,2.113,2,0.097,-0.288,2.015,2,-0.012,0.740,1.991,2,-0.489,0.714,1.621,2,-0.465,0.602,1.661,2,0.513,0.743,1.725,2,0.462,0.723,1.721
3.598|kb,81935746463720000,6,25,0,0,0,0,0,1,72057594037962551,2,-0.003,0.204,1.943,2,-0.008,0.514,1.973,2,-0.013,0.814,1.996,2,-0.007,0.940,2.011,2,-0.174,0.659,1.915,2,-0.329,0.476,1.812,2,-0.436,0.596,1.641,2,-0.444,0.610,1.635,2,0.166,0.647,1.934,2,0.323,0.487,1.853,2,0.460,0.626,1.725,2,0.472,0.645,1.723,2,-0.076,0.200,1.904,2,-0.116,-0.069,1.941,2,-0.153,-0.371,2.111,2,-0.164,-0.411,2.026,2,0.070,0.201,1.915,2,0.093,-0.056,1.959,2,0.095,-0.254,2.085,2,0.101,-0.373,2.067,2,-0.012,0.740,1.991,2,-0.482,0.673,1.607,2,-0.447,0.600,1.604,2,0.518,0.707,1.715,2,0.463,0.689,1.712
3.636|kb,81935749872600000,6,25,0,0,0,0,0,1,72057594037962551,2,-0.003,0.204,1.944,2,-0.008,0.514,1.974,2,-0.013,0.813,1.996,2,-0.006,0.940,2.010,2,-0.174,0.660,1.918,2,-0.319,0.465,1.819,2,-0.432,0.561,1.635,2,-0.438,0.571,1.632,2,0.165,0.646,1.935,2,0.318,0.479,1.857,2,0.462,0.604,1.723,2,0.477,0.615,1.719,2,-0.076,0.200,1.905,2,-0.116,-0.069,1.944,2,-0.153,-0.354,2.100,2,-0.164,-0.399,2.046,2,0.070,0.201,1.917,2,0.093,-0.058,1.960,2,0.096,-0.270,2.096,2,0.119,-0.353,2.086,2,-0.012,0.740,1.992,2,-0.475,0.629,1.596,2,-0.464,0.564,1.637,2,0.525,0.668,1.705,2,0.478,0.665,1.711
3.677|kb,81935753168400000,6,25,0,0,0,0,0,1,72057594037962551,2,-0.004,0.204,1.947,2,-0.009,0.513,1.976,2,-0.013,0.813,1.997,2,-0.006,0.939,2.009,2,-0.175,0.660,1.921,2,-0.290,0.441,1.844,2,-0.413,0.498,1.650,2,-0.424,0.520,1.641,2,0.164,0.646,1.937,2,0.317,0.475,1.858,2,0.472,0.579,1.716,2,0.486,0.585,1.713,2,-0.076,0.200,1.907,2,-0.117,-0.069,1.945,2,-0.157,-0.365,2.102,2,-0.167,-0.409,2.046,2,0.069,0.201,1.919,2,0.093,-0.058,1.962,2,0.096,-0.283,2.105,2,0.120,-0.354,2.083,2,-0.012,0.739,1.993,2,-0.467,0.574,1.594,2,-0.441,0.480,1.677,2,0.532,0.630,1.702,2,0.473,0.620,1.703
3.701|kb,81935756463690000,6,25,0,0,0,0,0,1,72057594037962551,2,-0.005,0.204,1.948,2,-0.009,0.513,1.977,2,-0.013,0.812,1.998,2,-0.006,0.939,2.008,2,-0.175,0.661,1.924,2,-0.292,0.440,1.848,2,-0.407,0.473,1.643,2,-0.415,0.479,1.645,2,0.163,0.647,1.939,2,0.302,0.459,1.868,2,0.469,0.525,1.717,2,0.480,0.540,1.716,2,-0.077,0.200,1.908,2,-0.117,-0.069,1.946,2,-0.158,-0.372,2.105,2,-0.171,-0.413,2.036,2,0.068,0.201,1.921,2,0.093,-0.060,1.965,2,0.099,-0.299,2.116,2,0.105,-0.378,2.068,2,-0.012,0.739,1.994,2,-0.463,0.531,1.589,2,-0.433,0.443,1.697,2,0.536,0.580,1.695,2,0.448,0.550,1.719
3.745|kb,81935759863980000,6,25,0,0,0,0,0,1,72057594037962551,2,-0.005,0.204,1.949,2,-0.009,0.514,1.977,2,-0.013,0.812,1.998,2,-0.005,0.938,2.006,2,-0.174,0.662,1.926,2,-0.259,0.413,1.882,2,-0.377,0.420,1.676,2,-0.399,0.438,1.655,2,0.163,0.647,1.940,2,0.298,0.455,1.874,2,0.466,0.492,1.714,2,0.477,0.503,1.718,2,-0.077,0.200,1.908,2,-0.118,-0.069,1.947,2,-0.154,-0.363,2.098,2,-0.172,-0.402,2.047,2,0.068,0.201,1.922,2,0.092,-0.060,1.965,2,0.098,-0.309,2.124,2,0.103,-0.378,2.070,2,-0.012,0.739,1.994,2,-0.452,0.482,1.589,2,-0.423,0.410,1.709,2,0.537,0.534,1.694,2,0.486,0.538,1.707
3.767|kb,81935763163840000,6,25,0,0,0,0,0,1,72057594037962551,2,-0.005,0.205,1.950,2,-0.009,0.514,1.978,2,-0.013,0.812,1.998,2,-0.005,0.938,2.005,2,-0.174,0.663,1.928,2,-0.261,0.420,1.877,2,-0.375,0.399,1.670,2,-0.388,0.400,1.666,2,0.163,0.648,1.942,2,0.285,0.441,1.880,2,0.459,0.458,1.723,2,0.475,0.468,1.721,2,-0.077,0.201,1.909,2,-0.118,-0.069,1.948,2,-0.157,-0.375,2.110,2,-0.178,-0.409,2.026,2,0.068,0.201,1.923,2,0.092,-0.060,1.967,2,0.097,-0.315,2.129,2,0.117,-0.357,2.087,2,-0.012,0.739,1.995,2,-0.441,0.432,1.596,2,-0.406,0.370,1.722,2,0.537,0.491,1.694,2,0.452,0.485,1.727
3.811|kb,81935766466750000,6,25,0,0,0,0,0,1,72057594037962551,2,-0.005,0.205,1.951,2,-0.009,0.514,1.979,2,-0.013,0.812,1.999,2,-0.005,0.938,2.004,2,-0.173,0.663,1.929,2,-0.258,0.422,1.876,2,-0.366,0.358,1.674,2,-0.374,0.366,1.677,2,0.163,0.648,1.942,2,0.283,0.435,1.888,2,0.453,0.427,1.725,2,0.468,0.430,1.726,2,-0.077,0.201,1.910,2,-0.118,-0.069,1.948,2,-0.158,-0.378,2.107,2,-0.179,-0.414,2.027,2,0.067,0.201,1.925,2,0.092,-0.060,1.967,2,0.098,-0.320,2.133,2,0.102,-0.377,2.072,2,-0.012,0.739,1.995,2,-0.431,0.386,1.605,2,-0.359,0.408,1.709,2,0.533,0.445,1.697,2,0.474,0.453,1.712
3.834|kb,81935769872250000,6,25,0,0,0,0,0,1,72057594037962551,2,-0.005,0.205,1.952,2,-0.009,0.514,1.980,2,-0.013,0.812,1.999,2,-0.004,0.938,2.003,2,-0.173,0.663,1.930,2,-0.256,0.423,1.876,2,-0.356,0.328,1.682,2,-0.366,0.336,1.685,2,0.163,0.648,1.943,2,0.277,0.430,1.895,2,0.444,0.387,1.733,2,0.459,0.392,1.731,2,-0.077,0.201,1.911,2,-0.119,-0.069,1.950,2,-0.155,-0.366,2.108,2,-0.174,-0.406,2.050,2,0.067,0.202,1.926,2,0.091,-0.059,1.971,2,0.098,-0.325,2.136,2,0.103,-0.378,2.068,2,-0.012,0.739,1.995,2,-0.419,0.344,1.611,2,-0.415,0.365,1.660,2,0.523,0.399,1.701,2,0.476,0.414,1.682
3.878|kb,81935773164070000,6,25,0,0,0,0,0,1,72057594037962551,2,-0.005,0.205,1.953,2,-0.009,0.514,1.980,2,-0.013,0.811,1.999,2,-0.003,0.938,2.002,2,-0.173,0.663,1.931,2,-0.253,0.423,1.876,2,-0.345,0.295,1.699,2,-0.354,0.307,1.702,2,0.164,0.648,1.944,2,0.267,0.430,1.906,2,0.352,0.392,1.820,2,0.387,0.368,1.777,2,-0.078,0.202,1.912,2,-0.119,-0.068,1.950,2,-0.154,-0.362,2.108,2,-0.172,-0.401,2.051,2,0.067,0.202,1.927,2,0.091,-0.059,1.971,2,0.098,-0.329,2.140,2,0.103,-0.378,2.071,2,-0.012,0.738,1.996,2,-0.403,0.297,1.631,2,-0.404,0.330,1.677,2,0.462,0.374,1.709,2,0.364,0.403,1.754
