0.000|kb,95332022547820000,6,25,1,72057594037957860,2,0.035,-0.011,2.963,2,0.011,0.250,2.815,2,-0.012,0.505,2.655,2,-0.041,0.629,2.580,2,-0.177,0.428,2.691,2,-0.261,0.242,2.674,2,-0.084,0.211,2.557,1,-0.029,0.238,2.543,2,0.137,0.453,2.611,2,0.258,0.311,2.450,2,0.058,0.295,2.357,2,-0.001,0.296,2.346,2,-0.041,-0.024,2.928,2,-0.028,-0.345,3.116,2,0.007,-0.689,3.299,2,-0.049,-0.730,3.231,2,0.110,0.002,2.923,2,0.155,-0.325,2.742,2,0.151,-0.724,2.720,2,0.141,-0.719,2.653,2,-0.006,0.442,2.697,2,0.008,0.249,2.549,2,-0.025,0.221,2.495,2,-0.052,0.291,2.349,2,-0.006,0.289,2.303,0,0,0,0,0
0.037|kb,95332025841580000,6,25,1,72057594037957860,2,0.035,-0.011,2.962,2,0.011,0.250,2.815,2,-0.012,0.505,2.655,2,-0.041,0.629,2.580,2,-0.177,0.428,2.692,2,-0.261,0.242,2.674,2,-0.078,0.212,2.554,1,-0.026,0.241,2.541,2,0.137,0.453,2.611,2,0.258,0.311,2.450,2,0.058,0.294,2.357,2,0.000,0.294,2.341,2,-0.041,-0.024,2.928,2,-0.028,-0.345,3.116,2,0.007,-0.689,3.299,2,-0.049,-0.730,3.231,2,0.110,0.002,2.923,2,0.155,-0.325,2.742,2,0.151,-0.724,2.719,2,0.141,-0.719,2.653,2,-0.007,0.442,2.697,2,0.011,0.250,2.549,2,-0.031,0.216,2.491,2,-0.051,0.291,2.342,2,0.003,0.286,2.301,0,0,0,0,0
0.071|kb,95332029141230000,6,25,1,72057594037957860,2,0.035,-0.011,2.962,2,0.011,0.250,2.815,2,-0.012,0.505,2.655,2,-0.041,0.629,2.580,2,-0.177,0.428,2.691,2,-0.259,0.242,2.671,2,-0.073,0.212,2.552,1,-0.025,0.240,2.534,2,0.137,0.453,2.611,2,0.258,0.311,2.450,2,0.058,0.293,2.357,2,0.000,0.292,2.336,2,-0.041,-0.024,2.927,2,-0.029,-0.344,3.114,2,0.007,-0.689,3.299,2,-0.049,-0.730,3.230,2,0.110,0.002,2.923,2,0.154,-0.326,2.741,2,0.151,-0.725,2.719,2,0.140,-0.720,2.653,2,-0.007,0.442,2.697,2,0.005,0.250,2.541,2,-0.001,0.240,2.513,2,-0.049,0.289,2.334,2,0.010,0.284,2.300,0,0,0,0,0
0.094|kb,95332032547800000,6,25,1,72057594037957860,2,0.035,-0.011,2.962,2,0.011,0.250,2.814,2,-0.012,0.504,2.655,2,-0.041,0.629,2.580,2,-0.178,0.428,2.692,2,-0.259,0.242,2.671,2,-0.073,0.212,2.552,1,-0.026,0.240,2.533,2,0.137,0.452,2.611,2,0.258,0.311,2.450,2,0.058,0.291,2.356,2,0.001,0.290,2.337,2,-0.041,-0.023,2.927,2,-0.029,-0.344,3.114,2,0.007,-0.689,3.299,2,-0.048,-0.730,3.230,2,0.110,0.003,2.923,2,0.154,-0.326,2.741,2,0.151,-0.726,2.719,2,0.144,-0.722,2.654,2,-0.007,0.442,2.697,2,0.005,0.249,2.536,2,-0.041,0.219,2.484,2,-0.048,0.286,2.335,2,-0.003,0.284,2.296,0,0,0,0,0
0.138|kb,95332035841080000,6,25,1,72057594037957860,2,0.035,-0.011,2.962,2,0.011,0.250,2.814,2,-0.012,0.504,2.654,2,-0.041,0.629,2.580,2,-0.177,0.427,2.691,2,-0.259,0.241,2.671,2,-0.074,0.212,2.552,1,-0.026,0.238,2.531,2,0.138,0.452,2.611,2,0.258,0.311,2.450,2,0.057,0.289,2.353,2,0.002,0.287,2.334,2,-0.041,-0.023,2.927,2,-0.031,-0.342,3.112,2,0.007,-0.689,3.299,2,-0.048,-0.730,3.231,2,0.110,0.003,2.923,2,0.155,-0.326,2.739,2,0.151,-0.726,2.719,2,0.144,-0.722,2.655,2,-0.007,0.442,2.697,2,0.004,0.248,2.535,2,-0.041,0.219,2.485,2,-0.046,0.284,2.334,2,0.007,0.280,2.296,0,0,0,0,0
0.170|kb,95332039138980000,6,25,1,72057594037957860,2,0.035,-0.011,2.961,2,0.011,0.250,2.814,2,-0.012,0.504,2.654,2,-0.041,0.628,2.579,2,-0.176,0.425,2.689,2,-0.259,0.241,2.671,2,-0.067,0.212,2.542,1,-0.024,0.236,2.527,2,0.138,0.451,2.610,2,0.259,0.310,2.450,2,0.099,0.273,2.353,2,0.005,0.282,2.331,2,-0.041,-0.024,2.926,2,-0.032,-0.342,3.110,2,0.007,-0.689,3.299,2,-0.048,-0.730,3.231,2,0.110,0.002,2.923,2,0.155,-0.327,2.736,2,0.151,-0.726,2.719,2,0.144,-0.722,2.653,2,-0.006,0.441,2.696,2,0.004,0.247,2.534,2,-0.042,0.214,2.480,2,-0.044,0.278,2.330,2,0.015,0.273,2.292,0,0,0,0,0
0.194|kb,95332042547730000,6,25,1,72057594037957860,2,0.035,-0.012,2.961,2,0.012,0.248,2.813,2,-0.012,0.501,2.651,2,-0.040,0.625,2.577,2,-0.176,0.423,2.689,2,-0.256,0.238,2.670,2,-0.066,0.213,2.535,1,-0.028,0.230,2.516,2,0.139,0.447,2.608,2,0.258,0.319,2.459,2,0.105,0.270,2.355,2,0.010,0.276,2.327,2,-0.041,-0.025,2.926,2,-0.033,-0.343,3.108,2,0.007,-0.689,3.299,2,-0.048,-0.730,3.231,2,0.111,0.000,2.921,2,0.154,-0.328,2.731,2,0.155,-0.726,2.718,2,0.144,-0.722,2.653,2,-0.006,0.439,2.694,2,0.000,0.245,2.524,2,-0.048,0.209,2.477,2,-0.038,0.269,2.319,2,0.029,0.265,2.294,0,0,0,0,0
0.237|kb,95332045839600000,6,25,1,72057594037957860,2,0.036,-0.014,2.960,2,0.013,0.245,2.810,2,-0.010,0.496,2.646,2,-0.039,0.620,2.571,2,-0.175,0.420,2.686,2,-0.255,0.236,2.668,2,-0.110,0.196,2.549,1,-0.046,0.216,2.514,2,0.141,0.444,2.604,2,0.265,0.287,2.435,2,0.096,0.267,2.349,2,0.012,0.268,2.324,2,-0.041,-0.025,2.926,2,-0.035,-0.340,3.101,2,0.006,-0.688,3.299,2,-0.048,-0.730,3.231,2,0.112,-0.002,2.919,2,0.155,-0.327,2.723,2,0.157,-0.726,2.718,2,0.144,-0.723,2.652,2,-0.005,0.434,2.689,2,-0.006,0.232,2.508,2,-0.065,0.196,2.486,2,-0.041,0.263,2.321,2,-0.002,0.246,2.294,0,0,0,0,0
0.259|kb,95332049139380000,6,25,1,72057594037957860,2,0.038,-0.016,2.959,2,0.015,0.240,2.806,2,-0.007,0.488,2.639,2,-0.037,0.613,2.564,2,-0.174,0.416,2.684,2,-0.254,0.233,2.668,2,-0.110,0.191,2.547,1,-0.050,0.205,2.511,2,0.145,0.435,2.596,2,0.271,0.279,2.428,2,0.103,0.256,2.340,2,0.015,0.256,2.315,2,-0.040,-0.027,2.925,2,-0.037,-0.341,3.099,2,0.006,-0.687,3.298,2,-0.048,-0.731,3.232,2,0.114,-0.006,2.917,2,0.157,-0.327,2.715,2,0.162,-0.727,2.716,2,0.145,-0.725,2.651,2,-0.001,0.427,2.683,2,-0.006,0.227,2.506,2,-0.055,0.189,2.473,2,-0.036,0.253,2.310,2,-0.006,0.235,2.284,0,0,0,0,0
0.303|kb,95332052547620000,6,25,1,72057594037957860,2,0.042,-0.019,2.955,2,0.019,0.234,2.799,2,-0.004,0.480,2.630,2,-0.034,0.604,2.553,2,-0.168,0.406,2.676,2,-0.251,0.229,2.665,2,-0.081,0.181,2.528,1,-0.035,0.197,2.501,2,0.147,0.425,2.586,2,0.275,0.272,2.421,2,0.107,0.245,2.332,2,0.015,0.242,2.305,2,-0.036,-0.028,2.924,2,-0.037,-0.340,3.094,2,0.006,-0.686,3.298,2,-0.048,-0.731,3.232,2,0.119,-0.010,2.911,2,0.160,-0.323,2.706,2,0.163,-0.725,2.717,2,0.145,-0.726,2.652,2,0.002,0.420,2.675,2,-0.007,0.220,2.480,2,-0.047,0.195,2.463,2,-0.037,0.237,2.302,2,0.002,0.233,2.260,0,0,0,0,0
0.325|kb,95332055838930000,6,25,1,72057594037957860,2,0.048,-0.022,2.948,2,0.026,0.228,2.789,2,0.003,0.469,2.616,2,-0.029,0.591,2.538,2,-0.163,0.401,2.668,2,-0.247,0.223,2.661,2,-0.126,0.129,2.546,1,-0.067,0.175,2.507,2,0.150,0.414,2.572,2,0.277,0.263,2.410,2,0.108,0.223,2.319,2,0.018,0.227,2.294,2,-0.030,-0.030,2.920,2,-0.036,-0.340,3.091,2,0.006,-0.685,3.297,2,-0.047,-0.731,3.230,2,0.125,-0.013,2.901,2,0.161,-0.324,2.699,2,0.163,-0.723,2.718,2,0.145,-0.726,2.652,2,0.009,0.410,2.662,2,-0.014,0.182,2.482,2,-0.035,0.181,2.449,2,-0.036,0.222,2.289,2,0.002,0.209,2.256,0,0,0,0,0
0.370|kb,95332059140040000,6,25,1,72057594037957860,2,0.054,-0.024,2.944,2,0.034,0.221,2.779,2,0.013,0.459,2.599,2,-0.026,0.583,2.525,2,-0.158,0.397,2.659,2,-0.240,0.214,2.654,2,-0.117,0.124,2.537,1,-0.057,0.165,2.498,2,0.153,0.405,2.559,2,0.276,0.254,2.399,2,0.106,0.210,2.309,2,0.014,0.211,2.280,2,-0.023,-0.032,2.918,2,-0.034,-0.340,3.090,2,0.006,-0.684,3.297,2,-0.047,-0.731,3.231,2,0.130,-0.017,2.895,2,0.163,-0.325,2.695,2,0.165,-0.721,2.718,2,0.145,-0.726,2.652,2,0.018,0.400,2.646,2,-0.001,0.183,2.477,2,-0.045,0.156,2.451,2,-0.041,0.204,2.280,2,0.004,0.192,2.249,0,0,0,0,0
0.392|kb,95332062547420000,6,25,1,72057594037957860,2,0.064,-0.026,2.934,2,0.041,0.217,2.765,2,0.019,0.452,2.583,2,-0.024,0.576,2.508,2,-0.154,0.393,2.647,2,-0.230,0.210,2.646,2,-0.098,0.150,2.520,1,-0.049,0.155,2.483,2,0.156,0.396,2.544,2,0.276,0.247,2.388,2,0.108,0.197,2.294,2,0.020,0.196,2.267,2,-0.013,-0.032,2.910,2,-0.029,-0.341,3.091,2,0.006,-0.684,3.297,2,-0.048,-0.731,3.231,2,0.139,-0.019,2.882,2,0.166,-0.326,2.689,2,0.165,-0.720,2.718,2,0.148,-0.727,2.651,2,0.024,0.394,2.631,2,-0.005,0.167,2.460,2,-0.070,0.141,2.466,2,-0.038,0.190,2.263,2,0.004,0.181,2.229,0,0,0,0,0
0.432|kb,95332065839290000,6,25,1,72057594037957860,2,0.107,0.026,2.975,2,0.060,0.238,2.763,2,0.026,0.459,2.539,2,-0.020,0.570,2.490,2,-0.148,0.391,2.635,2,-0.229,0.209,2.644,2,-0.096,0.147,2.513,1,-0.049,0.146,2.477,2,0.158,0.390,2.529,2,0.274,0.238,2.374,2,0.108,0.186,2.281,2,0.020,0.185,2.255,2,0.031,0.023,2.961,2,-0.021,-0.342,3.094,2,0.005,-0.682,3.295,2,-0.048,-0.731,3.230,2,0.180,0.029,2.914,2,0.170,-0.325,2.684,2,0.165,-0.719,2.718,2,0.151,-0.727,2.651,2,0.034,0.404,2.603,2,-0.003,0.157,2.446,2,-0.072,0.132,2.468,2,-0.039,0.178,2.248,2,0.008,0.165,2.223,0,0,0,0,0
0.475|kb,95332069141470000,6,25,1,72057594037957860,2,0.108,0.027,2.973,2,0.063,0.240,2.759,2,0.027,0.458,2.534,2,-0.018,0.566,2.479,2,-0.141,0.390,2.621,2,-0.221,0.206,2.635,2,-0.091,0.143,2.508,1,-0.054,0.140,2.469,2,0.163,0.385,2.509,2,0.274,0.232,2.363,2,0.107,0.180,2.276,2,0.018,0.174,2.246,2,0.032,0.023,2.960,2,-0.011,-0.347,3.101,2,0.007,-0.679,3.292,2,-0.048,-0.730,3.231,2,0.181,0.029,2.913,2,0.177,-0.324,2.676,2,0.163,-0.717,2.718,2,0.151,-0.728,2.650,2,0.036,0.404,2.595,2,-0.005,0.144,2.434,2,-0.073,0.129,2.460,2,-0.042,0.165,2.242,2,0.001,0.152,2.217,0,0,0,0,0
0.504|kb,95332072547270000,6,25,1,72057594037957860,2,0.114,0.027,2.965,2,0.070,0.241,2.750,2,0.030,0.454,2.525,2,-0.015,0.562,2.468,2,-0.138,0.389,2.612,2,-0.218,0.204,2.628,2,-0.087,0.142,2.501,1,-0.059,0.148,2.479,2,0.165,0.383,2.502,2,0.275,0.228,2.355,2,0.108,0.172,2.266,2,0.019,0.167,2.238,2,0.038,0.024,2.954,2,-0.004,-0.348,3.103,2,0.020,-0.677,3.298,2,-0.043,-0.727,3.231,2,0.187,0.028,2.902,2,0.179,-0.324,2.673,2,0.163,-0.716,2.719,2,0.151,-0.728,2.651,2,0.040,0.402,2.584,2,-0.003,0.136,2.429,2,-0.075,0.127,2.459,2,-0.040,0.157,2.236,2,0.001,0.145,2.206,0,0,0,0,0
0.525|kb,95332075839100000,6,25,1,72057594037957860,2,0.117,0.023,2.956,2,0.074,0.240,2.742,2,0.034,0.453,2.515,2,-0.011,0.559,2.457,2,-0.132,0.386,2.603,2,-0.214,0.203,2.621,2,-0.083,0.139,2.495,1,-0.063,0.151,2.477,2,0.165,0.383,2.503,2,0.276,0.228,2.349,2,0.108,0.168,2.260,2,0.019,0.161,2.232,2,0.041,0.021,2.945,2,0.009,-0.349,3.104,2,0.056,-0.671,3.302,2,-0.011,-0.716,3.246,2,0.191,0.025,2.893,2,0.181,-0.323,2.670,2,0.164,-0.714,2.718,2,0.152,-0.726,2.651,2,0.044,0.400,2.574,2,-0.023,0.177,2.482,2,-0.064,0.130,2.437,2,-0.039,0.154,2.230,2,0.005,0.140,2.201,0,0,0,0,0
0.565|kb,95332079140290000,6,25,1,72057594037957860,2,0.125,0.021,2.947,2,0.080,0.239,2.733,2,0.037,0.452,2.507,2,-0.008,0.558,2.449,2,-0.128,0.385,2.597,2,-0.210,0.201,2.611,1,-0.079,0.136,2.486,1,-0.068,0.142,2.461,2,0.166,0.383,2.499,2,0.277,0.229,2.341,2,0.108,0.166,2.255,2,0.020,0.160,2.226,2,0.048,0.019,2.938,2,0.030,-0.345,3.095,2,0.072,-0.669,3.306,2,0.010,-0.713,3.253,2,0.198,0.023,2.882,2,0.185,-0.319,2.665,2,0.164,-0.713,2.718,2,0.153,-0.726,2.650,2,0.048,0.400,2.566,2,-0.046,0.126,2.430,2,-0.066,0.129,2.448,2,-0.036,0.151,2.226,2,0.010,0.138,2.197,0,0,0,0,0
0.606|kb,95332082555150000,6,25,1,72057594037957860,2,0.130,0.022,2.943,2,0.084,0.239,2.729,2,0.039,0.452,2.503,2,-0.006,0.558,2.446,2,-0.124,0.384,2.591,2,-0.203,0.199,2.602,2,-0.076,0.135,2.474,1,-0.065,0.145,2.456,2,0.168,0.384,2.496,2,0.279,0.228,2.334,2,0.108,0.165,2.248,2,0.023,0.160,2.223,2,0.053,0.019,2.933,2,0.046,-0.328,3.075,2,0.092,-0.663,3.307,2,0.051,-0.704,3.257,2,0.203,0.024,2.878,2,0.188,-0.317,2.661,2,0.165,-0.713,2.717,2,0.156,-0.726,2.650,2,0.050,0.400,2.562,2,-0.052,0.139,2.417,2,-0.063,0.133,2.432,2,-0.033,0.150,2.223,2,0.007,0.149,2.179,0,0,0,0,0
0.631|kb,95332085839030000,6,25,1,72057594037957860,2,0.137,0.022,2.936,2,0.089,0.241,2.723,2,0.042,0.454,2.498,2,-0.004,0.561,2.442,2,-0.121,0.383,2.587,2,-0.201,0.199,2.598,2,-0.070,0.149,2.467,1,-0.061,0.151,2.451,2,0.169,0.384,2.494,2,0.281,0.229,2.330,2,0.110,0.165,2.244,2,0.025,0.161,2.220,2,0.060,0.019,2.927,2,0.053,-0.312,3.044,1,0.114,-0.608,3.264,2,0.084,-0.658,3.223,2,0.211,0.025,2.872,2,0.190,-0.315,2.658,2,0.167,-0.714,2.717,2,0.157,-0.727,2.651,2,0.053,0.402,2.557,2,-0.053,0.146,2.425,2,-0.058,0.137,2.431,2,-0.026,0.149,2.219,2,0.018,0.142,2.187,0,0,0,0,0
0.674|kb,95332089141120000,6,25,1,72057594037957860,2,0.134,-0.020,2.865,2,0.095,0.220,2.698,2,0.048,0.450,2.501,2,-0.002,0.563,2.440,2,-0.117,0.384,2.584,2,-0.197,0.200,2.591,2,-0.069,0.143,2.460,1,-0.057,0.156,2.441,2,0.182,0.385,2.475,2,0.286,0.232,2.326,2,0.110,0.166,2.240,2,0.029,0.163,2.216,2,0.059,-0.026,2.852,2,0.058,-0.282,3.005,1,0.116,-0.536,3.186,2,0.091,-0.579,3.083,2,0.206,-0.014,2.805,2,0.193,-0.315,2.654,2,0.167,-0.714,2.717,2,0.157,-0.728,2.650,2,0.059,0.397,2.556,2,-0.045,0.151,2.405,2,-0.054,0.143,2.418,2,-0.020,0.150,2.214,2,0.024,0.142,2.186,0,0,0,0,0
0.704|kb,95332092548500000,6,25,1,72057594037957860,2,0.136,-0.020,2.864,2,0.097,0.220,2.695,2,0.052,0.450,2.502,2,0.001,0.566,2.438,2,-0.114,0.384,2.581,2,-0.192,0.202,2.586,2,-0.066,0.139,2.456,1,-0.054,0.161,2.435,2,0.186,0.387,2.470,2,0.291,0.238,2.322,2,0.111,0.168,2.238,2,0.033,0.167,2.213,2,0.061,-0.026,2.850,2,0.061,-0.280,3.001,1,0.118,-0.507,3.168,2,0.136,-0.569,3.062,2,0.208,-0.014,2.804,2,0.194,-0.314,2.653,2,0.167,-0.716,2.716,2,0.157,-0.729,2.649,2,0.062,0.396,2.555,2,-0.039,0.157,2.397,2,-0.052,0.148,2.414,2,-0.012,0.155,2.214,2,0.056,0.159,2.178,0,0,0,0,0
0.738|kb,95332095838750000,6,25,1,72057594037957860,2,0.141,-0.015,2.862,2,0.098,0.222,2.695,2,0.054,0.453,2.506,2,0.004,0.570,2.438,2,-0.110,0.386,2.581,2,-0.183,0.205,2.580,2,-0.053,0.151,2.448,1,-0.044,0.171,2.436,2,0.189,0.391,2.468,2,0.295,0.240,2.320,2,0.119,0.173,2.232,2,0.040,0.172,2.214,2,0.065,-0.021,2.848,2,0.065,-0.275,2.998,1,0.121,-0.484,3.113,2,0.136,-0.566,3.019,2,0.213,-0.009,2.802,2,0.195,-0.311,2.654,2,0.166,-0.717,2.716,2,0.152,-0.729,2.651,2,0.064,0.397,2.557,2,-0.032,0.164,2.397,2,-0.042,0.156,2.414,2,-0.006,0.158,2.214,2,0.041,0.149,2.193,0,0,0,0,0
0.760|kb,95332099139170000,6,25,1,72057594037957860,2,0.147,-0.012,2.858,2,0.103,0.225,2.693,2,0.058,0.455,2.508,2,0.008,0.575,2.440,2,-0.108,0.387,2.582,2,-0.180,0.206,2.579,2,-0.036,0.177,2.426,1,-0.028,0.179,2.412,2,0.191,0.393,2.468,2,0.300,0.245,2.319,2,0.119,0.177,2.232,2,0.047,0.177,2.214,2,0.070,-0.019,2.844,2,0.075,-0.275,2.992,2,0.255,-0.458,3.162,2,0.277,-0.554,3.094,2,0.220,-0.005,2.798,2,0.197,-0.310,2.655,2,0.165,-0.721,2.716,2,0.151,-0.733,2.650,2,0.068,0.399,2.557,2,-0.026,0.180,2.391,2,-0.026,0.169,2.384,2,0.002,0.163,2.218,2,0.043,0.151,2.195,0,0,0,0,0
0.803|kb,95332102546980000,6,25,1,72057594037957860,2,0.157,-0.007,2.854,2,0.109,0.230,2.691,2,0.063,0.460,2.511,2,0.012,0.581,2.442,2,-0.104,0.390,2.583,2,-0.175,0.210,2.577,2,-0.036,0.178,2.427,1,-0.023,0.190,2.418,2,0.195,0.397,2.467,2,0.305,0.250,2.319,2,0.122,0.180,2.232,2,0.053,0.182,2.214,2,0.080,-0.014,2.841,2,0.080,-0.271,2.988,2,0.260,-0.474,3.157,2,0.284,-0.559,3.078,2,0.231,0.001,2.794,2,0.199,-0.309,2.656,2,0.165,-0.722,2.716,2,0.149,-0.734,2.650,2,0.073,0.404,2.559,2,-0.019,0.190,2.396,2,-0.022,0.177,2.393,2,0.009,0.166,2.211,2,0.073,0.164,2.182,0,0,0,0,0
0.825|kb,95332105839570000,6,25,1,72057594037957860,2,0.162,-0.005,2.855,2,0.114,0.233,2.693,2,0.067,0.466,2.516,2,0.016,0.588,2.447,2,-0.098,0.394,2.590,2,-0.170,0.216,2.579,2,-0.033,0.185,2.435,1,-0.018,0.198,2.431,2,0.198,0.400,2.470,2,0.314,0.264,2.328,2,0.127,0.185,2.231,2,0.058,0.185,2.219,2,0.085,-0.011,2.842,2,0.093,-0.271,2.986,2,0.276,-0.468,3.137,2,0.306,-0.558,3.062,2,0.235,0.003,2.794,2,0.204,-0.307,2.661,2,0.166,-0.723,2.716,2,0.148,-0.734,2.651,2,0.078,0.409,2.563,2,-0.013,0.190,2.399,2,-0.019,0.186,2.405,2,0.015,0.169,2.217,2,0.068,0.163,2.199,0,0,0,0,0
0.871|kb,95332109139140000,6,25,1,72057594037957860,2,0.178,0.002,2.855,2,0.123,0.239,2.696,2,0.072,0.470,2.522,2,0.022,0.594,2.455,2,-0.091,0.399,2.596,2,-0.162,0.221,2.583,2,-0.030,0.193,2.446,1,-0.003,0.218,2.437,2,0.203,0.405,2.473,2,0.316,0.271,2.332,2,0.130,0.199,2.248,2,0.065,0.190,2.225,2,0.101,-0.007,2.843,2,0.099,-0.267,2.985,2,0.365,-0.509,3.164,2,0.399,-0.600,3.154,2,0.251,0.011,2.794,2,0.210,-0.306,2.665,2,0.166,-0.723,2.716,2,0.148,-0.733,2.651,2,0.084,0.413,2.568,2,0.050,0.257,2.415,2,-0.009,0.204,2.399,2,0.022,0.174,2.226,2,0.079,0.169,2.201,0,0,0,0,0
0.893|kb,95332112547340000,6,25,1,72057594037957860,2,0.186,0.004,2.856,2,0.132,0.243,2.699,2,0.080,0.476,2.530,2,0.027,0.599,2.461,2,-0.083,0.406,2.607,2,-0.155,0.228,2.589,2,-0.026,0.195,2.451,1,0.011,0.228,2.434,2,0.209,0.409,2.478,2,0.319,0.274,2.335,2,0.134,0.200,2.247,2,0.068,0.194,2.230,2,0.109,-0.005,2.844,2,0.108,-0.264,2.988,2,0.409,-0.538,3.175,2,0.419,-0.602,3.129,2,0.257,0.012,2.794,2,0.217,-0.306,2.671,2,0.164,-0.725,2.716,2,0.142,-0.729,2.617,2,0.093,0.419,2.574,2,0.065,0.259,2.413,2,-0.006,0.205,2.401,2,0.025,0.177,2.232,2,0.081,0.174,2.204,0,0,0,0,0
0.935|kb,95332115839160000,6,25,1,72057594037957860,2,0.196,0.007,2.859,2,0.142,0.246,2.703,2,0.090,0.480,2.535,2,0.034,0.603,2.469,2,-0.077,0.411,2.614,2,-0.150,0.233,2.596,2,-0.012,0.197,2.467,1,0.023,0.238,2.439,2,0.215,0.412,2.484,2,0.324,0.275,2.338,2,0.137,0.201,2.248,2,0.074,0.198,2.238,2,0.119,-0.002,2.848,2,0.148,-0.284,2.989,2,0.487,-0.550,3.163,2,0.460,-0.612,3.117,2,0.267,0.015,2.796,2,0.222,-0.304,2.676,2,0.167,-0.722,2.715,2,0.147,-0.726,2.617,2,0.103,0.423,2.580,2,0.076,0.257,2.410,2,-0.003,0.216,2.412,2,0.032,0.179,2.237,2,0.083,0.182,2.205,0,0,0,0,0
0.956|kb,95332119139080000,6,25,1,72057594037957860,2,0.206,0.007,2.864,2,0.151,0.247,2.709,2,0.097,0.481,2.542,2,0.041,0.607,2.479,2,-0.067,0.413,2.625,2,-0.141,0.235,2.605,2,-0.010,0.199,2.468,1,0.027,0.240,2.452,2,0.224,0.416,2.493,2,0.334,0.280,2.348,2,0.180,0.207,2.261,2,0.093,0.202,2.246,2,0.130,-0.001,2.854,1,0.151,-0.283,2.990,2,0.510,-0.555,3.155,2,0.494,-0.602,3.102,2,0.278,0.016,2.799,2,0.227,-0.301,2.680,2,0.168,-0.722,2.715,2,0.147,-0.725,2.618,2,0.111,0.424,2.586,2,0.074,0.266,2.430,2,0.004,0.210,2.425,2,0.038,0.183,2.243,2,0.093,0.181,2.228,0,0,0,0,0
0.994|kb,95332122548340000,6,25,1,72057594037957860,2,0.219,0.007,2.865,2,0.162,0.249,2.716,2,0.107,0.486,2.559,2,0.050,0.611,2.491,2,-0.057,0.416,2.641,2,-0.132,0.238,2.615,2,-0.010,0.199,2.470,1,0.032,0.246,2.464,2,0.231,0.417,2.502,2,0.337,0.281,2.351,2,0.177,0.213,2.272,2,0.093,0.205,2.260,2,0.143,-0.001,2.858,2,0.150,-0.261,3.002,2,0.449,-0.547,3.145,1,0.397,-0.585,3.043,2,0.290,0.015,2.799,2,0.232,-0.299,2.684,2,0.168,-0.722,2.715,2,0.147,-0.723,2.618,2,0.120,0.427,2.600,2,0.081,0.266,2.438,2,0.014,0.221,2.419,2,0.042,0.188,2.255,2,0.082,0.180,2.237,0,0,0,0,0
1.040|kb,95332125840760000,6,25,1,72057594037957860,2,0.228,0.008,2.869,2,0.171,0.250,2.724,2,0.114,0.486,2.567,2,0.059,0.614,2.504,2,-0.049,0.420,2.653,2,-0.121,0.245,2.632,2,-0.005,0.197,2.486,1,0.037,0.248,2.475,2,0.239,0.420,2.511,2,0.342,0.283,2.359,2,0.182,0.217,2.279,2,0.094,0.208,2.271,2,0.152,0.000,2.863,2,0.149,-0.260,3.007,2,0.429,-0.532,3.131,1,0.397,-0.587,3.039,2,0.299,0.016,2.802,2,0.237,-0.297,2.688,2,0.167,-0.722,2.714,2,0.146,-0.723,2.618,2,0.128,0.428,2.608,2,0.088,0.269,2.443,2,0.014,0.223,2.445,2,0.042,0.191,2.271,2,0.083,0.187,2.238,0,0,0,0,0
1.065|kb,95332129139130000,6,25,1,72057594037957860,2,0.241,0.008,2.877,2,0.183,0.252,2.735,2,0.124,0.490,2.582,2,0.069,0.617,2.520,2,-0.037,0.425,2.671,2,-0.112,0.246,2.649,2,-0.001,0.197,2.499,1,0.046,0.255,2.492,2,0.249,0.421,2.522,2,0.348,0.286,2.370,2,0.187,0.219,2.293,2,0.099,0.210,2.286,2,0.167,0.001,2.874,2,0.152,-0.262,3.012,2,0.424,-0.535,3.125,1,0.396,-0.595,3.036,2,0.310,0.015,2.807,2,0.242,-0.295,2.691,2,0.168,-0.722,2.714,2,0.145,-0.721,2.619,2,0.139,0.431,2.623,2,0.089,0.277,2.472,2,0.048,0.242,2.468,2,0.046,0.190,2.290,2,0.091,0.189,2.255,0,0,0,0,0
1.104|kb,95332132549420000,6,25,1,72057594037957860,2,0.256,0.008,2.884,2,0.195,0.252,2.745,2,0.135,0.490,2.593,2,0.080,0.616,2.534,2,-0.024,0.426,2.689,2,-0.103,0.248,2.666,2,0.007,0.196,2.517,1,0.063,0.262,2.505,2,0.249,0.421,2.522,2,0.352,0.283,2.375,2,0.187,0.220,2.304,2,0.099,0.210,2.301,2,0.186,0.001,2.882,2,0.156,-0.258,3.025,2,0.425,-0.532,3.128,1,0.396,-0.595,3.042,2,0.321,0.015,2.813,2,0.256,-0.283,2.669,2,0.167,-0.739,2.695,2,0.140,-0.740,2.603,2,0.150,0.432,2.633,2,0.099,0.275,2.485,2,0.081,0.272,2.458,2,0.046,0.191,2.308,2,0.094,0.188,2.275,0,0,0,0,0
1.125|kb,95332135839070000,6,25,1,72057594037957860,2,0.265,0.001,2.892,2,0.206,0.248,2.753,2,0.147,0.489,2.602,2,0.089,0.616,2.544,2,-0.014,0.426,2.701,2,-0.094,0.247,2.684,2,0.019,0.182,2.542,1,0.062,0.256,2.518,2,0.270,0.418,2.547,2,0.363,0.274,2.379,2,0.193,0.219,2.315,2,0.106,0.209,2.315,2,0.192,-0.005,2.889,2,0.158,-0.264,3.032,2,0.425,-0.538,3.132,1,0.400,-0.602,3.044,2,0.332,0.007,2.820,2,0.257,-0.336,2.696,2,0.169,-0.720,2.713,2,0.148,-0.718,2.620,2,0.162,0.429,2.642,2,0.104,0.276,2.500,2,0.023,0.228,2.504,2,0.053,0.190,2.318,2,0.092,0.182,2.296,0,0,0,0,0
1.171|kb,95332139139240000,6,25,1,72057594037957860,2,0.276,-0.005,2.903,2,0.218,0.243,2.767,2,0.160,0.484,2.618,2,0.102,0.614,2.563,2,-0.002,0.426,2.722,2,-0.084,0.246,2.706,1,0.030,0.192,2.560,1,0.078,0.261,2.534,2,0.269,0.417,2.546,2,0.369,0.274,2.390,2,0.198,0.217,2.325,2,0.109,0.207,2.328,2,0.206,-0.013,2.901,2,0.161,-0.272,3.041,2,0.426,-0.545,3.137,1,0.398,-0.611,3.052,2,0.340,0.002,2.831,2,0.244,-0.388,2.700,2,0.163,-0.740,2.714,2,0.143,-0.736,2.645,2,0.175,0.425,2.658,2,0.107,0.271,2.506,2,0.041,0.231,2.509,2,0.054,0.189,2.333,2,0.100,0.181,2.317,0,0,0,0,0
1.193|kb,95332142547690000,6,25,1,72057594037957860,2,0.279,-0.008,2.911,2,0.224,0.240,2.776,2,0.168,0.481,2.629,2,0.111,0.612,2.574,2,0.006,0.424,2.734,2,-0.078,0.244,2.718,2,0.034,0.207,2.565,1,0.097,0.264,2.545,2,0.288,0.409,2.568,2,0.376,0.266,2.396,2,0.203,0.212,2.341,2,0.112,0.205,2.343,2,0.208,-0.014,2.908,2,0.168,-0.276,3.044,2,0.432,-0.549,3.138,1,0.407,-0.616,3.052,2,0.345,-0.002,2.841,2,0.245,-0.388,2.699,2,0.165,-0.740,2.714,2,0.143,-0.735,2.646,2,0.182,0.422,2.668,2,0.125,0.264,2.524,2,0.120,0.260,2.500,2,0.058,0.190,2.348,2,0.079,0.173,2.330,0,0,0,0,0
1.237|kb,95332145838920000,6,25,1,72057594037957860,2,0.297,-0.016,2.922,2,0.239,0.233,2.787,2,0.181,0.476,2.639,2,0.121,0.608,2.584,2,0.017,0.421,2.751,2,-0.070,0.246,2.741,2,0.038,0.209,2.585,1,0.089,0.254,2.562,2,0.293,0.406,2.575,2,0.380,0.262,2.403,2,0.197,0.209,2.355,2,0.111,0.201,2.357,2,0.226,-0.023,2.921,2,0.168,-0.286,3.051,2,0.432,-0.558,3.142,1,0.406,-0.626,3.057,2,0.360,-0.008,2.849,2,0.245,-0.391,2.699,2,0.166,-0.743,2.713,2,0.141,-0.737,2.646,2,0.196,0.416,2.679,2,0.118,0.266,2.538,2,0.042,0.226,2.548,2,0.059,0.185,2.364,2,0.092,0.169,2.349,0,0,0,0,0
1.259|kb,95332149138830000,6,25,1,72057594037957860,2,0.305,-0.019,2.926,2,0.247,0.229,2.794,2,0.189,0.471,2.649,2,0.130,0.605,2.594,2,0.023,0.417,2.758,2,-0.066,0.240,2.750,2,0.046,0.202,2.598,1,0.102,0.251,2.570,2,0.297,0.404,2.579,2,0.383,0.259,2.409,2,0.193,0.205,2.361,2,0.115,0.196,2.367,2,0.233,-0.026,2.926,2,0.181,-0.291,3.055,2,0.453,-0.555,3.136,1,0.428,-0.625,3.052,2,0.370,-0.012,2.853,2,0.246,-0.390,2.699,2,0.166,-0.743,2.713,2,0.141,-0.737,2.646,2,0.204,0.412,2.688,2,0.130,0.259,2.552,2,0.108,0.259,2.528,2,0.065,0.180,2.371,2,0.106,0.170,2.363,0,0,0,0,0
1.304|kb,95332152547700000,6,25,1,72057594037957860,2,0.312,-0.026,2.930,2,0.254,0.226,2.798,2,0.196,0.470,2.654,2,0.136,0.601,2.600,2,0.032,0.411,2.769,2,-0.059,0.235,2.759,2,0.048,0.194,2.604,1,0.103,0.244,2.579,2,0.306,0.398,2.588,2,0.389,0.254,2.420,2,0.202,0.200,2.372,2,0.120,0.191,2.375,2,0.240,-0.033,2.931,2,0.178,-0.297,3.059,2,0.449,-0.562,3.140,1,0.423,-0.631,3.056,2,0.376,-0.018,2.856,2,0.277,-0.315,2.690,2,0.169,-0.722,2.712,2,0.144,-0.719,2.621,2,0.211,0.410,2.692,2,0.129,0.253,2.557,2,0.048,0.213,2.567,2,0.067,0.176,2.383,2,0.109,0.167,2.358,0,0,0,0,0
1.325|kb,95332155838760000,6,25,1,72057594037957860,2,0.317,-0.027,2.932,2,0.258,0.224,2.801,2,0.200,0.468,2.658,2,0.142,0.597,2.607,2,0.035,0.409,2.774,2,-0.054,0.228,2.764,2,0.053,0.191,2.607,1,0.107,0.238,2.580,2,0.310,0.394,2.594,2,0.390,0.253,2.423,2,0.203,0.198,2.376,2,0.121,0.185,2.383,2,0.244,-0.034,2.932,2,0.178,-0.299,3.057,2,0.449,-0.565,3.140,1,0.422,-0.633,3.055,2,0.381,-0.020,2.858,2,0.254,-0.388,2.694,2,0.166,-0.737,2.714,2,0.144,-0.735,2.647,2,0.215,0.408,2.696,2,0.143,0.247,2.561,2,0.122,0.242,2.532,2,0.069,0.167,2.394,2,0.109,0.162,2.357,0,0,0,0,0
1.365|kb,95332159139400000,6,25,1,72057594037957860,2,0.318,-0.030,2.934,2,0.261,0.221,2.803,2,0.204,0.466,2.660,2,0.145,0.595,2.610,2,0.039,0.407,2.776,2,-0.051,0.225,2.766,2,0.057,0.188,2.610,1,0.119,0.238,2.581,2,0.310,0.394,2.594,2,0.392,0.251,2.426,2,0.206,0.193,2.383,2,0.123,0.180,2.387,2,0.246,-0.037,2.935,2,0.178,-0.302,3.058,2,0.449,-0.570,3.142,1,0.421,-0.637,3.057,2,0.382,-0.023,2.860,2,0.254,-0.388,2.694,2,0.171,-0.737,2.715,2,0.146,-0.733,2.646,2,0.219,0.406,2.698,2,0.147,0.241,2.565,2,0.098,0.228,2.551,2,0.073,0.162,2.393,2,0.123,0.158,2.367,0,0,0,0,0
1.405|kb,95332162547040000,6,25,1,72057594037957860,2,0.319,-0.030,2.935,2,0.263,0.221,2.805,2,0.208,0.464,2.665,2,0.148,0.592,2.613,2,0.038,0.407,2.776,2,-0.047,0.223,2.771,2,0.059,0.179,2.616,1,0.122,0.234,2.582,2,0.310,0.394,2.594,2,0.393,0.249,2.429,2,0.215,0.190,2.388,2,0.128,0.178,2.392,2,0.247,-0.036,2.936,2,0.179,-0.302,3.058,2,0.451,-0.571,3.141,1,0.422,-0.636,3.056,2,0.384,-0.023,2.860,2,0.277,-0.313,2.686,2,0.177,-0.720,2.714,2,0.150,-0.716,2.621,2,0.222,0.404,2.702,2,0.148,0.233,2.557,2,0.061,0.197,2.575,2,0.073,0.160,2.404,2,0.093,0.142,2.383,0,0,0,0,0
1.426|kb,95332165838820000,6,25,1,72057594037957860,2,0.321,-0.030,2.935,2,0.264,0.220,2.806,2,0.209,0.463,2.666,2,0.149,0.591,2.614,2,0.038,0.408,2.775,2,-0.047,0.222,2.772,2,0.059,0.179,2.616,1,0.118,0.232,2.577,2,0.310,0.393,2.594,2,0.394,0.247,2.432,2,0.215,0.189,2.388,2,0.130,0.176,2.392,2,0.248,-0.036,2.936,2,0.182,-0.303,3.057,2,0.450,-0.576,3.143,1,0.421,-0.640,3.057,2,0.385,-0.023,2.861,2,0.254,-0.388,2.692,2,0.173,-0.738,2.716,2,0.144,-0.733,2.651,2,0.223,0.404,2.703,2,0.153,0.233,2.557,2,0.086,0.214,2.551,2,0.076,0.156,2.406,2,0.090,0.140,2.386,0,0,0,0,0
1.470|kb,95332169139550000,6,25,1,72057594037957860,2,0.321,-0.030,2.935,2,0.265,0.220,2.806,2,0.209,0.463,2.665,2,0.149,0.590,2.613,2,0.038,0.407,2.775,2,-0.044,0.219,2.769,2,0.061,0.178,2.612,1,0.118,0.232,2.571,2,0.310,0.393,2.594,2,0.395,0.246,2.432,2,0.218,0.187,2.388,2,0.130,0.175,2.390,2,0.249,-0.037,2.936,2,0.182,-0.304,3.057,2,0.451,-0.577,3.143,1,0.421,-0.641,3.057,2,0.385,-0.023,2.860,2,0.254,-0.388,2.692,2,0.173,-0.738,2.716,2,0.141,-0.735,2.659,2,0.223,0.403,2.703,2,0.153,0.232,2.550,2,0.069,0.200,2.557,2,0.074,0.156,2.400,2,0.106,0.147,2.371,0,0,0,0,0
1.491|kb,95332172547100000,6,25,1,72057594037957860,2,0.321,-0.031,2.933,2,0.265,0.219,2.804,2,0.208,0.462,2.663,2,0.147,0.589,2.610,2,0.036,0.405,2.773,2,-0.048,0.217,2.764,2,0.061,0.181,2.608,1,0.118,0.236,2.565,2,0.310,0.393,2.593,2,0.395,0.246,2.432,2,0.218,0.187,2.388,2,0.129,0.177,2.383,2,0.249,-0.037,2.934,2,0.181,-0.303,3.057,2,0.451,-0.577,3.142,1,0.421,-0.641,3.056,2,0.386,-0.023,2.858,2,0.254,-0.388,2.692,2,0.173,-0.738,2.716,2,0.142,-0.734,2.653,2,0.222,0.403,2.700,2,0.143,0.233,2.540,2,0.066,0.204,2.543,2,0.073,0.156,2.389,2,0.088,0.138,2.375,0,0,0,0,0
1.535|kb,95332175840290000,6,25,1,72057594037957860,2,0.319,-0.027,2.926,2,0.261,0.220,2.798,2,0.202,0.462,2.657,2,0.143,0.589,2.602,2,0.032,0.404,2.767,2,-0.055,0.220,2.755,2,0.052,0.183,2.598,1,0.103,0.234,2.550,2,0.309,0.394,2.592,2,0.395,0.246,2.431,2,0.219,0.187,2.387,2,0.126,0.178,2.377,2,0.246,-0.034,2.926,2,0.182,-0.297,3.054,2,0.450,-0.572,3.142,1,0.422,-0.636,3.055,2,0.385,-0.020,2.852,2,0.254,-0.388,2.691,2,0.174,-0.738,2.717,2,0.142,-0.733,2.654,2,0.217,0.402,2.695,2,0.144,0.237,2.535,2,0.059,0.209,2.530,2,0.070,0.157,2.389,2,0.108,0.148,2.369,0,0,0,0,0
1.558|kb,95332179139010000,6,25,1,72057594037957860,2,0.296,-0.027,2.923,2,0.246,0.221,2.793,2,0.193,0.462,2.650,2,0.138,0.591,2.591,2,0.024,0.403,2.753,2,-0.065,0.221,2.743,2,0.046,0.188,2.588,1,0.098,0.237,2.538,2,0.308,0.393,2.588,2,0.393,0.247,2.427,2,0.209,0.187,2.377,2,0.121,0.179,2.371,2,0.220,-0.033,2.920,2,0.192,-0.295,3.059,2,0.461,-0.571,3.145,1,0.433,-0.634,3.056,2,0.365,-0.021,2.852,2,0.252,-0.388,2.690,2,0.174,-0.738,2.717,2,0.142,-0.733,2.654,2,0.206,0.403,2.688,2,0.135,0.242,2.523,2,0.059,0.210,2.511,2,0.066,0.159,2.385,2,0.081,0.141,2.367,0,0,0,0,0
1.602|kb,95332182547500000,6,25,1,72057594037957860,2,0.288,-0.024,2.918,2,0.236,0.224,2.784,2,0.183,0.466,2.639,2,0.129,0.595,2.576,2,0.015,0.409,2.733,2,-0.075,0.229,2.718,2,0.032,0.213,2.558,1,0.088,0.240,2.520,2,0.302,0.394,2.579,2,0.391,0.252,2.423,2,0.209,0.189,2.372,2,0.116,0.182,2.362,2,0.212,-0.030,2.915,2,0.188,-0.289,3.057,2,0.459,-0.565,3.143,1,0.433,-0.628,3.054,2,0.357,-0.018,2.847,2,0.254,-0.352,2.676,2,0.177,-0.720,2.715,2,0.150,-0.723,2.657,2,0.197,0.406,2.677,2,0.122,0.234,2.485,2,0.048,0.216,2.497,2,0.061,0.162,2.373,2,0.092,0.149,2.359,0,0,0,0,0
1.623|kb,95332185838730000,6,25,1,72057594037957860,2,0.274,-0.016,2.906,2,0.223,0.230,2.771,2,0.172,0.470,2.625,2,0.121,0.599,2.560,2,0.005,0.414,2.719,2,-0.082,0.232,2.699,1,0.034,0.215,2.546,1,0.082,0.246,2.504,2,0.295,0.398,2.565,2,0.387,0.257,2.417,2,0.208,0.189,2.365,2,0.117,0.186,2.350,2,0.197,-0.020,2.900,2,0.176,-0.275,3.048,2,0.448,-0.557,3.142,1,0.418,-0.615,3.052,2,0.344,-0.012,2.838,2,0.243,-0.380,2.681,2,0.176,-0.731,2.716,2,0.146,-0.729,2.654,2,0.185,0.411,2.664,2,0.117,0.253,2.495,2,0.053,0.221,2.463,2,0.059,0.166,2.358,2,0.097,0.162,2.325,0,0,0,0,0
1.662|kb,95332189139150000,6,25,1,72057594037957860,2,0.263,-0.010,2.892,2,0.212,0.236,2.758,2,0.160,0.477,2.610,2,0.112,0.606,2.543,2,-0.008,0.418,2.699,2,-0.092,0.240,2.678,2,0.008,0.202,2.516,1,0.065,0.248,2.486,2,0.285,0.403,2.551,2,0.380,0.255,2.395,2,0.187,0.192,2.346,2,0.106,0.187,2.335,2,0.186,-0.016,2.886,2,0.170,-0.268,3.038,2,0.453,-0.550,3.132,1,0.418,-0.604,3.040,2,0.333,-0.005,2.825,2,0.242,-0.381,2.680,2,0.175,-0.731,2.716,2,0.145,-0.730,2.654,2,0.173,0.418,2.649,2,0.087,0.233,2.431,2,0.023,0.220,2.473,2,0.052,0.168,2.349,2,0.097,0.167,2.305,0,0,0,0,0
1.703|kb,95332192549830000,6,25,1,72057594037957860,2,0.248,-0.006,2.879,2,0.199,0.242,2.744,2,0.149,0.483,2.597,2,0.104,0.609,2.531,2,-0.018,0.424,2.684,2,-0.102,0.245,2.663,2,0.013,0.203,2.513,1,0.059,0.256,2.473,2,0.278,0.406,2.541,2,0.375,0.265,2.393,2,0.190,0.197,2.339,2,0.101,0.191,2.326,2,0.171,-0.011,2.873,2,0.152,-0.261,3.028,2,0.441,-0.545,3.126,1,0.403,-0.593,3.031,2,0.319,-0.001,2.813,2,0.250,-0.296,2.666,2,0.179,-0.719,2.715,2,0.150,-0.722,2.658,2,0.161,0.424,2.636,2,0.097,0.266,2.467,2,0.040,0.232,2.431,2,0.047,0.172,2.337,2,0.097,0.171,2.295,0,0,0,0,0
1.725|kb,95332195838830000,6,25,1,72057594037957860,2,0.233,-0.001,2.869,2,0.186,0.246,2.732,2,0.138,0.487,2.582,2,0.095,0.614,2.514,2,-0.028,0.430,2.664,2,-0.119,0.252,2.643,2,0.032,0.237,2.446,1,0.068,0.268,2.445,2,0.267,0.412,2.523,2,0.366,0.270,2.382,2,0.136,0.195,2.306,2,0.086,0.193,2.309,2,0.157,-0.006,2.860,2,0.141,-0.281,2.980,2,0.441,-0.546,3.091,1,0.404,-0.595,2.996,2,0.304,0.004,2.803,2,0.248,-0.297,2.665,2,0.179,-0.719,2.715,2,0.149,-0.723,2.660,2,0.150,0.428,2.622,2,0.071,0.220,2.325,1,0.049,0.244,2.403,2,0.038,0.175,2.321,2,0.104,0.185,2.270,0,0,0,0,0
1.771|kb,95332199139510000,6,25,1,72057594037957860,2,0.225,0.005,2.857,2,0.176,0.252,2.719,2,0.127,0.492,2.568,2,0.085,0.618,2.500,2,-0.037,0.434,2.649,2,-0.127,0.254,2.633,2,0.032,0.243,2.437,2,0.098,0.205,2.298,2,0.259,0.417,2.514,2,0.357,0.279,2.373,2,0.133,0.195,2.304,2,0.083,0.196,2.293,2,0.147,0.001,2.845,2,0.136,-0.273,2.967,2,0.432,-0.534,3.082,2,0.399,-0.587,2.988,2,0.297,0.009,2.795,2,0.247,-0.295,2.663,2,0.179,-0.720,2.715,2,0.148,-0.725,2.663,2,0.139,0.433,2.608,2,0.129,0.200,2.276,2,0.037,0.203,2.303,2,0.039,0.175,2.300,2,0.105,0.183,2.263,0,0,0,0,0
1.793|kb,95332202547360000,6,25,1,72057594037957860,2,0.209,0.008,2.851,2,0.165,0.255,2.711,2,0.120,0.496,2.559,2,0.078,0.623,2.489,2,-0.047,0.439,2.637,2,-0.136,0.258,2.624,2,0.028,0.248,2.426,2,0.071,0.201,2.286,2,0.251,0.419,2.505,2,0.352,0.283,2.365,2,0.132,0.199,2.295,2,0.081,0.201,2.282,2,0.133,0.004,2.838,2,0.117,-0.302,2.956,2,0.460,-0.552,3.082,2,0.471,-0.618,3.058,2,0.279,0.012,2.790,2,0.243,-0.293,2.656,2,0.179,-0.720,2.715,2,0.149,-0.723,2.660,2,0.131,0.437,2.599,2,0.113,0.200,2.260,2,0.038,0.180,2.273,2,0.035,0.182,2.286,2,0.096,0.195,2.244,0,0,0,0,0
1.840|kb,95332205841880000,6,25,1,72057594037957860,2,0.193,0.010,2.845,2,0.153,0.259,2.702,2,0.112,0.501,2.547,2,0.071,0.627,2.480,2,-0.056,0.442,2.628,2,-0.144,0.261,2.603,2,0.024,0.250,2.407,2,0.099,0.223,2.280,2,0.243,0.423,2.495,2,0.345,0.287,2.358,2,0.127,0.203,2.288,2,0.075,0.204,2.271,2,0.118,0.005,2.831,2,0.108,-0.304,2.951,2,0.463,-0.559,3.091,2,0.453,-0.620,3.061,2,0.263,0.014,2.784,2,0.241,-0.294,2.652,2,0.179,-0.720,2.715,2,0.149,-0.723,2.660,2,0.123,0.442,2.588,2,0.116,0.216,2.256,2,0.041,0.230,2.273,2,0.023,0.183,2.279,2,0.080,0.201,2.235,0,0,0,0,0
1.872|kb,95332209139530000,6,25,1,72057594037957860,2,0.180,0.010,2.837,2,0.144,0.261,2.693,2,0.106,0.505,2.536,2,0.064,0.630,2.471,2,-0.065,0.443,2.619,2,-0.159,0.262,2.594,2,-0.021,0.259,2.432,2,0.063,0.215,2.265,2,0.236,0.425,2.485,2,0.339,0.290,2.347,2,0.121,0.210,2.272,2,0.068,0.211,2.260,2,0.105,0.006,2.822,2,0.073,-0.281,2.918,2,0.423,-0.565,3.095,2,0.388,-0.613,3.053,2,0.250,0.014,2.779,2,0.237,-0.297,2.647,2,0.182,-0.714,2.712,2,0.150,-0.723,2.660,2,0.115,0.445,2.578,2,0.101,0.212,2.239,2,0.014,0.196,2.261,2,0.018,0.190,2.267,2,0.068,0.189,2.243,0,0,0,0,0
1.900|kb,95332212547460000,6,25,1,72057594037957860,2,0.172,0.011,2.834,2,0.135,0.264,2.689,2,0.097,0.511,2.532,2,0.057,0.634,2.464,2,-0.075,0.445,2.610,2,-0.171,0.264,2.588,2,-0.036,0.240,2.389,2,0.056,0.219,2.254,2,0.231,0.428,2.479,2,0.331,0.298,2.341,2,0.118,0.215,2.269,2,0.066,0.217,2.250,2,0.097,0.006,2.819,2,0.055,-0.285,2.912,2,0.382,-0.606,3.104,2,0.349,-0.641,3.054,2,0.244,0.015,2.774,2,0.234,-0.298,2.645,2,0.182,-0.715,2.714,2,0.150,-0.723,2.661,2,0.106,0.450,2.574,2,0.096,0.218,2.232,2,0.009,0.196,2.250,2,0.015,0.197,2.252,2,0.055,0.193,2.239,0,0,0,0,0
1.941|kb,95332215844380000,6,25,1,72057594037957860,2,0.149,0.011,2.826,2,0.121,0.266,2.683,2,0.090,0.514,2.528,2,0.052,0.636,2.459,2,-0.082,0.447,2.602,2,-0.180,0.268,2.580,2,-0.029,0.250,2.391,2,0.049,0.228,2.246,2,0.225,0.431,2.472,2,0.324,0.300,2.333,2,0.116,0.224,2.258,2,0.061,0.226,2.241,2,0.074,0.008,2.812,2,0.040,-0.288,2.905,1,0.125,-0.493,2.983,1,0.091,-0.492,2.914,2,0.221,0.013,2.765,2,0.231,-0.299,2.642,2,0.182,-0.714,2.715,2,0.152,-0.722,2.659,2,0.098,0.453,2.569,2,0.082,0.224,2.222,2,0.004,0.208,2.247,2,0.010,0.209,2.243,2,0.078,0.213,2.214,0,0,0,0,0
1.965|kb,95332219139760000,6,25,1,72057594037957860,2,0.139,0.014,2.822,2,0.109,0.270,2.678,2,0.079,0.518,2.522,2,0.044,0.640,2.454,2,-0.090,0.452,2.594,2,-0.188,0.274,2.569,2,-0.029,0.264,2.391,1,0.047,0.239,2.237,2,0.219,0.435,2.468,2,0.319,0.303,2.327,2,0.113,0.232,2.247,2,0.058,0.236,2.230,2,0.061,0.011,2.803,2,0.024,-0.286,2.893,1,0.111,-0.462,2.969,1,0.077,-0.498,2.910,2,0.211,0.017,2.766,2,0.226,-0.299,2.641,2,0.182,-0.713,2.715,2,0.153,-0.721,2.658,2,0.086,0.457,2.563,2,0.070,0.231,2.212,2,-0.001,0.215,2.240,2,0.009,0.219,2.227,2,0.067,0.222,2.200,0,0,0,0,0
2.006|kb,95332222549060000,6,25,1,72057594037957860,2,0.127,0.019,2.816,2,0.100,0.274,2.673,2,0.072,0.521,2.518,2,0.038,0.644,2.450,2,-0.099,0.456,2.586,2,-0.195,0.278,2.559,2,-0.026,0.282,2.371,2,0.048,0.253,2.224,2,0.213,0.440,2.462,2,0.313,0.305,2.322,2,0.112,0.240,2.239,2,0.060,0.247,2.221,2,0.050,0.015,2.795,2,0.000,-0.304,2.886,2,0.119,-0.615,3.035,2,0.093,-0.689,3.008,2,0.200,0.022,2.762,2,0.221,-0.299,2.641,2,0.182,-0.713,2.715,2,0.156,-0.721,2.658,2,0.079,0.460,2.559,2,0.097,0.251,2.208,2,0.010,0.247,2.193,2,0.008,0.231,2.210,2,0.041,0.225,2.197,0,0,0,0,0
2.034|kb,95332225839100000,6,25,1,72057594037957860,2,0.108,0.023,2.808,2,0.085,0.279,2.668,2,0.061,0.527,2.515,2,0.031,0.650,2.446,2,-0.108,0.463,2.578,2,-0.208,0.285,2.547,2,-0.034,0.291,2.358,2,0.045,0.263,2.219,2,0.204,0.449,2.459,2,0.309,0.308,2.319,2,0.139,0.260,2.239,2,0.060,0.258,2.216,2,0.033,0.019,2.784,2,-0.026,-0.302,2.872,2,0.082,-0.651,3.027,2,0.037,-0.712,2.992,2,0.179,0.026,2.757,2,0.216,-0.301,2.643,2,0.181,-0.712,2.716,2,0.156,-0.720,2.659,2,0.067,0.466,2.555,2,0.099,0.261,2.203,2,0.011,0.253,2.182,2,0.004,0.244,2.205,2,0.047,0.242,2.181,0,0,0,0,0
2.074|kb,95332229143970000,6,25,1,72057594037957860,2,0.094,0.027,2.804,2,0.072,0.284,2.663,2,0.050,0.534,2.510,2,0.024,0.658,2.442,2,-0.118,0.471,2.571,2,-0.219,0.295,2.530,2,-0.062,0.282,2.326,2,0.030,0.271,2.208,2,0.197,0.457,2.456,2,0.302,0.314,2.315,2,0.129,0.266,2.233,2,0.054,0.271,2.208,2,0.018,0.023,2.776,2,-0.053,-0.300,2.855,2,0.025,-0.677,3.023,2,-0.030,-0.717,2.961,2,0.167,0.030,2.757,2,0.211,-0.301,2.646,2,0.179,-0.713,2.717,2,0.156,-0.719,2.658,2,0.056,0.473,2.551,2,0.086,0.270,2.194,2,0.009,0.258,2.170,2,0.003,0.257,2.191,2,0.062,0.255,2.181,0,0,0,0,0
2.099|kb,95332232547070000,6,25,1,72057594037957860,2,0.085,0.028,2.802,2,0.064,0.287,2.662,2,0.042,0.540,2.509,2,0.015,0.665,2.440,2,-0.128,0.478,2.566,2,-0.229,0.306,2.519,2,-0.106,0.314,2.371,2,-0.066,0.333,2.350,2,0.190,0.465,2.455,2,0.298,0.318,2.313,2,0.116,0.273,2.225,2,0.041,0.282,2.203,2,0.010,0.024,2.776,2,-0.076,-0.303,2.845,2,-0.046,-0.698,3.002,2,-0.098,-0.721,2.924,2,0.157,0.030,2.754,2,0.206,-0.301,2.648,2,0.176,-0.719,2.720,2,0.154,-0.723,2.658,2,0.047,0.478,2.549,2,-0.028,0.342,2.344,2,-0.070,0.324,2.302,2,-0.006,0.275,2.196,2,0.031,0.263,2.167,0,0,0,0,0
2.141|kb,95332235843860000,6,25,1,72057594037957860,2,0.071,0.029,2.799,2,0.052,0.293,2.660,2,0.032,0.549,2.507,2,0.007,0.672,2.438,2,-0.139,0.486,2.559,2,-0.245,0.315,2.507,2,-0.065,0.339,2.325,2,0.019,0.308,2.211,2,0.181,0.474,2.454,2,0.292,0.323,2.311,2,0.128,0.281,2.223,2,0.050,0.291,2.200,2,-0.005,0.026,2.774,2,-0.104,-0.305,2.834,2,-0.116,-0.718,2.972,2,-0.152,-0.725,2.893,2,0.145,0.032,2.750,2,0.199,-0.296,2.653,2,0.175,-0.719,2.720,2,0.150,-0.724,2.664,2,0.037,0.486,2.548,2,0.045,0.302,2.189,2,-0.024,0.284,2.209,2,-0.005,0.282,2.184,2,0.055,0.275,2.171,0,0,0,0,0
2.171|kb,95332239139790000,6,25,1,72057594037957860,2,0.058,0.031,2.797,2,0.041,0.297,2.658,2,0.024,0.554,2.507,2,-0.002,0.678,2.437,2,-0.150,0.495,2.552,2,-0.267,0.328,2.496,2,-0.100,0.354,2.333,2,0.016,0.303,2.198,2,0.174,0.480,2.456,2,0.288,0.328,2.311,2,0.126,0.280,2.222,2,0.051,0.299,2.198,2,-0.019,0.029,2.773,2,-0.132,-0.296,2.822,2,-0.182,-0.706,2.936,2,-0.208,-0.714,2.845,2,0.134,0.033,2.746,2,0.193,-0.296,2.658,2,0.175,-0.717,2.720,2,0.151,-0.722,2.662,2,0.028,0.491,2.547,2,0.076,0.299,2.185,2,0.000,0.292,2.157,2,-0.008,0.289,2.178,2,0.045,0.283,2.171,0,0,0,0,0
2.192|kb,95332242548160000,6,25,1,72057594037957860,2,0.044,0.034,2.793,2,0.030,0.300,2.654,2,0.017,0.558,2.504,2,-0.011,0.684,2.437,2,-0.163,0.504,2.546,2,-0.281,0.336,2.484,2,-0.161,0.348,2.333,2,-0.118,0.367,2.312,2,0.165,0.486,2.459,2,0.280,0.334,2.312,2,0.054,0.290,2.203,2,0.026,0.307,2.195,2,-0.035,0.032,2.768,2,-0.158,-0.293,2.806,2,-0.230,-0.709,2.898,2,-0.252,-0.711,2.806,2,0.121,0.036,2.743,2,0.187,-0.295,2.660,2,0.176,-0.718,2.721,2,0.151,-0.723,2.660,2,0.020,0.494,2.544,2,-0.096,0.372,2.293,2,-0.133,0.356,2.272,2,-0.021,0.303,2.191,2,0.016,0.288,2.162,0,0,0,0,0
2.237|kb,95332245839430000,6,25,1,72057594037957860,2,0.026,0.037,2.792,2,0.015,0.302,2.654,2,0.004,0.560,2.503,2,-0.020,0.687,2.438,2,-0.171,0.510,2.542,2,-0.296,0.338,2.471,2,-0.171,0.350,2.325,2,-0.152,0.366,2.306,2,0.154,0.491,2.462,2,0.271,0.339,2.315,2,0.110,0.301,2.220,2,0.021,0.310,2.193,2,-0.052,0.034,2.767,2,-0.173,-0.293,2.800,2,-0.267,-0.721,2.872,2,-0.285,-0.718,2.773,2,0.102,0.038,2.744,2,0.177,-0.293,2.665,2,0.176,-0.717,2.720,2,0.151,-0.722,2.660,2,0.007,0.497,2.543,2,-0.115,0.381,2.283,2,-0.149,0.360,2.261,2,-0.028,0.305,2.187,2,0.020,0.301,2.153,0,0,0,0,0
2.259|kb,95332249139730000,6,25,1,72057594037957860,2,0.011,0.036,2.792,2,-0.001,0.302,2.654,2,-0.012,0.561,2.503,2,-0.031,0.688,2.438,2,-0.186,0.513,2.537,2,-0.308,0.339,2.455,2,-0.186,0.351,2.306,2,-0.164,0.372,2.290,2,0.142,0.493,2.466,2,0.259,0.343,2.320,2,0.104,0.300,2.217,2,0.018,0.308,2.193,2,-0.068,0.033,2.765,2,-0.196,-0.296,2.790,2,-0.306,-0.716,2.840,2,-0.302,-0.719,2.751,2,0.089,0.038,2.745,2,0.168,-0.289,2.667,2,0.177,-0.716,2.721,2,0.152,-0.721,2.660,2,-0.009,0.497,2.543,2,-0.129,0.383,2.270,2,-0.176,0.350,2.259,2,-0.034,0.304,2.186,2,0.009,0.296,2.149,0,0,0,0,0
2.304|kb,95332252547360000,6,25,1,72057594037957860,2,-0.011,0.035,2.793,2,-0.019,0.302,2.656,2,-0.027,0.560,2.506,2,-0.045,0.687,2.441,2,-0.201,0.510,2.533,2,-0.341,0.336,2.440,2,-0.200,0.352,2.311,2,-0.173,0.373,2.277,2,0.123,0.492,2.474,2,0.250,0.343,2.327,2,0.100,0.300,2.216,2,0.014,0.304,2.194,2,-0.088,0.033,2.766,2,-0.218,-0.304,2.780,2,-0.322,-0.719,2.824,2,-0.315,-0.720,2.737,2,0.066,0.037,2.747,2,0.155,-0.284,2.669,2,0.178,-0.714,2.720,2,0.152,-0.720,2.660,2,-0.025,0.497,2.545,2,-0.142,0.384,2.264,2,-0.192,0.357,2.243,2,-0.041,0.299,2.183,2,-0.001,0.292,2.147,0,0,0,0,0
2.326|kb,95332255839060000,6,25,1,72057594037957860,2,-0.026,0.029,2.794,2,-0.034,0.296,2.657,2,-0.042,0.556,2.508,2,-0.060,0.684,2.442,2,-0.217,0.506,2.529,2,-0.359,0.328,2.427,2,-0.232,0.343,2.282,2,-0.206,0.359,2.266,2,0.111,0.489,2.481,2,0.238,0.341,2.336,2,0.095,0.295,2.217,2,0.009,0.296,2.195,2,-0.106,0.026,2.765,2,-0.237,-0.313,2.769,2,-0.341,-0.728,2.804,2,-0.336,-0.733,2.705,2,0.054,0.031,2.748,2,0.142,-0.291,2.671,2,0.179,-0.714,2.721,2,0.152,-0.721,2.660,2,-0.040,0.492,2.547,2,-0.163,0.375,2.241,2,-0.200,0.353,2.219,2,-0.048,0.290,2.185,2,-0.007,0.284,2.147,0,0,0,0,0
2.371|kb,95332259139140000,6,25,1,72057594037957860,2,-0.052,0.019,2.796,2,-0.059,0.288,2.659,2,-0.065,0.548,2.510,2,-0.077,0.678,2.442,2,-0.238,0.498,2.521,2,-0.376,0.326,2.415,2,-0.242,0.335,2.276,2,-0.215,0.352,2.247,2,0.095,0.481,2.488,2,0.222,0.343,2.360,2,0.095,0.288,2.225,2,0.002,0.286,2.195,2,-0.130,0.018,2.766,2,-0.250,-0.315,2.759,2,-0.345,-0.729,2.799,2,-0.338,-0.735,2.708,2,0.026,0.019,2.751,2,0.131,-0.292,2.672,2,0.179,-0.712,2.720,2,0.153,-0.719,2.660,2,-0.063,0.484,2.550,2,-0.175,0.366,2.228,2,-0.212,0.345,2.201,2,-0.046,0.278,2.180,2,-0.007,0.278,2.148,0,0,0,0,0
2.393|kb,95332262547120000,6,25,1,72057594037957860,2,-0.074,0.014,2.798,2,-0.081,0.281,2.662,2,-0.088,0.541,2.514,2,-0.097,0.669,2.446,2,-0.255,0.492,2.518,2,-0.388,0.325,2.407,2,-0.271,0.317,2.253,2,-0.241,0.334,2.234,2,0.077,0.472,2.497,2,0.205,0.342,2.374,2,0.092,0.277,2.232,2,-0.004,0.276,2.200,2,-0.152,0.013,2.768,2,-0.262,-0.313,2.747,2,-0.346,-0.726,2.796,2,-0.340,-0.734,2.718,2,0.006,0.014,2.753,2,0.117,-0.294,2.673,2,0.178,-0.709,2.720,2,0.153,-0.718,2.660,2,-0.087,0.477,2.553,2,-0.192,0.348,2.206,2,-0.232,0.327,2.187,2,-0.053,0.266,2.182,2,-0.001,0.259,2.164,0,0,0,0,0
2.436|kb,95332265839120000,6,25,1,72057594037957860,2,-0.102,0.004,2.797,2,-0.106,0.272,2.663,2,-0.110,0.533,2.516,2,-0.118,0.662,2.447,2,-0.280,0.479,2.512,2,-0.400,0.325,2.399,2,-0.278,0.312,2.249,2,-0.234,0.322,2.202,2,0.056,0.467,2.511,2,0.188,0.339,2.393,2,0.039,0.278,2.243,2,-0.010,0.265,2.209,2,-0.179,0.004,2.765,2,-0.278,-0.315,2.737,2,-0.346,-0.723,2.797,2,-0.339,-0.734,2.722,2,-0.022,0.004,2.756,2,0.096,-0.299,2.677,2,0.178,-0.707,2.720,2,0.153,-0.719,2.661,2,-0.109,0.469,2.555,2,-0.201,0.326,2.181,2,-0.263,0.306,2.179,2,-0.058,0.254,2.189,2,-0.008,0.244,2.175,0,0,0,0,0
2.459|kb,95332269138900000,6,25,1,72057594037957860,2,-0.129,-0.001,2.800,2,-0.133,0.266,2.666,2,-0.136,0.525,2.520,2,-0.141,0.651,2.450,2,-0.305,0.468,2.506,2,-0.411,0.321,2.388,2,-0.304,0.289,2.229,2,-0.250,0.301,2.181,2,0.030,0.461,2.524,2,0.168,0.334,2.418,2,0.039,0.275,2.255,2,-0.016,0.254,2.215,2,-0.206,-0.002,2.765,2,-0.296,-0.322,2.725,2,-0.347,-0.720,2.798,2,-0.339,-0.735,2.724,2,-0.049,-0.001,2.761,2,0.076,-0.307,2.686,2,0.176,-0.704,2.721,2,0.153,-0.717,2.661,2,-0.136,0.461,2.559,2,-0.207,0.307,2.162,2,-0.253,0.294,2.139,2,-0.057,0.241,2.193,2,-0.016,0.232,2.180,0,0,0,0,0
2.499|kb,95332272547610000,6,25,1,72057594037957860,2,-0.154,-0.006,2.804,2,-0.160,0.257,2.669,2,-0.165,0.512,2.523,2,-0.161,0.644,2.452,2,-0.324,0.456,2.502,2,-0.426,0.317,2.379,2,-0.363,0.246,2.209,2,-0.261,0.284,2.162,2,0.010,0.457,2.531,2,0.157,0.329,2.431,2,0.038,0.263,2.260,2,-0.022,0.242,2.223,2,-0.231,-0.007,2.768,2,-0.312,-0.328,2.717,2,-0.347,-0.721,2.798,2,-0.341,-0.737,2.727,2,-0.074,-0.005,2.766,2,0.059,-0.316,2.700,2,0.178,-0.705,2.720,2,0.153,-0.718,2.660,2,-0.164,0.450,2.562,2,-0.214,0.287,2.142,2,-0.238,0.274,2.119,2,-0.060,0.227,2.202,2,-0.023,0.223,2.178,0,0,0,0,0
2.539|kb,95332275841580000,6,25,1,72057594037957860,2,-0.178,-0.010,2.810,2,-0.180,0.251,2.673,2,-0.181,0.505,2.523,2,-0.182,0.634,2.453,2,-0.342,0.444,2.495,2,-0.437,0.311,2.373,2,-0.321,0.260,2.183,2,-0.270,0.268,2.146,2,-0.010,0.453,2.539,2,0.129,0.332,2.457,2,0.044,0.252,2.282,2,-0.027,0.229,2.231,2,-0.254,-0.011,2.771,2,-0.329,-0.330,2.709,2,-0.347,-0.721,2.797,2,-0.342,-0.738,2.727,2,-0.098,-0.008,2.775,2,0.048,-0.317,2.711,2,0.177,-0.707,2.720,2,0.153,-0.719,2.660,2,-0.181,0.443,2.563,2,-0.221,0.271,2.123,2,-0.264,0.253,2.107,2,-0.062,0.213,2.206,2,-0.005,0.217,2.201,0,0,0,0,0
2.560|kb,95332279139260000,6,25,1,72057594037957860,2,-0.215,-0.001,2.857,2,-0.209,0.250,2.691,2,-0.204,0.497,2.522,2,-0.201,0.626,2.453,2,-0.359,0.436,2.492,2,-0.466,0.292,2.338,2,-0.370,0.232,2.180,2,-0.273,0.257,2.131,2,-0.034,0.451,2.548,2,0.114,0.328,2.472,2,0.036,0.245,2.289,2,-0.027,0.216,2.240,2,-0.288,-0.004,2.815,2,-0.341,-0.331,2.706,2,-0.346,-0.722,2.798,2,-0.343,-0.739,2.728,2,-0.136,0.001,2.825,2,0.033,-0.317,2.729,2,0.174,-0.710,2.722,2,0.151,-0.718,2.658,2,-0.204,0.437,2.566,2,-0.224,0.261,2.115,2,-0.279,0.242,2.096,2,-0.061,0.196,2.214,2,-0.014,0.199,2.207,0,0,0,0,0
2.603|kb,95332282550060000,6,25,1,72057594037957860,2,-0.220,-0.011,2.846,2,-0.218,0.244,2.688,2,-0.221,0.491,2.522,2,-0.218,0.619,2.453,2,-0.372,0.428,2.489,2,-0.470,0.282,2.327,2,-0.339,0.235,2.156,2,-0.273,0.250,2.121,2,-0.049,0.445,2.554,2,0.101,0.319,2.478,2,0.017,0.235,2.310,2,-0.038,0.203,2.249,2,-0.293,-0.014,2.802,2,-0.394,-0.304,2.674,2,-0.370,-0.743,2.766,2,-0.329,-0.761,2.733,2,-0.140,-0.007,2.815,2,0.031,-0.279,2.752,2,0.178,-0.728,2.725,2,0.147,-0.726,2.650,2,-0.221,0.430,2.565,2,-0.228,0.251,2.103,2,-0.274,0.234,2.084,2,-0.067,0.183,2.223,2,-0.006,0.192,2.229,0,0,0,0,0
2.626|kb,95332285839240000,6,25,1,72057594037957860,2,-0.236,-0.013,2.841,2,-0.238,0.240,2.688,2,-0.239,0.487,2.524,2,-0.231,0.613,2.452,2,-0.384,0.423,2.487,2,-0.473,0.279,2.325,2,-0.383,0.217,2.165,2,-0.276,0.243,2.113,2,-0.067,0.446,2.561,2,0.078,0.319,2.497,2,0.011,0.224,2.316,2,-0.044,0.190,2.260,2,-0.311,-0.016,2.796,2,-0.378,-0.332,2.701,2,-0.348,-0.718,2.795,2,-0.345,-0.744,2.728,2,-0.154,-0.009,2.813,2,-0.010,-0.315,2.766,2,0.142,-0.723,2.747,2,0.141,-0.715,2.670,2,-0.239,0.426,2.567,2,-0.231,0.245,2.097,2,-0.277,0.227,2.074,2,-0.069,0.166,2.232,2,-0.020,0.175,2.226,0,0,0,0,0
2.670|kb,95332289139580000,6,25,1,72057594037957860,2,-0.252,-0.014,2.842,2,-0.253,0.237,2.689,2,-0.254,0.482,2.524,2,-0.245,0.607,2.452,2,-0.396,0.418,2.482,2,-0.476,0.277,2.324,2,-0.383,0.216,2.165,2,-0.278,0.237,2.107,2,-0.083,0.443,2.564,2,0.070,0.317,2.502,2,0.014,0.221,2.335,2,-0.056,0.177,2.267,2,-0.325,-0.018,2.794,2,-0.380,-0.332,2.701,2,-0.348,-0.721,2.795,2,-0.345,-0.746,2.727,2,-0.172,-0.010,2.817,2,-0.018,-0.316,2.775,2,0.105,-0.725,2.801,2,0.116,-0.718,2.707,2,-0.254,0.422,2.567,2,-0.232,0.239,2.091,2,-0.286,0.220,2.077,2,-0.079,0.151,2.243,2,-0.024,0.167,2.244,0,0,0,0,0
2.692|kb,95332292547390000,6,25,1,72057594037957860,2,-0.266,-0.015,2.844,2,-0.266,0.235,2.691,2,-0.265,0.479,2.525,2,-0.256,0.603,2.451,2,-0.404,0.415,2.482,2,-0.482,0.260,2.302,2,-0.372,0.212,2.150,2,-0.275,0.235,2.104,2,-0.098,0.440,2.570,2,0.088,0.289,2.476,2,-0.023,0.198,2.327,2,-0.067,0.167,2.279,2,-0.339,-0.020,2.794,2,-0.386,-0.335,2.701,2,-0.348,-0.724,2.795,2,-0.344,-0.748,2.727,2,-0.187,-0.010,2.821,2,-0.043,-0.315,2.796,2,0.057,-0.709,2.863,2,0.087,-0.714,2.771,2,-0.266,0.419,2.569,2,-0.233,0.238,2.089,2,-0.296,0.227,2.067,2,-0.091,0.146,2.256,2,-0.046,0.148,2.240,0,0,0,0,0
2.732|kb,95332295840030000,6,25,1,72057594037957860,2,-0.280,-0.015,2.847,2,-0.283,0.234,2.691,2,-0.284,0.475,2.523,2,-0.267,0.599,2.451,2,-0.414,0.409,2.478,2,-0.485,0.254,2.293,2,-0.341,0.219,2.131,2,-0.276,0.235,2.102,2,-0.110,0.441,2.573,2,0.081,0.292,2.486,2,-0.027,0.195,2.331,2,-0.075,0.158,2.287,2,-0.352,-0.021,2.794,2,-0.389,-0.335,2.701,2,-0.349,-0.726,2.795,2,-0.345,-0.749,2.727,2,-0.202,-0.009,2.827,2,-0.065,-0.312,2.811,2,0.012,-0.693,2.924,2,0.058,-0.715,2.828,2,-0.284,0.416,2.567,2,-0.230,0.237,2.088,2,-0.283,0.218,2.066,2,-0.100,0.137,2.267,2,-0.046,0.142,2.262,0,0,0,0,0
2.776|kb,95332299141740000,6,25,1,72057594037957860,2,-0.295,-0.014,2.852,2,-0.294,0.233,2.694,2,-0.293,0.474,2.524,2,-0.275,0.597,2.451,2,-0.418,0.407,2.477,2,-0.485,0.253,2.293,2,-0.372,0.205,2.143,2,-0.275,0.235,2.101,2,-0.119,0.440,2.576,2,0.072,0.290,2.489,2,-0.034,0.190,2.347,2,-0.084,0.152,2.302,2,-0.366,-0.020,2.797,2,-0.397,-0.334,2.702,2,-0.349,-0.728,2.795,2,-0.345,-0.750,2.727,2,-0.216,-0.008,2.835,2,-0.093,-0.308,2.831,2,-0.032,-0.686,2.970,2,0.024,-0.718,2.889,2,-0.293,0.414,2.569,2,-0.234,0.240,2.086,2,-0.288,0.228,2.063,2,-0.113,0.130,2.281,2,-0.063,0.131,2.267,0,0,0,0,0
2.807|kb,95332302547150000,6,25,1,72057594037957860,2,-0.308,-0.013,2.854,2,-0.305,0.233,2.695,2,-0.300,0.473,2.524,2,-0.281,0.596,2.451,2,-0.426,0.405,2.474,2,-0.486,0.250,2.286,2,-0.368,0.204,2.139,2,-0.277,0.235,2.099,2,-0.127,0.439,2.580,2,0.065,0.289,2.497,2,-0.038,0.185,2.353,2,-0.096,0.147,2.311,2,-0.379,-0.019,2.798,2,-0.400,-0.334,2.703,2,-0.351,-0.728,2.795,2,-0.345,-0.749,2.727,2,-0.229,-0.007,2.838,2,-0.114,-0.311,2.850,2,-0.082,-0.682,3.023,2,-0.020,-0.719,2.950,2,-0.302,0.414,2.569,2,-0.231,0.240,2.087,2,-0.292,0.224,2.065,2,-0.125,0.120,2.291,2,-0.073,0.128,2.284,0,0,0,0,0
2.839|kb,95332305842060000,6,25,1,72057594037957860,2,-0.318,-0.013,2.857,2,-0.315,0.233,2.698,2,-0.310,0.472,2.526,2,-0.290,0.594,2.452,2,-0.427,0.405,2.474,2,-0.486,0.250,2.286,2,-0.368,0.205,2.139,2,-0.276,0.238,2.102,2,-0.139,0.440,2.584,2,0.052,0.289,2.501,2,-0.044,0.183,2.368,2,-0.107,0.143,2.320,2,-0.388,-0.019,2.799,2,-0.404,-0.334,2.706,2,-0.351,-0.730,2.796,2,-0.346,-0.749,2.727,2,-0.241,-0.007,2.843,2,-0.143,-0.307,2.870,2,-0.130,-0.672,3.069,2,-0.070,-0.717,2.998,2,-0.312,0.414,2.571,2,-0.232,0.243,2.087,2,-0.288,0.225,2.069,2,-0.137,0.115,2.301,2,-0.086,0.124,2.289,0,0,0,0,0
2.860|kb,95332309139440000,6,25,1,72057594037957860,2,-0.326,-0.012,2.859,2,-0.322,0.233,2.699,2,-0.317,0.471,2.526,2,-0.295,0.594,2.451,2,-0.429,0.405,2.473,2,-0.487,0.249,2.282,2,-0.366,0.206,2.138,2,-0.274,0.240,2.100,2,-0.146,0.440,2.586,2,0.041,0.289,2.503,2,-0.052,0.180,2.375,2,-0.120,0.142,2.328,2,-0.394,-0.018,2.800,2,-0.409,-0.334,2.706,2,-0.353,-0.730,2.795,2,-0.346,-0.748,2.727,2,-0.249,-0.005,2.845,2,-0.166,-0.307,2.886,2,-0.185,-0.660,3.114,2,-0.121,-0.710,3.050,2,-0.318,0.413,2.572,2,-0.230,0.246,2.086,2,-0.283,0.231,2.064,2,-0.149,0.115,2.307,2,-0.100,0.122,2.293,0,0,0,0,0
2.904|kb,95332312549730000,6,25,1,72057594037957860,2,-0.334,-0.010,2.861,2,-0.331,0.233,2.700,2,-0.325,0.470,2.526,2,-0.302,0.594,2.452,2,-0.432,0.405,2.472,2,-0.488,0.248,2.280,2,-0.365,0.206,2.137,2,-0.274,0.243,2.100,2,-0.151,0.442,2.587,2,0.038,0.290,2.504,2,-0.067,0.177,2.390,2,-0.131,0.142,2.335,2,-0.402,-0.017,2.801,2,-0.415,-0.332,2.706,2,-0.354,-0.730,2.795,2,-0.347,-0.748,2.727,2,-0.258,-0.003,2.848,2,-0.192,-0.307,2.906,2,-0.237,-0.654,3.145,2,-0.171,-0.708,3.090,2,-0.327,0.412,2.571,2,-0.228,0.250,2.083,2,-0.282,0.231,2.066,2,-0.163,0.113,2.313,2,-0.111,0.121,2.303,0,0,0,0,0
2.926|kb,95332315839160000,6,25,1,72057594037957860,2,-0.341,-0.011,2.864,2,-0.337,0.233,2.701,2,-0.331,0.470,2.527,2,-0.308,0.594,2.452,2,-0.434,0.406,2.471,2,-0.486,0.261,2.292,2,-0.334,0.232,2.139,2,-0.270,0.248,2.103,2,-0.160,0.444,2.591,2,0.028,0.292,2.516,2,-0.070,0.180,2.394,2,-0.141,0.144,2.342,2,-0.410,-0.017,2.805,2,-0.419,-0.332,2.706,2,-0.355,-0.731,2.796,2,-0.346,-0.747,2.728,2,-0.265,-0.005,2.849,2,-0.218,-0.314,2.934,2,-0.290,-0.650,3.179,2,-0.222,-0.711,3.131,2,-0.333,0.412,2.573,2,-0.224,0.256,2.084,2,-0.276,0.229,2.074,2,-0.174,0.114,2.318,2,-0.126,0.121,2.308,0,0,0,0,0
2.971|kb,95332319139550000,6,25,1,72057594037957860,2,-0.349,-0.011,2.867,2,-0.343,0.233,2.703,2,-0.336,0.472,2.528,2,-0.315,0.595,2.452,2,-0.450,0.409,2.466,2,-0.492,0.247,2.263,2,-0.354,0.222,2.131,2,-0.268,0.251,2.104,2,-0.166,0.445,2.593,2,0.018,0.291,2.517,2,-0.081,0.180,2.396,2,-0.158,0.145,2.344,2,-0.417,-0.016,2.809,2,-0.423,-0.331,2.709,2,-0.360,-0.730,2.796,2,-0.345,-0.744,2.729,2,-0.273,-0.006,2.851,2,-0.237,-0.319,2.953,2,-0.324,-0.651,3.199,2,-0.266,-0.707,3.160,2,-0.338,0.413,2.574,2,-0.214,0.258,2.090,2,-0.254,0.254,2.059,2,-0.190,0.119,2.324,2,-0.144,0.124,2.309,0,0,0,0,0
2.992|kb,95332322549710000,6,25,1,72057594037957860,2,-0.357,-0.009,2.868,2,-0.351,0.236,2.705,2,-0.343,0.474,2.530,2,-0.321,0.597,2.456,2,-0.457,0.413,2.466,2,-0.493,0.285,2.304,2,-0.335,0.245,2.148,2,-0.269,0.257,2.107,2,-0.174,0.448,2.596,2,0.011,0.291,2.517,2,-0.095,0.182,2.401,2,-0.167,0.151,2.348,2,-0.424,-0.013,2.810,2,-0.428,-0.329,2.710,2,-0.361,-0.731,2.796,2,-0.345,-0.744,2.730,2,-0.282,-0.005,2.854,2,-0.258,-0.310,2.962,2,-0.352,-0.640,3.223,2,-0.308,-0.703,3.191,2,-0.345,0.415,2.576,2,-0.216,0.265,2.085,2,-0.266,0.245,2.073,2,-0.203,0.126,2.327,2,-0.156,0.126,2.314,0,0,0,0,0
3.038|kb,95332325839990000,6,25,1,72057594037957860,2,-0.365,-0.007,2.871,2,-0.355,0.237,2.707,2,-0.345,0.474,2.531,2,-0.326,0.598,2.457,2,-0.467,0.420,2.465,2,-0.494,0.286,2.305,2,-0.377,0.239,2.157,2,-0.268,0.263,2.108,2,-0.178,0.452,2.597,2,0.006,0.290,2.522,2,-0.100,0.186,2.401,2,-0.172,0.158,2.348,2,-0.433,-0.010,2.816,2,-0.432,-0.325,2.714,2,-0.364,-0.732,2.796,2,-0.344,-0.742,2.733,2,-0.289,-0.003,2.854,2,-0.275,-0.290,2.953,1,-0.344,-0.488,3.107,2,-0.352,-0.565,3.010,2,-0.347,0.416,2.578,2,-0.215,0.272,2.083,2,-0.260,0.249,2.075,2,-0.210,0.134,2.324,2,-0.163,0.136,2.312,0,0,0,0,0
3.074|kb,95332329139780000,6,25,1,72057594037957860,2,-0.374,-0.004,2.873,2,-0.364,0.240,2.710,2,-0.352,0.477,2.534,2,-0.332,0.600,2.458,2,-0.469,0.422,2.465,2,-0.499,0.262,2.260,2,-0.327,0.254,2.141,2,-0.261,0.273,2.110,2,-0.184,0.456,2.599,2,-0.057,0.321,2.555,2,-0.102,0.200,2.412,2,-0.172,0.170,2.353,2,-0.441,-0.007,2.819,2,-0.435,-0.321,2.716,2,-0.364,-0.733,2.797,2,-0.345,-0.741,2.733,2,-0.298,-0.001,2.855,2,-0.279,-0.288,2.955,1,-0.352,-0.476,3.102,2,-0.359,-0.551,3.002,2,-0.355,0.419,2.580,2,-0.206,0.285,2.092,2,-0.249,0.259,2.080,2,-0.213,0.140,2.319,2,-0.172,0.144,2.316,0,0,0,0,0
3.098|kb,95332332547290000,6,25,1,72057594037957860,2,-0.380,0.000,2.874,2,-0.369,0.243,2.711,2,-0.356,0.479,2.536,2,-0.337,0.602,2.461,2,-0.472,0.423,2.465,2,-0.501,0.301,2.304,2,-0.328,0.258,2.145,2,-0.265,0.279,2.115,2,-0.184,0.457,2.599,2,-0.042,0.312,2.561,2,-0.152,0.191,2.377,2,-0.201,0.171,2.346,2,-0.447,-0.003,2.818,2,-0.441,-0.321,2.719,2,-0.366,-0.731,2.798,2,-0.346,-0.737,2.734,2,-0.304,0.003,2.857,2,-0.295,-0.282,2.961,1,-0.355,-0.492,3.110,2,-0.363,-0.568,3.011,2,-0.359,0.421,2.582,2,-0.208,0.289,2.092,2,-0.218,0.271,2.110,2,-0.231,0.148,2.324,2,-0.175,0.159,2.322,0,0,0,0,0
3.136|kb,95332335844670000,6,25,1,72057594037957860,2,-0.388,0.000,2.875,2,-0.377,0.244,2.713,2,-0.364,0.482,2.539,2,-0.342,0.603,2.464,2,-0.474,0.424,2.466,2,-0.501,0.301,2.305,2,-0.292,0.291,2.155,2,-0.258,0.289,2.121,2,-0.194,0.465,2.601,2,-0.065,0.327,2.558,2,-0.153,0.192,2.378,2,-0.206,0.179,2.349,2,-0.453,-0.001,2.821,2,-0.468,-0.311,2.700,2,-0.378,-0.759,2.774,2,-0.328,-0.752,2.739,2,-0.313,0.002,2.856,2,-0.310,-0.279,2.968,1,-0.360,-0.490,3.112,2,-0.368,-0.568,3.015,2,-0.367,0.424,2.585,2,-0.200,0.298,2.100,2,-0.206,0.292,2.122,2,-0.238,0.153,2.322,2,-0.269,0.187,2.346,0,0,0,0,0
3.158|kb,95332339139450000,6,25,1,72057594037957860,2,-0.397,0.002,2.877,2,-0.383,0.246,2.715,2,-0.368,0.483,2.541,2,-0.347,0.605,2.466,2,-0.481,0.427,2.469,2,-0.501,0.301,2.305,2,-0.335,0.275,2.162,2,-0.264,0.293,2.126,2,-0.201,0.471,2.604,2,-0.073,0.333,2.560,2,-0.155,0.193,2.379,2,-0.211,0.186,2.353,2,-0.462,0.001,2.825,2,-0.453,-0.347,2.738,2,-0.367,-0.729,2.797,2,-0.346,-0.736,2.736,2,-0.322,0.003,2.857,2,-0.321,-0.274,2.976,2,-0.500,-0.512,3.145,2,-0.494,-0.609,3.086,2,-0.372,0.425,2.587,2,-0.205,0.308,2.100,2,-0.224,0.285,2.131,2,-0.248,0.159,2.325,2,-0.258,0.203,2.336,0,0,0,0,0
3.204|kb,95332342548110000,6,25,1,72057594037957860,2,-0.406,0.003,2.878,2,-0.389,0.247,2.718,2,-0.371,0.484,2.545,2,-0.352,0.606,2.470,2,-0.481,0.427,2.469,2,-0.502,0.301,2.305,2,-0.322,0.279,2.159,2,-0.266,0.298,2.133,2,-0.204,0.474,2.606,2,-0.075,0.335,2.561,2,-0.157,0.198,2.386,2,-0.218,0.191,2.356,2,-0.470,0.003,2.826,2,-0.455,-0.338,2.738,2,-0.368,-0.731,2.798,2,-0.347,-0.738,2.737,2,-0.332,0.003,2.857,2,-0.326,-0.270,2.982,2,-0.527,-0.519,3.156,2,-0.511,-0.600,3.086,2,-0.376,0.426,2.590,2,-0.205,0.313,2.108,2,-0.214,0.292,2.123,2,-0.252,0.167,2.321,2,-0.258,0.209,2.340,0,0,0,0,0
3.226|kb,95332345841610000,6,25,1,72057594037957860,2,-0.413,0.004,2.880,2,-0.395,0.248,2.721,2,-0.376,0.486,2.549,2,-0.357,0.607,2.474,2,-0.489,0.429,2.474,2,-0.502,0.302,2.305,2,-0.319,0.281,2.159,2,-0.268,0.302,2.139,2,-0.208,0.476,2.608,2,-0.044,0.294,2.528,2,-0.168,0.212,2.407,2,-0.236,0.192,2.355,2,-0.477,0.005,2.829,2,-0.457,-0.334,2.739,2,-0.369,-0.734,2.801,2,-0.346,-0.740,2.737,2,-0.338,0.003,2.858,2,-0.333,-0.265,2.991,2,-0.534,-0.510,3.152,2,-0.525,-0.596,3.085,2,-0.381,0.428,2.594,2,-0.205,0.317,2.114,2,-0.210,0.298,2.133,2,-0.276,0.176,2.337,2,-0.294,0.182,2.340,0,0,0,0,0
3.270|kb,95332349140450000,6,25,1,72057594037957860,2,-0.419,0.006,2.883,2,-0.400,0.250,2.724,2,-0.380,0.487,2.552,2,-0.362,0.608,2.480,2,-0.496,0.431,2.479,2,-0.502,0.302,2.306,2,-0.325,0.283,2.166,2,-0.237,0.317,2.144,2,-0.214,0.476,2.612,2,-0.048,0.297,2.529,2,-0.171,0.217,2.406,2,-0.247,0.195,2.360,2,-0.484,0.008,2.832,2,-0.490,-0.303,2.713,2,-0.374,-0.754,2.789,2,-0.342,-0.749,2.731,2,-0.344,0.003,2.860,2,-0.338,-0.260,2.999,2,-0.548,-0.506,3.151,2,-0.540,-0.591,3.082,2,-0.385,0.429,2.598,2,-0.199,0.324,2.136,2,-0.213,0.352,2.145,2,-0.284,0.177,2.343,2,-0.283,0.216,2.348,0,0,0,0,0
3.291|kb,95332352547230000,6,25,1,72057594037957860,2,-0.425,0.006,2.885,2,-0.405,0.250,2.727,2,-0.384,0.487,2.557,2,-0.366,0.608,2.486,2,-0.499,0.432,2.486,2,-0.507,0.302,2.312,2,-0.327,0.285,2.169,2,-0.280,0.306,2.155,2,-0.220,0.474,2.619,2,-0.052,0.299,2.531,2,-0.173,0.213,2.410,2,-0.253,0.198,2.367,2,-0.490,0.010,2.837,2,-0.490,-0.300,2.714,2,-0.376,-0.751,2.791,2,-0.344,-0.747,2.732,2,-0.349,0.002,2.861,2,-0.351,-0.256,3.007,2,-0.562,-0.504,3.157,2,-0.553,-0.589,3.086,2,-0.390,0.429,2.602,2,-0.216,0.326,2.128,2,-0.229,0.301,2.144,2,-0.289,0.179,2.348,2,-0.301,0.216,2.358,0,0,0,0,0
3.331|kb,95332355841290000,6,25,1,72057594037957860,2,-0.431,0.007,2.886,2,-0.411,0.249,2.731,2,-0.390,0.485,2.565,2,-0.372,0.607,2.492,2,-0.505,0.433,2.494,2,-0.513,0.304,2.322,2,-0.323,0.288,2.173,2,-0.279,0.308,2.161,2,-0.224,0.476,2.623,2,-0.057,0.299,2.536,2,-0.174,0.210,2.413,2,-0.257,0.200,2.371,2,-0.496,0.010,2.836,2,-0.491,-0.300,2.715,2,-0.376,-0.750,2.792,2,-0.345,-0.747,2.730,2,-0.357,0.004,2.866,2,-0.336,-0.234,3.036,2,-0.550,-0.513,3.187,2,-0.527,-0.584,3.105,2,-0.396,0.427,2.608,2,-0.217,0.328,2.135,2,-0.254,0.297,2.157,2,-0.297,0.182,2.353,2,-0.296,0.219,2.356,0,0,0,0,0
3.370|kb,95332359141240000,6,25,1,72057594037957860,2,-0.438,0.003,2.893,2,-0.417,0.246,2.738,2,-0.394,0.482,2.570,2,-0.376,0.604,2.499,2,-0.509,0.431,2.498,2,-0.516,0.307,2.330,2,-0.330,0.287,2.182,2,-0.281,0.308,2.168,2,-0.227,0.476,2.628,2,-0.060,0.298,2.541,2,-0.179,0.208,2.421,2,-0.262,0.200,2.378,2,-0.503,0.007,2.842,2,-0.491,-0.302,2.715,2,-0.376,-0.751,2.790,2,-0.343,-0.749,2.738,2,-0.363,-0.001,2.871,2,-0.357,-0.246,3.033,2,-0.581,-0.523,3.181,2,-0.555,-0.591,3.098,2,-0.400,0.424,2.614,2,-0.219,0.326,2.144,2,-0.231,0.304,2.169,2,-0.300,0.178,2.360,2,-0.304,0.219,2.363,0,0,0,0,0
3.396|kb,95332362547170000,6,25,1,72057594037957860,2,-0.443,0.001,2.897,2,-0.423,0.243,2.744,2,-0.402,0.477,2.579,2,-0.380,0.602,2.506,2,-0.510,0.430,2.500,2,-0.512,0.271,2.293,2,-0.337,0.286,2.191,2,-0.275,0.310,2.174,2,-0.226,0.473,2.627,2,-0.060,0.293,2.543,2,-0.245,0.202,2.391,2,-0.269,0.199,2.384,2,-0.510,0.006,2.850,2,-0.493,-0.301,2.716,2,-0.377,-0.747,2.789,2,-0.354,-0.746,2.689,2,-0.366,-0.003,2.872,2,-0.348,-0.233,3.051,2,-0.566,-0.524,3.201,2,-0.536,-0.587,3.115,2,-0.407,0.420,2.622,2,-0.217,0.324,2.158,2,-0.230,0.303,2.175,2,-0.309,0.181,2.365,2,-0.312,0.218,2.370,0,0,0,0,0
3.437|kb,95332365842590000,6,25,1,72057594037957860,2,-0.451,-0.007,2.909,2,-0.430,0.237,2.753,2,-0.407,0.474,2.585,2,-0.386,0.598,2.514,2,-0.512,0.429,2.505,2,-0.513,0.268,2.296,2,-0.339,0.286,2.196,2,-0.279,0.308,2.182,2,-0.249,0.448,2.659,2,-0.065,0.287,2.576,2,-0.237,0.206,2.405,2,-0.272,0.198,2.395,2,-0.516,-0.001,2.865,2,-0.493,-0.303,2.717,2,-0.377,-0.749,2.789,2,-0.347,-0.753,2.735,2,-0.374,-0.013,2.882,2,-0.345,-0.241,3.061,2,-0.566,-0.534,3.211,2,-0.531,-0.594,3.126,2,-0.413,0.415,2.629,2,-0.221,0.325,2.165,2,-0.253,0.298,2.177,2,-0.306,0.179,2.372,2,-0.311,0.219,2.383,0,0,0,0,0
3.459|kb,95332369139370000,6,25,1,72057594037957860,2,-0.458,-0.015,2.919,2,-0.437,0.229,2.762,2,-0.415,0.467,2.593,2,-0.390,0.591,2.526,2,-0.527,0.423,2.531,2,-0.515,0.274,2.313,2,-0.337,0.285,2.204,2,-0.282,0.304,2.191,2,-0.250,0.445,2.662,2,-0.094,0.284,2.591,2,-0.210,0.211,2.456,2,-0.277,0.196,2.405,2,-0.525,-0.008,2.874,2,-0.495,-0.305,2.717,2,-0.377,-0.750,2.788,2,-0.346,-0.754,2.732,2,-0.381,-0.022,2.891,2,-0.343,-0.248,3.070,2,-0.566,-0.543,3.219,2,-0.535,-0.604,3.130,2,-0.421,0.408,2.638,2,-0.223,0.319,2.173,2,-0.254,0.330,2.172,2,-0.313,0.180,2.379,2,-0.331,0.217,2.398,0,0,0,0,0
3.504|kb,95332372549150000,6,25,1,72057594037957860,2,-0.460,-0.020,2.930,2,-0.444,0.222,2.773,2,-0.427,0.457,2.604,2,-0.397,0.584,2.537,2,-0.529,0.418,2.537,2,-0.535,0.252,2.340,2,-0.344,0.279,2.216,2,-0.284,0.300,2.203,2,-0.253,0.437,2.671,2,-0.105,0.287,2.608,2,-0.262,0.196,2.430,2,-0.280,0.192,2.419,2,-0.527,-0.013,2.885,2,-0.502,-0.305,2.716,2,-0.378,-0.747,2.785,2,-0.355,-0.749,2.685,2,-0.383,-0.027,2.902,2,-0.345,-0.256,3.079,2,-0.568,-0.551,3.226,2,-0.536,-0.611,3.138,2,-0.431,0.399,2.649,2,-0.228,0.317,2.187,2,-0.253,0.291,2.208,2,-0.314,0.174,2.390,2,-0.338,0.210,2.409,0,0,0,0,0
3.525|kb,95332375841620000,6,25,1,72057594037957860,2,-0.466,-0.028,2.938,2,-0.449,0.215,2.782,2,-0.429,0.452,2.614,2,-0.401,0.578,2.548,2,-0.534,0.410,2.550,2,-0.535,0.253,2.344,2,-0.347,0.274,2.227,2,-0.285,0.294,2.214,2,-0.258,0.431,2.679,2,-0.114,0.280,2.615,2,-0.215,0.187,2.481,2,-0.287,0.185,2.431,2,-0.532,-0.020,2.891,2,-0.511,-0.307,2.710,2,-0.382,-0.746,2.779,2,-0.359,-0.749,2.679,2,-0.389,-0.034,2.912,2,-0.345,-0.262,3.090,2,-0.571,-0.554,3.234,2,-0.541,-0.616,3.146,2,-0.435,0.394,2.658,2,-0.228,0.309,2.197,2,-0.251,0.283,2.210,2,-0.331,0.164,2.406,2,-0.317,0.207,2.419,0,0,0,0,0
3.566|kb,95332379139560000,6,25,1,72057594037957860,2,-0.472,-0.034,2.947,2,-0.455,0.207,2.794,2,-0.435,0.443,2.629,2,-0.407,0.567,2.560,2,-0.538,0.401,2.561,2,-0.537,0.253,2.353,2,-0.364,0.255,2.254,2,-0.290,0.284,2.229,2,-0.266,0.421,2.691,2,-0.122,0.273,2.628,2,-0.193,0.153,2.496,2,-0.267,0.181,2.456,2,-0.538,-0.027,2.899,2,-0.514,-0.308,2.707,2,-0.383,-0.744,2.775,2,-0.359,-0.750,2.675,2,-0.395,-0.041,2.922,2,-0.405,-0.302,3.063,2,-0.641,-0.567,3.203,2,-0.618,-0.638,3.120,2,-0.440,0.385,2.672,2,-0.230,0.300,2.212,2,-0.274,0.272,2.196,2,-0.299,0.174,2.421,2,-0.267,0.195,2.440,0,0,0,0,0
3.607|kb,95332382548350000,6,25,1,72057594037957860,2,-0.476,-0.042,2.957,2,-0.456,0.199,2.804,2,-0.435,0.435,2.638,2,-0.411,0.558,2.570,2,-0.543,0.392,2.571,2,-0.535,0.237,2.358,2,-0.361,0.255,2.256,2,-0.291,0.276,2.244,2,-0.274,0.413,2.706,2,-0.135,0.265,2.641,2,-0.227,0.172,2.501,2,-0.297,0.166,2.460,2,-0.540,-0.035,2.907,2,-0.526,-0.310,2.705,2,-0.385,-0.741,2.776,2,-0.360,-0.747,2.677,2,-0.400,-0.048,2.934,2,-0.407,-0.313,3.068,2,-0.641,-0.563,3.203,2,-0.627,-0.643,3.126,2,-0.440,0.377,2.682,2,-0.235,0.289,2.231,2,-0.276,0.262,2.217,2,-0.341,0.149,2.430,2,-0.314,0.183,2.443,0,0,0,0,0
3.637|kb,95332385839240000,6,25,1,72057594037957860,2,-0.477,-0.046,2.961,2,-0.459,0.193,2.810,2,-0.439,0.424,2.647,2,-0.414,0.550,2.577,2,-0.542,0.392,2.571,2,-0.539,0.224,2.368,2,-0.358,0.252,2.263,2,-0.294,0.265,2.256,2,-0.279,0.405,2.713,2,-0.140,0.256,2.652,2,-0.228,0.169,2.504,2,-0.296,0.156,2.472,2,-0.540,-0.039,2.911,2,-0.483,-0.395,2.734,2,-0.379,-0.727,2.801,2,-0.352,-0.746,2.736,2,-0.402,-0.051,2.939,2,-0.409,-0.321,3.068,2,-0.645,-0.563,3.204,2,-0.632,-0.644,3.128,2,-0.444,0.367,2.690,2,-0.240,0.279,2.247,2,-0.280,0.267,2.213,2,-0.342,0.140,2.436,2,-0.318,0.171,2.450,0,0,0,0,0
3.659|kb,95332389139410000,6,25,1,72057594037957860,2,-0.479,-0.054,2.968,2,-0.462,0.183,2.818,2,-0.444,0.414,2.656,2,-0.418,0.537,2.589,2,-0.550,0.366,2.595,2,-0.547,0.213,2.381,2,-0.360,0.236,2.283,2,-0.300,0.252,2.271,2,-0.281,0.405,2.717,2,-0.144,0.249,2.666,2,-0.247,0.151,2.518,1,-0.314,0.143,2.478,2,-0.542,-0.049,2.914,2,-0.483,-0.395,2.734,2,-0.379,-0.731,2.800,2,-0.352,-0.745,2.736,2,-0.405,-0.059,2.951,2,-0.408,-0.332,3.073,2,-0.645,-0.574,3.210,2,-0.634,-0.654,3.133,2,-0.449,0.357,2.699,2,-0.243,0.267,2.261,2,-0.273,0.265,2.227,2,-0.346,0.126,2.447,2,-0.370,0.158,2.465,0,0,0,0,0
3.704|kb,95332392547730000,6,25,1,72057594037957860,2,-0.480,-0.058,2.971,2,-0.464,0.176,2.823,2,-0.446,0.404,2.664,2,-0.420,0.529,2.596,2,-0.552,0.360,2.599,2,-0.554,0.205,2.394,2,-0.380,0.219,2.298,2,-0.306,0.240,2.282,2,-0.282,0.401,2.723,2,-0.150,0.244,2.675,2,-0.251,0.147,2.519,2,-0.318,0.130,2.486,2,-0.543,-0.055,2.914,2,-0.484,-0.394,2.732,2,-0.376,-0.732,2.799,2,-0.350,-0.744,2.734,2,-0.406,-0.062,2.957,2,-0.410,-0.340,3.070,2,-0.652,-0.576,3.209,2,-0.640,-0.655,3.133,2,-0.451,0.348,2.706,2,-0.247,0.256,2.269,2,-0.294,0.231,2.242,2,-0.362,0.114,2.461,2,-0.364,0.155,2.474,0,0,0,0,0
3.726|kb,95332395839090000,6,25,1,72057594037957860,2,-0.482,-0.066,2.975,2,-0.465,0.169,2.830,2,-0.447,0.398,2.673,2,-0.421,0.523,2.604,2,-0.553,0.350,2.605,2,-0.567,0.211,2.439,2,-0.384,0.211,2.308,2,-0.310,0.231,2.291,2,-0.282,0.392,2.732,2,-0.151,0.232,2.684,2,-0.235,0.126,2.548,2,-0.317,0.121,2.495,2,-0.544,-0.064,2.914,2,-0.485,-0.394,2.731,2,-0.376,-0.730,2.799,2,-0.354,-0.727,2.697,2,-0.408,-0.069,2.964,2,-0.405,-0.346,3.079,2,-0.649,-0.583,3.215,2,-0.636,-0.661,3.139,2,-0.452,0.341,2.714,2,-0.253,0.246,2.276,2,-0.296,0.223,2.252,2,-0.358,0.104,2.465,2,-0.344,0.141,2.480,0,0,0,0,0
