0.000|kb,95608396581240000,6,25,0,1,72057594037972009,2,-0.046,-0.130,2.437,2,-0.037,0.136,2.364,2,-0.027,0.394,2.279,2,-0.061,0.542,2.221,2,-0.183,0.297,2.282,2,-0.259,0.318,2.038,2,-0.061,0.373,1.973,1,-0.007,0.406,1.991,2,0.119,0.340,2.298,2,0.207,0.121,2.386,2,0.263,-0.074,2.358,2,0.286,-0.144,2.326,2,-0.127,-0.135,2.398,2,-0.088,-0.396,2.553,1,0.067,-0.636,2.672,2,0.087,-0.685,2.540,2,0.036,-0.121,2.409,2,0.024,-0.384,2.114,2,0.033,-0.739,2.003,2,0.039,-0.707,1.904,2,-0.030,0.331,2.302,2,0.059,0.435,1.990,2,0.011,0.391,2.044,2,0.311,-0.217,2.322,2,0.289,-0.153,2.286,0,0,0,0
0.043|kb,95608399888250000,6,25,0,1,72057594037972009,2,-0.046,-0.130,2.437,2,-0.037,0.136,2.364,2,-0.027,0.394,2.278,2,-0.060,0.541,2.219,2,-0.183,0.297,2.282,2,-0.259,0.318,2.036,2,-0.057,0.374,1.970,1,-0.005,0.408,1.990,2,0.119,0.340,2.298,2,0.207,0.120,2.382,2,0.261,-0.076,2.353,2,0.286,-0.145,2.316,2,-0.127,-0.135,2.398,2,-0.087,-0.393,2.556,1,0.069,-0.633,2.675,2,0.087,-0.682,2.543,2,0.037,-0.121,2.409,2,0.024,-0.383,2.114,2,0.033,-0.739,2.001,2,0.039,-0.708,1.902,2,-0.030,0.330,2.302,2,0.065,0.435,1.991,2,0.011,0.394,2.037,2,0.316,-0.216,2.316,2,0.280,-0.159,2.272,0,0,0,0
0.076|kb,95608403278740000,6,25,0,1,72057594037972009,2,-0.046,-0.130,2.437,2,-0.037,0.136,2.363,2,-0.027,0.394,2.278,2,-0.059,0.540,2.217,2,-0.183,0.297,2.282,2,-0.258,0.318,2.033,2,-0.057,0.374,1.969,1,-0.004,0.408,1.989,2,0.119,0.340,2.298,2,0.207,0.120,2.378,2,0.260,-0.075,2.347,2,0.286,-0.143,2.310,2,-0.127,-0.135,2.398,2,-0.086,-0.403,2.555,1,0.070,-0.643,2.675,1,0.089,-0.696,2.543,2,0.037,-0.122,2.408,2,0.025,-0.382,2.113,2,0.033,-0.739,2.000,2,0.039,-0.708,1.902,2,-0.029,0.330,2.302,2,0.064,0.435,1.989,2,0.009,0.391,2.039,2,0.319,-0.215,2.301,2,0.281,-0.158,2.266,0,0,0,0
0.099|kb,95608406581300000,6,25,0,1,72057594037972009,2,-0.045,-0.130,2.436,2,-0.036,0.135,2.363,2,-0.027,0.394,2.278,2,-0.059,0.539,2.216,2,-0.183,0.296,2.282,2,-0.258,0.318,2.032,2,-0.057,0.375,1.969,1,-0.004,0.409,1.989,2,0.120,0.339,2.298,2,0.208,0.120,2.374,2,0.258,-0.076,2.340,2,0.285,-0.145,2.303,2,-0.127,-0.135,2.397,2,-0.086,-0.401,2.554,1,0.069,-0.642,2.673,2,0.087,-0.686,2.540,2,0.037,-0.122,2.407,2,0.025,-0.381,2.113,2,0.033,-0.739,2.000,2,0.039,-0.707,1.901,2,-0.029,0.330,2.301,2,0.064,0.437,1.990,2,0.013,0.393,2.042,2,0.319,-0.215,2.299,2,0.283,-0.151,2.261,0,0,0,0
0.143|kb,95608409889160000,6,25,0,1,72057594037972009,2,-0.045,-0.130,2.435,2,-0.035,0.135,2.363,2,-0.025,0.393,2.278,2,-0.058,0.538,2.216,2,-0.183,0.296,2.282,2,-0.256,0.321,2.031,2,-0.057,0.375,1.969,1,-0.003,0.410,1.990,2,0.120,0.339,2.298,2,0.207,0.120,2.370,2,0.258,-0.077,2.334,2,0.285,-0.143,2.294,2,-0.126,-0.135,2.396,2,-0.086,-0.399,2.551,1,0.069,-0.639,2.670,1,0.087,-0.684,2.538,2,0.038,-0.122,2.406,2,0.024,-0.381,2.112,2,0.033,-0.739,2.000,2,0.039,-0.707,1.901,2,-0.028,0.329,2.301,2,0.064,0.436,1.995,2,0.010,0.394,2.042,2,0.321,-0.213,2.285,2,0.282,-0.152,2.250,0,0,0,0
0.165|kb,95608413279050000,6,25,0,1,72057594037972009,2,-0.045,-0.130,2.434,2,-0.035,0.135,2.362,2,-0.025,0.393,2.278,2,-0.057,0.538,2.216,2,-0.182,0.296,2.282,2,-0.256,0.320,2.030,2,-0.057,0.375,1.968,1,-0.004,0.409,1.987,2,0.120,0.339,2.298,2,0.207,0.120,2.366,2,0.257,-0.077,2.329,2,0.284,-0.144,2.287,2,-0.126,-0.135,2.396,2,-0.087,-0.397,2.549,1,0.068,-0.636,2.668,1,0.086,-0.682,2.536,2,0.038,-0.122,2.405,2,0.023,-0.380,2.111,2,0.033,-0.738,1.999,2,0.039,-0.707,1.900,2,-0.027,0.329,2.301,2,0.064,0.436,1.990,2,0.009,0.391,2.040,2,0.320,-0.212,2.273,2,0.280,-0.154,2.244,0,0,0,0
0.209|kb,95608416578960000,6,25,0,1,72057594037972009,2,-0.044,-0.130,2.434,2,-0.035,0.135,2.362,2,-0.024,0.393,2.278,2,-0.055,0.537,2.215,2,-0.182,0.296,2.282,2,-0.256,0.320,2.029,2,-0.057,0.374,1.967,1,-0.003,0.408,1.989,2,0.125,0.338,2.286,2,0.207,0.120,2.363,2,0.257,-0.077,2.324,2,0.283,-0.143,2.280,2,-0.126,-0.135,2.396,2,-0.087,-0.396,2.549,1,0.067,-0.636,2.667,2,0.086,-0.682,2.535,2,0.038,-0.121,2.405,2,0.023,-0.379,2.110,2,0.032,-0.738,1.998,2,0.034,-0.707,1.899,2,-0.027,0.329,2.301,2,0.064,0.435,1.993,2,0.010,0.391,2.039,2,0.324,-0.210,2.270,2,0.276,-0.154,2.237,0,0,0,0
0.232|kb,95608419885760000,6,25,0,1,72057594037972009,2,-0.042,-0.129,2.431,2,-0.034,0.135,2.361,2,-0.024,0.392,2.277,2,-0.054,0.537,2.215,2,-0.182,0.296,2.281,2,-0.255,0.320,2.029,2,-0.057,0.374,1.966,1,-0.004,0.409,1.988,2,0.125,0.337,2.288,2,0.208,0.118,2.362,2,0.256,-0.077,2.319,2,0.282,-0.143,2.274,2,-0.124,-0.134,2.393,2,-0.087,-0.396,2.548,1,0.067,-0.635,2.667,2,0.086,-0.682,2.535,2,0.041,-0.121,2.401,2,0.022,-0.378,2.108,2,0.031,-0.737,1.997,2,0.034,-0.706,1.898,2,-0.026,0.329,2.300,2,0.064,0.435,1.994,2,0.009,0.392,2.038,2,0.318,-0.211,2.264,2,0.276,-0.154,2.229,0,0,0,0
0.276|kb,95608423279240000,6,25,0,1,72057594037972009,2,-0.041,-0.129,2.430,2,-0.033,0.135,2.360,2,-0.024,0.393,2.277,2,-0.053,0.537,2.214,2,-0.182,0.296,2.281,2,-0.254,0.321,2.026,2,-0.057,0.374,1.966,1,-0.006,0.408,1.990,2,0.125,0.337,2.288,2,0.208,0.116,2.361,2,0.255,-0.079,2.316,2,0.281,-0.147,2.272,2,-0.123,-0.134,2.392,2,-0.092,-0.392,2.552,1,0.062,-0.630,2.670,1,0.080,-0.673,2.538,2,0.042,-0.121,2.401,2,0.021,-0.378,2.107,2,0.024,-0.737,1.992,2,0.028,-0.705,1.893,2,-0.026,0.329,2.300,2,0.064,0.436,1.992,2,0.009,0.393,2.039,2,0.318,-0.215,2.258,2,0.276,-0.162,2.225,0,0,0,0
0.300|kb,95608426578550000,6,25,0,1,72057594037972009,2,-0.042,-0.129,2.430,2,-0.033,0.135,2.360,2,-0.022,0.392,2.277,2,-0.052,0.537,2.214,2,-0.182,0.296,2.281,2,-0.254,0.321,2.027,2,-0.057,0.374,1.965,1,-0.007,0.408,1.989,2,0.127,0.336,2.282,2,0.208,0.116,2.359,2,0.255,-0.079,2.313,2,0.281,-0.147,2.269,2,-0.124,-0.134,2.392,2,-0.090,-0.395,2.547,1,0.063,-0.632,2.665,1,0.082,-0.678,2.534,2,0.042,-0.121,2.400,2,0.020,-0.377,2.106,2,0.024,-0.737,1.992,2,0.026,-0.705,1.893,2,-0.025,0.329,2.300,2,0.064,0.437,1.989,2,0.009,0.394,2.040,2,0.315,-0.217,2.256,2,0.276,-0.163,2.220,0,0,0,0
0.343|kb,95608429885950000,6,25,0,1,72057594037972009,2,-0.041,-0.128,2.429,2,-0.032,0.136,2.359,2,-0.022,0.392,2.277,2,-0.051,0.537,2.214,2,-0.182,0.296,2.281,2,-0.252,0.323,2.026,2,-0.060,0.375,1.968,1,-0.008,0.410,1.990,2,0.128,0.336,2.281,2,0.208,0.115,2.358,2,0.255,-0.080,2.311,2,0.279,-0.147,2.268,2,-0.123,-0.133,2.390,2,-0.090,-0.394,2.546,1,0.063,-0.631,2.663,2,0.082,-0.678,2.532,2,0.043,-0.120,2.399,2,0.020,-0.377,2.105,2,0.023,-0.736,1.992,2,0.025,-0.705,1.893,2,-0.025,0.329,2.300,2,0.059,0.439,1.994,2,0.009,0.393,2.040,2,0.316,-0.214,2.257,2,0.282,-0.191,2.219,0,0,0,0
0.365|kb,95608433278870000,6,25,0,1,72057594037972009,2,-0.040,-0.128,2.428,2,-0.032,0.136,2.359,2,-0.022,0.393,2.277,2,-0.050,0.537,2.213,2,-0.181,0.296,2.281,2,-0.251,0.324,2.027,2,-0.059,0.375,1.967,1,-0.008,0.411,1.990,2,0.128,0.336,2.279,2,0.208,0.114,2.357,2,0.254,-0.081,2.308,2,0.277,-0.148,2.267,2,-0.123,-0.133,2.390,2,-0.090,-0.394,2.545,1,0.063,-0.630,2.662,2,0.081,-0.678,2.532,2,0.043,-0.120,2.398,2,0.018,-0.380,2.101,2,0.023,-0.736,1.991,1,0.024,-0.705,1.892,2,-0.024,0.330,2.300,2,0.059,0.438,1.991,2,0.010,0.396,2.043,2,0.313,-0.217,2.257,2,0.277,-0.166,2.221,0,0,0,0
0.409|kb,95608436579250000,6,25,0,1,72057594037972009,2,-0.040,-0.128,2.427,2,-0.031,0.136,2.358,2,-0.022,0.393,2.277,2,-0.049,0.538,2.213,2,-0.181,0.296,2.281,2,-0.250,0.325,2.028,2,-0.059,0.375,1.967,1,-0.011,0.411,1.990,2,0.129,0.336,2.278,2,0.208,0.114,2.356,2,0.254,-0.081,2.307,2,0.276,-0.150,2.269,2,-0.122,-0.133,2.389,2,-0.090,-0.394,2.544,1,0.063,-0.629,2.660,2,0.081,-0.678,2.531,2,0.043,-0.120,2.396,2,0.018,-0.383,2.097,2,0.021,-0.736,1.990,2,0.022,-0.705,1.890,2,-0.024,0.330,2.299,2,0.059,0.442,1.992,2,0.009,0.396,2.044,2,0.311,-0.217,2.262,2,0.272,-0.160,2.226,0,0,0,0
0.431|kb,95608439885490000,6,25,0,1,72057594037972009,2,-0.039,-0.128,2.424,2,-0.031,0.136,2.357,2,-0.022,0.393,2.277,2,-0.049,0.538,2.213,2,-0.181,0.296,2.280,2,-0.250,0.325,2.030,2,-0.061,0.378,1.964,1,-0.023,0.406,1.985,2,0.129,0.335,2.277,2,0.208,0.113,2.355,2,0.253,-0.082,2.307,2,0.276,-0.153,2.269,2,-0.121,-0.132,2.386,2,-0.091,-0.392,2.543,1,0.061,-0.627,2.659,2,0.080,-0.677,2.530,2,0.045,-0.120,2.393,2,0.017,-0.381,2.096,2,0.020,-0.736,1.990,1,0.021,-0.705,1.890,2,-0.024,0.330,2.299,2,0.043,0.446,1.991,2,0.001,0.386,2.025,2,0.309,-0.216,2.259,2,0.275,-0.168,2.226,0,0,0,0
0.469|kb,95608443278850000,6,25,0,1,72057594037972009,2,-0.039,-0.128,2.423,2,-0.031,0.136,2.356,2,-0.022,0.393,2.277,2,-0.049,0.538,2.213,2,-0.181,0.296,2.280,2,-0.250,0.326,2.031,2,-0.061,0.378,1.963,1,-0.025,0.407,1.987,2,0.129,0.335,2.278,2,0.207,0.112,2.354,2,0.252,-0.083,2.306,2,0.275,-0.155,2.271,2,-0.122,-0.132,2.385,2,-0.091,-0.392,2.542,1,0.061,-0.627,2.658,2,0.080,-0.677,2.529,2,0.045,-0.120,2.393,2,0.016,-0.383,2.094,2,0.018,-0.737,1.990,2,0.019,-0.706,1.889,2,-0.024,0.330,2.299,2,0.043,0.446,1.989,2,0.003,0.389,2.034,2,0.309,-0.220,2.264,2,0.269,-0.172,2.224,0,0,0,0
0.512|kb,95608446581370000,6,25,0,1,72057594037972009,2,-0.041,-0.128,2.423,2,-0.031,0.136,2.356,2,-0.021,0.393,2.276,2,-0.048,0.538,2.213,2,-0.181,0.296,2.280,2,-0.250,0.326,2.032,2,-0.062,0.378,1.963,1,-0.026,0.407,1.986,2,0.129,0.335,2.279,2,0.207,0.111,2.354,2,0.252,-0.084,2.306,2,0.273,-0.157,2.275,2,-0.123,-0.132,2.385,2,-0.091,-0.392,2.542,1,0.060,-0.627,2.658,2,0.080,-0.677,2.529,2,0.043,-0.120,2.392,2,0.016,-0.381,2.095,2,0.018,-0.737,1.989,1,0.019,-0.706,1.887,2,-0.024,0.330,2.299,2,0.044,0.445,1.994,2,0.002,0.392,2.043,2,0.306,-0.225,2.272,2,0.269,-0.179,2.225,0,0,0,0
0.533|kb,95608449886110000,6,25,0,1,72057594037972009,2,-0.042,-0.128,2.423,2,-0.031,0.136,2.356,2,-0.021,0.393,2.277,2,-0.048,0.538,2.213,2,-0.181,0.296,2.280,2,-0.251,0.327,2.032,2,-0.062,0.378,1.963,1,-0.030,0.407,1.985,2,0.129,0.335,2.279,2,0.207,0.111,2.353,2,0.251,-0.084,2.306,2,0.272,-0.157,2.277,2,-0.124,-0.132,2.385,2,-0.097,-0.389,2.547,1,0.055,-0.623,2.663,2,0.075,-0.674,2.534,2,0.042,-0.121,2.392,2,0.016,-0.384,2.093,2,0.017,-0.738,1.987,2,0.019,-0.707,1.886,2,-0.024,0.330,2.299,2,0.042,0.449,1.991,2,-0.002,0.394,2.034,2,0.304,-0.223,2.269,2,0.266,-0.173,2.232,0,0,0,0
0.576|kb,95608453280280000,6,25,0,1,72057594037972009,2,-0.041,-0.128,2.422,2,-0.031,0.136,2.356,2,-0.021,0.393,2.277,2,-0.048,0.539,2.214,2,-0.181,0.296,2.280,2,-0.251,0.327,2.031,2,-0.062,0.378,1.963,1,-0.029,0.408,1.989,2,0.128,0.335,2.278,2,0.207,0.111,2.353,2,0.250,-0.084,2.307,2,0.272,-0.158,2.280,2,-0.124,-0.132,2.385,2,-0.097,-0.388,2.547,1,0.054,-0.623,2.663,2,0.075,-0.675,2.534,2,0.042,-0.121,2.392,2,0.016,-0.382,2.094,2,0.017,-0.738,1.987,2,0.018,-0.708,1.885,2,-0.024,0.330,2.299,2,0.042,0.450,1.988,2,-0.003,0.393,2.033,2,0.306,-0.222,2.276,2,0.269,-0.178,2.233,0,0,0,0
0.599|kb,95608456578690000,6,25,0,1,72057594037972009,2,-0.042,-0.128,2.423,2,-0.031,0.136,2.356,2,-0.021,0.393,2.277,2,-0.048,0.539,2.214,2,-0.181,0.297,2.280,2,-0.252,0.328,2.031,2,-0.062,0.378,1.963,1,-0.029,0.408,1.989,2,0.128,0.335,2.279,2,0.206,0.110,2.354,2,0.250,-0.085,2.308,2,0.273,-0.159,2.282,2,-0.124,-0.132,2.385,2,-0.097,-0.388,2.548,1,0.054,-0.623,2.663,2,0.075,-0.675,2.534,2,0.041,-0.121,2.393,2,0.016,-0.381,2.095,2,0.017,-0.738,1.986,2,0.019,-0.708,1.885,2,-0.024,0.330,2.299,2,0.042,0.449,1.992,2,-0.002,0.393,2.038,2,0.308,-0.222,2.280,2,0.266,-0.177,2.239,0,0,0,0
0.643|kb,95608459885830000,6,25,0,1,72057594037972009,2,-0.042,-0.128,2.423,2,-0.031,0.136,2.356,2,-0.021,0.393,2.277,2,-0.049,0.539,2.215,2,-0.181,0.297,2.280,2,-0.258,0.323,2.039,2,-0.071,0.376,1.966,1,-0.032,0.407,1.989,2,0.127,0.335,2.280,2,0.205,0.111,2.354,2,0.249,-0.085,2.310,2,0.272,-0.157,2.286,2,-0.124,-0.132,2.385,2,-0.097,-0.388,2.548,1,0.055,-0.623,2.664,2,0.076,-0.675,2.535,2,0.041,-0.121,2.393,2,0.016,-0.380,2.096,2,0.017,-0.737,1.987,2,0.019,-0.707,1.885,2,-0.024,0.330,2.299,2,0.036,0.453,1.988,2,-0.003,0.391,2.041,2,0.307,-0.225,2.282,2,0.270,-0.182,2.242,0,0,0,0
0.666|kb,95608463278840000,6,25,0,1,72057594037972009,2,-0.038,-0.063,2.379,2,-0.029,0.168,2.323,2,-0.021,0.397,2.261,2,-0.045,0.520,2.210,2,-0.178,0.302,2.269,2,-0.259,0.324,2.033,2,-0.066,0.377,1.962,1,-0.019,0.412,1.991,2,0.127,0.336,2.270,2,0.203,0.112,2.349,2,0.249,-0.089,2.308,2,0.274,-0.160,2.283,2,-0.114,-0.070,2.351,2,-0.090,-0.391,2.532,1,0.085,-0.662,2.670,2,0.102,-0.710,2.548,2,0.038,-0.054,2.349,2,0.016,-0.378,2.090,2,0.016,-0.758,1.974,1,-0.043,-0.731,1.924,2,-0.023,0.339,2.279,2,0.054,0.442,1.997,2,0.001,0.396,2.045,2,0.306,-0.230,2.283,2,0.268,-0.176,2.238,0,0,0,0
0.709|kb,95608466579220000,6,25,0,1,72057594037972009,2,-0.040,-0.063,2.380,2,-0.031,0.170,2.323,2,-0.022,0.401,2.256,2,-0.047,0.526,2.206,2,-0.177,0.304,2.268,2,-0.260,0.325,2.033,2,-0.067,0.377,1.962,1,-0.019,0.412,1.991,2,0.126,0.337,2.270,2,0.202,0.113,2.350,2,0.248,-0.088,2.309,2,0.274,-0.157,2.286,2,-0.114,-0.070,2.352,2,-0.090,-0.393,2.534,1,0.084,-0.664,2.671,2,0.104,-0.712,2.548,2,0.034,-0.054,2.351,2,0.016,-0.378,2.090,2,0.015,-0.756,1.974,1,-0.041,-0.735,1.925,2,-0.025,0.343,2.275,2,0.055,0.442,1.996,2,0.001,0.397,2.049,2,0.308,-0.226,2.287,2,0.272,-0.176,2.242,0,0,0,0
0.731|kb,95608469885420000,6,25,0,1,72057594037972009,2,-0.040,-0.063,2.380,2,-0.031,0.171,2.323,2,-0.023,0.403,2.254,2,-0.048,0.528,2.205,2,-0.177,0.305,2.268,2,-0.260,0.326,2.033,2,-0.067,0.377,1.962,1,-0.021,0.412,1.993,2,0.125,0.338,2.269,2,0.201,0.115,2.350,2,0.248,-0.087,2.310,2,0.275,-0.158,2.288,2,-0.114,-0.070,2.352,2,-0.090,-0.393,2.535,1,0.084,-0.663,2.672,2,0.105,-0.712,2.549,2,0.032,-0.055,2.352,2,0.016,-0.378,2.091,2,0.015,-0.755,1.975,1,-0.038,-0.740,1.928,2,-0.025,0.345,2.273,2,0.053,0.442,1.996,2,-0.002,0.401,2.053,2,0.307,-0.229,2.291,2,0.272,-0.182,2.242,0,0,0,0
0.769|kb,95608473279630000,6,25,0,1,72057594037972009,2,-0.041,-0.063,2.381,2,-0.032,0.171,2.322,2,-0.023,0.404,2.253,2,-0.049,0.530,2.205,2,-0.177,0.306,2.268,2,-0.260,0.326,2.033,2,-0.066,0.378,1.962,1,-0.021,0.412,1.993,2,0.125,0.339,2.269,2,0.200,0.116,2.351,2,0.248,-0.087,2.312,2,0.278,-0.158,2.291,2,-0.114,-0.070,2.353,2,-0.097,-0.367,2.524,1,0.077,-0.637,2.662,2,0.099,-0.691,2.539,2,0.030,-0.055,2.352,2,0.016,-0.378,2.091,2,0.015,-0.755,1.975,1,-0.035,-0.743,1.929,2,-0.026,0.346,2.272,2,0.053,0.444,1.995,2,0.001,0.398,2.047,2,0.310,-0.225,2.290,2,0.275,-0.180,2.247,0,0,0,0
0.811|kb,95608476578640000,6,25,0,1,72057594037972009,2,-0.043,-0.065,2.383,2,-0.033,0.171,2.323,2,-0.024,0.404,2.253,2,-0.051,0.531,2.205,2,-0.177,0.306,2.268,2,-0.264,0.330,2.028,2,-0.068,0.378,1.963,1,-0.022,0.412,1.992,2,0.125,0.339,2.269,2,0.199,0.117,2.353,2,0.250,-0.088,2.314,2,0.280,-0.156,2.294,2,-0.115,-0.072,2.354,2,-0.097,-0.365,2.523,1,0.078,-0.636,2.661,2,0.100,-0.690,2.538,2,0.028,-0.057,2.354,2,0.016,-0.377,2.092,2,0.015,-0.755,1.975,1,-0.032,-0.745,1.931,2,-0.026,0.346,2.272,2,0.052,0.444,2.000,2,0.000,0.398,2.046,2,0.312,-0.225,2.294,2,0.275,-0.179,2.254,0,0,0,0
0.833|kb,95608479888430000,6,25,0,1,72057594037972009,2,-0.043,-0.065,2.383,2,-0.033,0.172,2.322,2,-0.024,0.404,2.252,2,-0.052,0.532,2.206,2,-0.177,0.307,2.267,2,-0.264,0.330,2.028,2,-0.068,0.378,1.962,1,-0.021,0.414,1.992,2,0.124,0.340,2.269,2,0.199,0.117,2.353,2,0.251,-0.087,2.317,2,0.281,-0.155,2.298,2,-0.114,-0.071,2.354,2,-0.093,-0.381,2.533,1,0.082,-0.652,2.670,2,0.104,-0.704,2.547,2,0.027,-0.057,2.354,2,0.016,-0.377,2.093,2,0.015,-0.755,1.975,1,-0.032,-0.745,1.931,2,-0.026,0.346,2.272,2,0.051,0.444,1.997,2,-0.003,0.396,2.044,2,0.312,-0.226,2.299,2,0.280,-0.179,2.254,0,0,0,0
0.875|kb,95608483279810000,6,25,0,1,72057594037972009,2,-0.044,-0.065,2.383,2,-0.033,0.172,2.322,2,-0.024,0.405,2.252,2,-0.053,0.532,2.206,2,-0.177,0.307,2.267,2,-0.267,0.328,2.028,2,-0.079,0.394,1.953,1,-0.028,0.412,1.987,2,0.123,0.341,2.269,2,0.198,0.119,2.355,2,0.252,-0.086,2.320,2,0.283,-0.153,2.303,2,-0.115,-0.071,2.355,2,-0.096,-0.364,2.526,1,0.080,-0.636,2.663,2,0.102,-0.690,2.540,2,0.027,-0.056,2.354,2,0.015,-0.376,2.093,2,0.015,-0.755,1.976,1,-0.031,-0.746,1.932,2,-0.027,0.347,2.271,2,0.049,0.448,1.988,2,-0.006,0.400,2.041,2,0.314,-0.226,2.302,2,0.286,-0.178,2.260,0,0,0,0
0.898|kb,95608486578740000,6,25,0,1,72057594037972009,2,-0.045,-0.064,2.384,2,-0.035,0.174,2.322,2,-0.027,0.409,2.248,2,-0.056,0.537,2.204,2,-0.177,0.307,2.267,2,-0.269,0.327,2.029,2,-0.075,0.385,1.962,1,-0.022,0.416,1.990,2,0.122,0.341,2.269,2,0.198,0.120,2.356,2,0.253,-0.085,2.322,2,0.283,-0.150,2.306,2,-0.115,-0.071,2.355,2,-0.097,-0.361,2.526,1,0.079,-0.634,2.664,1,0.101,-0.688,2.540,2,0.026,-0.056,2.355,2,0.015,-0.376,2.094,2,0.015,-0.756,1.976,1,-0.030,-0.747,1.933,2,-0.029,0.350,2.269,2,0.050,0.444,1.997,2,-0.003,0.398,2.047,2,0.316,-0.218,2.312,2,0.284,-0.172,2.267,0,0,0,0
0.944|kb,95608489886090000,6,25,0,1,72057594037972009,2,-0.045,-0.064,2.384,2,-0.036,0.174,2.322,2,-0.028,0.409,2.248,2,-0.058,0.538,2.205,2,-0.177,0.307,2.267,2,-0.270,0.329,2.025,2,-0.073,0.381,1.962,1,-0.022,0.416,1.989,2,0.121,0.342,2.269,2,0.197,0.122,2.358,2,0.255,-0.085,2.327,2,0.288,-0.152,2.309,2,-0.115,-0.071,2.355,2,-0.092,-0.383,2.535,1,0.085,-0.657,2.674,1,0.107,-0.713,2.549,2,0.025,-0.055,2.355,2,0.015,-0.376,2.095,2,0.015,-0.757,1.976,1,-0.030,-0.748,1.934,2,-0.030,0.350,2.269,2,0.048,0.446,1.997,2,-0.003,0.398,2.045,2,0.320,-0.221,2.310,2,0.269,-0.159,2.291,0,0,0,0
0.966|kb,95608493279100000,6,25,0,1,72057594037972009,2,-0.045,-0.064,2.385,2,-0.036,0.174,2.322,2,-0.030,0.410,2.247,2,-0.059,0.539,2.203,2,-0.178,0.308,2.267,2,-0.273,0.326,2.027,2,-0.084,0.394,1.953,1,-0.028,0.415,1.980,2,0.120,0.342,2.269,2,0.197,0.124,2.359,2,0.257,-0.084,2.330,2,0.290,-0.148,2.312,2,-0.115,-0.071,2.356,2,-0.096,-0.366,2.529,1,0.081,-0.641,2.668,2,0.103,-0.696,2.544,2,0.025,-0.055,2.356,2,0.015,-0.376,2.096,2,0.015,-0.757,1.977,1,-0.030,-0.748,1.934,2,-0.031,0.351,2.267,2,0.045,0.447,1.979,2,-0.007,0.398,2.040,2,0.321,-0.221,2.314,2,0.292,-0.165,2.273,0,0,0,0
1.008|kb,95608496578970000,6,25,0,1,72057594037972009,2,-0.045,-0.064,2.385,2,-0.036,0.175,2.322,2,-0.030,0.409,2.247,2,-0.061,0.538,2.203,2,-0.178,0.308,2.267,2,-0.276,0.325,2.025,2,-0.087,0.393,1.952,1,-0.029,0.414,1.975,2,0.118,0.343,2.268,2,0.196,0.126,2.361,2,0.258,-0.081,2.334,2,0.295,-0.145,2.318,2,-0.114,-0.070,2.356,2,-0.097,-0.359,2.527,1,0.081,-0.635,2.667,2,0.102,-0.690,2.542,2,0.025,-0.055,2.357,2,0.015,-0.376,2.096,2,0.015,-0.758,1.977,1,-0.028,-0.751,1.939,2,-0.032,0.351,2.267,2,0.041,0.447,1.980,2,-0.007,0.397,2.034,2,0.330,-0.215,2.325,2,0.298,-0.166,2.281,0,0,0,0
1.037|kb,95608499885680000,6,25,0,1,72057594037972009,2,-0.045,-0.064,2.386,2,-0.037,0.175,2.322,2,-0.031,0.409,2.245,2,-0.063,0.537,2.201,2,-0.178,0.308,2.265,2,-0.280,0.322,2.023,2,-0.066,0.387,1.942,1,-0.023,0.416,1.973,2,0.115,0.344,2.265,2,0.196,0.128,2.361,2,0.260,-0.074,2.339,2,0.300,-0.139,2.322,2,-0.114,-0.070,2.357,2,-0.098,-0.352,2.523,1,0.081,-0.630,2.663,2,0.098,-0.683,2.537,2,0.024,-0.056,2.357,2,0.015,-0.376,2.096,2,0.015,-0.759,1.977,1,-0.028,-0.751,1.940,2,-0.032,0.351,2.266,2,0.045,0.446,1.976,2,-0.011,0.394,2.022,2,0.338,-0.211,2.326,2,0.306,-0.161,2.283,0,0,0,0
1.078|kb,95608503290880000,6,25,0,1,72057594037972009,2,-0.046,-0.064,2.386,2,-0.037,0.175,2.321,2,-0.032,0.408,2.244,2,-0.065,0.534,2.197,2,-0.179,0.308,2.264,2,-0.283,0.323,2.009,2,-0.061,0.390,1.941,1,-0.018,0.418,1.968,2,0.111,0.343,2.261,2,0.196,0.128,2.362,2,0.263,-0.073,2.341,2,0.308,-0.137,2.325,2,-0.114,-0.070,2.357,2,-0.098,-0.352,2.522,1,0.081,-0.630,2.663,2,0.098,-0.683,2.537,2,0.024,-0.056,2.358,2,0.015,-0.375,2.095,2,0.016,-0.759,1.978,1,-0.029,-0.751,1.941,2,-0.033,0.351,2.266,2,0.047,0.446,1.968,2,-0.010,0.392,2.020,2,0.347,-0.207,2.330,2,0.313,-0.152,2.288,0,0,0,0
1.100|kb,95608506578950000,6,25,0,1,72057594037972009,2,-0.046,-0.064,2.386,2,-0.041,0.173,2.318,2,-0.039,0.402,2.233,2,-0.068,0.531,2.190,2,-0.184,0.303,2.248,2,-0.283,0.321,2.008,2,-0.066,0.393,1.939,1,-0.017,0.418,1.960,2,0.109,0.342,2.257,2,0.196,0.128,2.362,2,0.269,-0.072,2.345,2,0.315,-0.128,2.326,2,-0.115,-0.070,2.357,2,-0.094,-0.364,2.526,1,0.085,-0.642,2.666,2,0.099,-0.691,2.541,2,0.023,-0.056,2.358,2,0.013,-0.371,2.091,2,0.007,-0.755,1.972,1,0.014,-0.731,1.877,2,-0.039,0.346,2.257,2,0.045,0.446,1.963,2,-0.006,0.393,2.028,2,0.360,-0.202,2.335,2,0.322,-0.149,2.285,0,0,0,0
1.142|kb,95608509886000000,6,25,0,1,72057594037972009,2,-0.045,-0.064,2.384,2,-0.043,0.170,2.311,2,-0.044,0.397,2.226,2,-0.071,0.524,2.179,2,-0.187,0.301,2.233,2,-0.278,0.322,1.982,2,-0.057,0.394,1.922,1,-0.014,0.420,1.945,2,0.105,0.341,2.245,2,0.197,0.129,2.361,2,0.280,-0.067,2.348,2,0.330,-0.119,2.322,2,-0.114,-0.071,2.353,1,-0.087,-0.366,2.521,1,0.092,-0.643,2.661,1,0.105,-0.692,2.536,2,0.024,-0.056,2.356,2,0.012,-0.382,2.070,2,-0.005,-0.753,1.964,2,-0.024,-0.753,2.014,2,-0.044,0.342,2.249,2,0.047,0.447,1.952,2,-0.009,0.388,2.000,2,0.373,-0.185,2.328,2,0.337,-0.139,2.283,0,0,0,0
1.166|kb,95608513278840000,6,25,0,1,72057594037972009,2,-0.044,-0.064,2.378,2,-0.045,0.168,2.301,2,-0.047,0.393,2.214,2,-0.073,0.522,2.170,2,-0.188,0.297,2.220,2,-0.269,0.328,1.952,2,-0.049,0.396,1.907,2,-0.007,0.427,1.924,2,0.102,0.340,2.235,2,0.204,0.135,2.355,2,0.294,-0.059,2.346,2,0.347,-0.103,2.316,2,-0.112,-0.072,2.346,1,-0.079,-0.374,2.513,1,0.099,-0.649,2.652,1,0.108,-0.697,2.529,2,0.024,-0.055,2.351,2,0.012,-0.380,2.066,2,-0.010,-0.744,1.969,1,-0.029,-0.749,2.018,2,-0.046,0.338,2.238,2,0.051,0.452,1.930,2,-0.009,0.389,1.970,2,0.400,-0.161,2.337,2,0.363,-0.120,2.276,0,0,0,0
1.209|kb,95608516578960000,6,25,0,1,72057594037972009,2,-0.043,-0.063,2.354,2,-0.046,0.167,2.277,2,-0.050,0.392,2.189,2,-0.075,0.522,2.147,2,-0.191,0.300,2.192,2,-0.269,0.330,1.949,2,-0.037,0.410,1.871,2,0.001,0.437,1.895,2,0.100,0.339,2.220,2,0.215,0.145,2.342,2,0.322,-0.040,2.329,2,0.369,-0.084,2.296,2,-0.111,-0.070,2.321,1,-0.071,-0.368,2.485,1,0.105,-0.642,2.623,1,0.113,-0.693,2.501,2,0.025,-0.054,2.330,2,0.011,-0.384,2.053,2,-0.021,-0.728,1.970,2,-0.108,-0.709,1.963,2,-0.049,0.337,2.213,2,0.057,0.463,1.896,2,0.000,0.397,1.942,2,0.422,-0.139,2.310,2,0.381,-0.096,2.260,0,0,0,0
1.231|kb,95608519885930000,6,25,0,1,72057594037972009,2,-0.050,-0.054,2.332,2,-0.050,0.175,2.255,2,-0.050,0.399,2.168,2,-0.076,0.525,2.120,2,-0.191,0.309,2.163,2,-0.269,0.334,1.955,2,-0.109,0.410,1.828,2,-0.029,0.435,1.837,2,0.100,0.342,2.197,2,0.223,0.160,2.322,2,0.336,-0.020,2.308,2,0.389,-0.057,2.269,2,-0.117,-0.060,2.295,2,-0.112,-0.363,2.514,1,0.063,-0.636,2.652,2,0.078,-0.688,2.528,2,0.019,-0.047,2.310,2,0.008,-0.379,2.042,2,-0.025,-0.719,1.963,2,-0.104,-0.721,1.963,2,-0.050,0.344,2.191,2,0.044,0.488,1.852,2,0.008,0.408,1.890,2,0.444,-0.106,2.271,2,0.397,-0.071,2.227,0,0,0,0
1.270|kb,95608523279370000,6,25,0,1,72057594037972009,2,-0.053,-0.041,2.301,2,-0.053,0.188,2.224,2,-0.053,0.412,2.137,2,-0.079,0.538,2.089,2,-0.191,0.330,2.124,2,-0.297,0.351,1.932,2,-0.062,0.433,1.788,2,0.016,0.468,1.818,2,0.103,0.355,2.175,2,0.225,0.191,2.282,2,0.343,0.017,2.281,2,0.401,-0.025,2.237,2,-0.119,-0.045,2.262,2,-0.117,-0.303,2.423,1,0.058,-0.575,2.561,1,0.073,-0.627,2.438,2,0.015,-0.036,2.283,2,0.006,-0.373,2.030,2,-0.024,-0.716,1.943,2,-0.096,-0.727,1.927,2,-0.053,0.357,2.160,2,0.076,0.490,1.823,2,0.012,0.416,1.835,2,0.469,-0.075,2.224,2,0.418,-0.034,2.191,0,0,0,0
1.312|kb,95608526578810000,6,25,0,1,72057594037972009,2,-0.054,-0.032,2.272,2,-0.055,0.198,2.199,2,-0.055,0.422,2.116,2,-0.078,0.547,2.064,2,-0.189,0.340,2.102,1,-0.287,0.370,1.909,2,-0.060,0.448,1.755,2,0.018,0.488,1.772,2,0.104,0.365,2.157,2,0.233,0.201,2.259,2,0.363,0.041,2.224,2,0.421,0.000,2.179,2,-0.120,-0.035,2.232,2,-0.124,-0.299,2.384,1,0.053,-0.576,2.523,2,0.057,-0.639,2.401,2,0.013,-0.028,2.255,2,0.006,-0.372,2.014,2,-0.031,-0.726,1.942,2,-0.097,-0.733,1.915,2,-0.055,0.367,2.139,2,0.081,0.511,1.770,2,0.026,0.446,1.790,2,0.486,-0.046,2.157,2,0.436,-0.014,2.130,0,0,0,0
1.333|kb,95608529885730000,6,25,0,1,72057594037972009,2,-0.058,-0.022,2.253,2,-0.062,0.212,2.171,2,-0.067,0.441,2.078,2,-0.083,0.570,2.029,2,-0.187,0.376,2.059,2,-0.216,0.414,1.808,2,-0.046,0.480,1.700,2,0.019,0.516,1.731,2,0.104,0.376,2.135,2,0.239,0.223,2.211,2,0.370,0.065,2.174,2,0.420,0.027,2.124,2,-0.122,-0.027,2.214,2,-0.127,-0.294,2.359,1,0.052,-0.571,2.497,1,0.055,-0.636,2.377,2,0.008,-0.018,2.235,2,0.009,-0.362,2.005,2,-0.033,-0.727,1.943,2,-0.080,-0.739,1.910,2,-0.065,0.385,2.103,2,0.078,0.540,1.725,2,0.026,0.471,1.748,2,0.489,-0.023,2.067,2,0.457,0.031,2.082,0,0,0,0
1.376|kb,95608533279990000,6,25,0,1,72057594037972009,2,-0.068,-0.013,2.230,2,-0.063,0.220,2.157,2,-0.063,0.447,2.070,1,-0.078,0.575,2.021,2,-0.185,0.383,2.051,2,-0.225,0.416,1.805,2,-0.064,0.497,1.689,2,-0.004,0.542,1.691,2,0.106,0.382,2.115,2,0.244,0.231,2.182,2,0.372,0.081,2.112,2,0.431,0.037,2.036,2,-0.131,-0.015,2.190,2,-0.140,-0.374,2.361,1,0.080,-0.630,2.420,1,0.076,-0.679,2.286,2,-0.003,-0.011,2.213,2,0.016,-0.328,2.003,2,-0.031,-0.707,1.948,2,-0.003,-0.703,1.840,2,-0.063,0.391,2.094,2,0.060,0.577,1.690,2,0.011,0.507,1.718,2,0.485,-0.002,1.975,2,0.440,0.023,1.963,0,0,0,0
1.399|kb,95608536578870000,6,25,0,1,72057594037972009,2,-0.074,-0.007,2.207,2,-0.069,0.239,2.122,2,-0.063,0.480,2.029,2,-0.070,0.591,1.994,2,-0.185,0.391,2.036,2,-0.240,0.429,1.781,2,-0.097,0.524,1.658,2,-0.033,0.569,1.666,2,0.106,0.393,2.092,2,0.247,0.245,2.127,2,0.365,0.096,2.038,2,0.422,0.051,1.946,2,-0.136,-0.010,2.172,2,-0.153,-0.336,2.281,1,0.061,-0.612,2.336,1,0.050,-0.650,2.195,2,-0.009,-0.003,2.185,2,0.016,-0.327,1.999,2,-0.031,-0.708,1.947,2,-0.005,-0.705,1.839,2,-0.065,0.422,2.053,2,0.028,0.609,1.655,2,-0.001,0.542,1.706,2,0.470,0.014,1.881,2,0.445,0.063,1.903,0,0,0,0
1.443|kb,95608539885840000,6,25,0,1,72057594037972009,2,-0.081,0.002,2.188,2,-0.070,0.250,2.108,2,-0.059,0.492,2.017,2,-0.057,0.611,1.970,2,-0.188,0.408,2.018,2,-0.250,0.435,1.773,2,-0.105,0.545,1.648,2,-0.067,0.595,1.653,2,0.106,0.404,2.075,2,0.247,0.253,2.090,2,0.344,0.112,1.967,2,0.396,0.069,1.861,2,-0.145,0.000,2.155,2,-0.165,-0.345,2.230,1,0.054,-0.662,2.319,1,0.044,-0.703,2.178,2,-0.014,0.004,2.162,2,0.015,-0.327,1.993,2,-0.026,-0.718,1.942,2,0.000,-0.713,1.833,2,-0.062,0.432,2.042,2,-0.013,0.631,1.631,2,-0.036,0.578,1.700,2,0.432,0.038,1.795,2,0.405,0.088,1.818,0,0,0,0
1.466|kb,95608543278850000,6,25,0,1,72057594037972009,2,-0.086,0.006,2.181,2,-0.070,0.253,2.103,2,-0.057,0.494,2.014,2,-0.056,0.618,1.962,1,-0.187,0.409,2.016,2,-0.269,0.438,1.774,2,-0.137,0.573,1.640,2,-0.114,0.611,1.644,2,0.108,0.408,2.063,2,0.260,0.268,2.038,2,0.320,0.103,1.923,2,0.350,0.095,1.786,2,-0.151,0.005,2.149,2,-0.183,-0.361,2.184,1,0.032,-0.676,2.283,1,0.024,-0.721,2.144,2,-0.019,0.007,2.153,2,0.005,-0.347,1.986,2,-0.014,-0.744,1.934,2,-0.058,-0.739,1.931,2,-0.060,0.435,2.038,2,-0.065,0.652,1.611,2,-0.077,0.597,1.692,2,0.388,0.072,1.717,2,0.352,0.119,1.738,0,0,0,0
1.509|kb,95608546579570000,6,25,0,1,72057594037972009,2,-0.090,0.013,2.170,2,-0.071,0.257,2.099,2,-0.055,0.496,2.014,2,-0.059,0.609,1.962,1,-0.186,0.411,2.015,2,-0.297,0.430,1.790,2,-0.201,0.558,1.631,2,-0.164,0.611,1.636,2,0.110,0.415,2.046,2,0.254,0.268,2.021,2,0.274,0.182,1.809,2,0.293,0.130,1.718,2,-0.156,0.017,2.138,2,-0.203,-0.337,2.129,2,-0.142,-0.578,2.297,2,-0.107,-0.650,2.178,2,-0.022,0.010,2.144,2,0.002,-0.351,1.982,2,-0.006,-0.756,1.929,2,-0.055,-0.744,1.933,2,-0.059,0.437,2.037,2,-0.121,0.663,1.606,2,-0.124,0.592,1.665,2,0.320,0.112,1.652,2,0.293,0.154,1.680,0,0,0,0
1.531|kb,95608549886110000,6,25,0,1,72057594037972009,2,-0.089,0.015,2.165,2,-0.067,0.258,2.097,2,-0.044,0.496,2.015,2,-0.059,0.609,1.961,2,-0.184,0.418,2.013,2,-0.309,0.427,1.807,2,-0.232,0.558,1.638,2,-0.212,0.612,1.633,2,0.112,0.417,2.033,2,0.253,0.283,1.956,2,0.211,0.156,1.727,2,0.222,0.167,1.680,2,-0.155,0.020,2.135,2,-0.227,-0.289,2.057,2,-0.163,-0.551,2.245,2,-0.200,-0.624,2.194,2,-0.021,0.010,2.135,2,-0.001,-0.353,1.981,2,-0.008,-0.762,1.934,2,-0.059,-0.750,1.939,2,-0.051,0.437,2.037,2,-0.175,0.664,1.603,2,-0.166,0.598,1.660,2,0.241,0.167,1.613,2,0.203,0.188,1.631,0,0,0,0
1.576|kb,95608553279210000,6,25,0,1,72057594037972009,2,-0.086,0.021,2.155,2,-0.063,0.262,2.091,2,-0.039,0.498,2.014,2,-0.058,0.610,1.957,2,-0.184,0.426,2.011,2,-0.329,0.415,1.833,2,-0.286,0.547,1.649,2,-0.259,0.604,1.632,2,0.113,0.428,2.014,2,0.253,0.297,1.935,2,0.181,0.190,1.734,2,0.157,0.207,1.670,2,-0.151,0.027,2.129,2,-0.268,-0.235,1.958,2,-0.181,-0.529,2.174,2,-0.241,-0.573,2.107,2,-0.019,0.013,2.121,2,-0.003,-0.354,1.980,2,-0.012,-0.765,1.941,2,-0.064,-0.756,1.944,2,-0.045,0.440,2.035,2,-0.226,0.660,1.598,2,-0.207,0.597,1.656,2,0.147,0.223,1.592,2,0.122,0.215,1.710,0,0,0,0
1.599|kb,95608556578820000,6,25,0,1,72057594037972009,2,-0.082,0.026,2.142,2,-0.059,0.266,2.084,2,-0.037,0.500,2.012,2,-0.056,0.614,1.951,2,-0.182,0.431,2.009,2,-0.338,0.409,1.841,2,-0.306,0.545,1.652,2,-0.302,0.595,1.635,2,0.110,0.453,2.003,2,0.202,0.299,1.882,2,0.131,0.230,1.700,2,0.094,0.257,1.658,2,-0.146,0.033,2.121,2,-0.299,-0.137,1.871,2,-0.199,-0.476,2.081,2,-0.263,-0.514,2.014,2,-0.015,0.018,2.103,2,-0.006,-0.356,1.978,2,-0.016,-0.764,1.948,2,-0.069,-0.751,1.968,2,-0.043,0.443,2.032,2,-0.274,0.652,1.592,2,-0.251,0.591,1.651,2,0.066,0.282,1.590,2,0.067,0.256,1.683,0,0,0,0
1.643|kb,95608559886080000,6,25,0,1,72057594037972009,2,-0.077,0.029,2.128,2,-0.054,0.270,2.073,2,-0.032,0.504,2.006,2,-0.055,0.617,1.946,2,-0.182,0.436,2.007,2,-0.346,0.402,1.849,2,-0.351,0.531,1.659,2,-0.341,0.583,1.638,2,0.112,0.455,1.996,2,0.195,0.299,1.867,2,0.075,0.269,1.701,2,0.026,0.312,1.660,2,-0.142,0.038,2.109,2,-0.302,-0.110,1.850,2,-0.238,-0.417,1.954,1,-0.238,-0.451,1.826,2,-0.010,0.020,2.088,2,-0.009,-0.359,1.974,2,-0.023,-0.763,1.957,2,-0.074,-0.758,1.971,2,-0.038,0.446,2.025,2,-0.316,0.641,1.589,2,-0.311,0.537,1.621,2,-0.011,0.340,1.608,2,0.002,0.315,1.683,0,0,0,0
1.666|kb,95608563278920000,6,25,0,1,72057594037972009,2,-0.072,0.034,2.113,2,-0.044,0.280,2.047,2,-0.014,0.521,1.969,2,-0.053,0.624,1.935,2,-0.180,0.440,2.002,2,-0.347,0.398,1.857,2,-0.382,0.502,1.673,2,-0.382,0.564,1.643,2,0.113,0.460,1.985,2,0.176,0.302,1.840,2,0.020,0.327,1.710,2,-0.026,0.360,1.676,2,-0.139,0.043,2.095,2,-0.302,-0.032,1.806,2,-0.252,-0.364,1.907,2,-0.196,-0.395,1.837,2,-0.003,0.024,2.072,2,-0.014,-0.353,1.965,2,-0.025,-0.762,1.959,2,-0.076,-0.759,1.970,2,-0.021,0.462,1.990,2,-0.373,0.625,1.602,2,-0.330,0.580,1.654,2,-0.071,0.397,1.640,2,-0.046,0.363,1.708,0,0,0,0
1.709|kb,95608566578960000,6,25,0,1,72057594037972009,2,-0.068,0.034,2.100,2,-0.042,0.280,2.038,2,-0.015,0.521,1.965,2,-0.050,0.629,1.927,2,-0.181,0.440,1.998,2,-0.392,0.365,1.841,2,-0.402,0.488,1.678,2,-0.419,0.546,1.649,2,0.113,0.464,1.975,2,0.158,0.309,1.822,2,-0.037,0.376,1.719,2,-0.075,0.415,1.695,2,-0.133,0.039,2.081,2,-0.294,0.078,1.784,2,-0.233,-0.280,1.861,2,-0.212,-0.311,1.775,2,0.000,0.027,2.060,2,-0.022,-0.350,1.956,2,-0.029,-0.759,1.960,2,-0.077,-0.762,1.964,2,-0.022,0.462,1.985,2,-0.417,0.608,1.610,2,-0.368,0.531,1.634,2,-0.130,0.454,1.684,2,-0.087,0.421,1.733,0,0,0,0
1.731|kb,95608569885550000,6,25,0,1,72057594037972009,2,-0.062,0.036,2.084,2,-0.042,0.280,2.027,2,-0.020,0.518,1.957,2,-0.047,0.632,1.921,2,-0.188,0.441,1.986,2,-0.353,0.374,1.881,2,-0.445,0.462,1.687,2,-0.458,0.520,1.658,2,0.113,0.468,1.966,2,0.147,0.313,1.812,2,-0.035,0.366,1.743,2,-0.089,0.432,1.727,2,-0.127,0.039,2.064,2,-0.281,0.139,1.778,2,-0.250,-0.214,1.825,2,-0.243,-0.237,1.712,2,0.006,0.033,2.045,2,-0.037,-0.331,1.940,2,-0.033,-0.752,1.962,2,-0.080,-0.759,1.953,2,-0.026,0.460,1.977,2,-0.469,0.582,1.621,2,-0.400,0.523,1.639,2,-0.157,0.481,1.705,2,-0.086,0.465,1.718,0,0,0,0
1.777|kb,95608573279330000,6,25,0,1,72057594037972009,2,-0.062,0.042,2.069,2,-0.045,0.279,2.015,2,-0.027,0.509,1.947,2,-0.044,0.632,1.914,2,-0.196,0.441,1.971,2,-0.403,0.293,1.883,2,-0.474,0.465,1.683,2,-0.492,0.492,1.670,2,0.115,0.471,1.955,2,0.140,0.320,1.809,2,-0.046,0.372,1.752,2,-0.094,0.438,1.762,2,-0.127,0.042,2.047,2,-0.286,0.143,1.764,2,-0.228,-0.206,1.676,2,-0.292,-0.201,1.604,2,0.006,0.040,2.033,2,-0.042,-0.320,1.927,2,-0.042,-0.740,1.967,2,-0.108,-0.729,1.968,2,-0.031,0.453,1.967,2,-0.512,0.553,1.632,2,-0.436,0.504,1.646,2,-0.168,0.495,1.737,2,-0.133,0.484,1.713,0,0,0,0
1.799|kb,95608576578810000,6,25,0,1,72057594037972009,2,-0.067,0.046,2.057,2,-0.048,0.280,2.009,2,-0.028,0.509,1.946,2,-0.042,0.631,1.910,2,-0.195,0.441,1.967,2,-0.390,0.325,1.885,2,-0.508,0.450,1.695,2,-0.521,0.468,1.690,2,0.115,0.472,1.950,2,0.108,0.328,1.798,2,-0.072,0.402,1.752,1,-0.117,0.472,1.792,2,-0.133,0.046,2.031,1,-0.293,0.143,1.749,2,-0.245,-0.131,1.607,1,-0.323,-0.100,1.566,2,0.002,0.045,2.024,2,-0.043,-0.318,1.921,2,-0.049,-0.737,1.973,1,-0.112,-0.730,1.972,2,-0.033,0.453,1.965,2,-0.543,0.519,1.637,2,-0.470,0.473,1.665,2,-0.188,0.526,1.765,2,-0.109,0.434,1.770,0,0,0,0
1.843|kb,95608579885910000,6,25,0,1,72057594037972009,2,-0.072,0.046,2.044,2,-0.052,0.278,1.998,2,-0.032,0.504,1.940,2,-0.041,0.628,1.906,2,-0.212,0.392,1.869,2,-0.462,0.336,1.816,2,-0.566,0.434,1.675,2,-0.544,0.441,1.711,2,0.120,0.469,1.940,2,0.107,0.325,1.789,2,-0.073,0.406,1.775,1,-0.116,0.474,1.819,2,-0.140,0.044,2.009,1,-0.277,0.215,1.741,1,-0.225,-0.047,1.622,1,-0.290,-0.028,1.544,2,-0.002,0.045,2.018,2,-0.044,-0.323,1.911,2,-0.102,-0.737,2.006,1,-0.155,-0.730,2.002,2,-0.037,0.448,1.957,2,-0.571,0.493,1.665,2,-0.495,0.458,1.683,2,-0.167,0.522,1.796,2,-0.135,0.446,1.853,0,0,0,0
1.867|kb,95608583278920000,6,25,0,1,72057594037972009,2,-0.072,0.045,2.035,2,-0.052,0.278,1.995,2,-0.032,0.504,1.940,2,-0.038,0.626,1.906,2,-0.208,0.395,1.869,2,-0.422,0.314,1.872,2,-0.523,0.378,1.708,2,-0.560,0.418,1.733,2,0.120,0.469,1.940,2,0.104,0.330,1.785,2,-0.078,0.407,1.783,1,-0.117,0.473,1.836,2,-0.140,0.044,2.002,1,-0.276,0.214,1.739,1,-0.226,-0.040,1.626,1,-0.290,-0.029,1.542,2,-0.003,0.044,2.008,2,-0.046,-0.325,1.904,2,-0.079,-0.721,1.967,2,-0.126,-0.707,1.967,2,-0.036,0.449,1.956,2,-0.595,0.462,1.687,2,-0.513,0.434,1.700,2,-0.157,0.477,1.812,2,-0.212,0.382,1.758,0,0,0,0
1.910|kb,95608586578870000,6,25,0,1,72057594037972009,2,-0.067,0.045,2.023,2,-0.049,0.278,1.990,2,-0.031,0.504,1.940,2,-0.034,0.624,1.906,2,-0.203,0.401,1.874,2,-0.454,0.307,1.852,2,-0.537,0.379,1.682,2,-0.567,0.394,1.758,2,0.122,0.468,1.939,2,0.103,0.334,1.780,2,-0.078,0.410,1.791,1,-0.117,0.476,1.846,2,-0.135,0.044,1.993,1,-0.273,0.213,1.731,1,-0.224,-0.039,1.620,1,-0.286,-0.031,1.534,2,0.002,0.044,1.994,2,-0.048,-0.326,1.896,2,-0.120,-0.745,2.001,1,-0.165,-0.738,1.994,2,-0.036,0.449,1.955,2,-0.609,0.439,1.721,2,-0.526,0.417,1.718,2,-0.159,0.475,1.816,2,-0.211,0.386,1.755,0,0,0,0
1.933|kb,95608589885920000,6,25,0,1,72057594037972009,2,-0.065,0.043,2.017,2,-0.046,0.277,1.983,2,-0.027,0.503,1.937,2,-0.030,0.623,1.908,2,-0.211,0.399,1.847,2,-0.456,0.297,1.865,1,-0.574,0.371,1.707,2,-0.568,0.369,1.785,2,0.134,0.453,1.934,2,0.101,0.331,1.768,2,-0.066,0.420,1.813,1,-0.100,0.486,1.862,2,-0.133,0.043,1.989,2,-0.259,0.287,1.732,1,-0.209,0.034,1.620,1,-0.273,0.042,1.536,2,0.005,0.042,1.987,2,-0.051,-0.324,1.888,2,-0.076,-0.733,1.940,1,-0.124,-0.723,1.936,2,-0.032,0.448,1.951,2,-0.615,0.412,1.758,2,-0.532,0.398,1.741,2,-0.162,0.540,1.847,2,-0.124,0.466,1.857,0,0,0,0
1.976|kb,95608593279530000,6,25,0,1,72057594037972009,2,-0.064,0.039,2.010,2,-0.043,0.275,1.980,2,-0.024,0.502,1.936,2,-0.026,0.622,1.911,2,-0.211,0.398,1.846,2,-0.454,0.293,1.868,2,-0.625,0.339,1.778,2,-0.574,0.352,1.803,2,0.135,0.444,1.934,2,0.102,0.332,1.761,2,-0.056,0.424,1.824,1,-0.086,0.494,1.867,2,-0.131,0.041,1.984,2,-0.259,0.285,1.728,1,-0.210,0.032,1.614,1,-0.273,0.040,1.531,2,0.006,0.035,1.976,2,-0.056,-0.326,1.880,2,-0.087,-0.728,1.944,1,-0.134,-0.719,1.941,2,-0.029,0.446,1.949,2,-0.615,0.398,1.759,2,-0.528,0.370,1.764,2,-0.165,0.541,1.870,2,-0.086,0.427,1.893,0,0,0,0
2.004|kb,95608596579060000,6,25,0,1,72057594037972009,2,-0.067,0.036,2.001,2,-0.043,0.273,1.978,2,-0.021,0.500,1.938,2,-0.023,0.619,1.916,2,-0.167,0.437,1.978,2,-0.397,0.320,1.893,2,-0.576,0.314,1.804,2,-0.565,0.329,1.819,2,0.141,0.430,1.943,2,0.104,0.336,1.759,1,-0.053,0.424,1.829,1,-0.076,0.494,1.871,2,-0.134,0.040,1.979,2,-0.261,0.286,1.714,1,-0.211,0.032,1.600,1,-0.274,0.041,1.518,2,0.003,0.030,1.964,2,-0.063,-0.328,1.875,2,-0.087,-0.726,1.939,1,-0.136,-0.718,1.936,2,-0.027,0.445,1.950,2,-0.620,0.370,1.770,2,-0.532,0.362,1.771,2,-0.144,0.546,1.862,2,-0.099,0.475,1.889,0,0,0,0
2.051|kb,95608599888930000,6,25,0,1,72057594037972009,2,-0.071,0.034,1.993,2,-0.044,0.273,1.976,2,-0.020,0.502,1.940,2,-0.021,0.617,1.920,2,-0.167,0.437,1.978,1,-0.398,0.316,1.899,2,-0.577,0.300,1.811,2,-0.557,0.304,1.825,2,0.141,0.425,1.944,2,0.130,0.337,1.754,2,-0.026,0.425,1.828,1,-0.061,0.498,1.867,2,-0.138,0.040,1.974,2,-0.278,0.230,1.639,1,-0.227,-0.034,1.518,1,-0.291,-0.015,1.443,2,-0.002,0.026,1.952,2,-0.073,-0.329,1.869,2,-0.092,-0.722,1.933,1,-0.142,-0.715,1.930,2,-0.027,0.446,1.950,2,-0.614,0.338,1.775,2,-0.523,0.336,1.775,2,-0.144,0.542,1.871,2,-0.032,0.542,1.848,0,0,0,0
2.078|kb,95608603279210000,6,25,0,1,72057594037972009,2,-0.076,0.033,1.987,2,-0.045,0.273,1.975,2,-0.020,0.502,1.942,2,-0.019,0.615,1.926,2,-0.167,0.436,1.980,1,-0.399,0.312,1.905,2,-0.577,0.295,1.814,1,-0.589,0.303,1.822,2,0.142,0.418,1.947,2,0.141,0.344,1.750,2,-0.017,0.426,1.828,1,-0.052,0.497,1.870,2,-0.143,0.041,1.970,2,-0.285,0.220,1.629,1,-0.234,-0.045,1.506,1,-0.298,-0.024,1.433,2,-0.007,0.024,1.946,2,-0.078,-0.329,1.866,2,-0.091,-0.721,1.932,1,-0.142,-0.715,1.929,2,-0.027,0.446,1.951,2,-0.607,0.305,1.771,2,-0.577,0.316,1.767,2,-0.136,0.543,1.872,2,-0.024,0.539,1.856,0,0,0,0
2.100|kb,95608606579030000,6,25,0,1,72057594037972009,2,-0.082,0.032,1.981,2,-0.045,0.272,1.974,2,-0.012,0.499,1.948,2,-0.017,0.614,1.931,2,-0.168,0.433,1.992,1,-0.399,0.307,1.915,1,-0.576,0.289,1.820,1,-0.582,0.278,1.822,2,0.140,0.394,1.956,2,0.146,0.356,1.748,2,-0.007,0.446,1.828,1,-0.044,0.511,1.874,2,-0.149,0.041,1.965,2,-0.294,0.216,1.620,1,-0.242,-0.049,1.497,1,-0.306,-0.028,1.423,2,-0.013,0.021,1.939,2,-0.082,-0.329,1.864,2,-0.097,-0.728,1.928,1,-0.149,-0.725,1.925,2,-0.022,0.443,1.955,2,-0.596,0.278,1.777,2,-0.571,0.288,1.775,2,-0.129,0.543,1.879,2,-0.017,0.568,1.856,0,0,0,0
2.143|kb,95608609886940000,6,25,0,1,72057594037972009,2,-0.082,0.030,1.979,2,-0.044,0.270,1.973,2,-0.008,0.497,1.952,2,-0.014,0.612,1.935,2,-0.168,0.431,1.998,1,-0.399,0.303,1.920,1,-0.575,0.284,1.824,2,-0.557,0.251,1.834,2,0.140,0.379,1.961,2,0.151,0.369,1.750,2,-0.010,0.444,1.830,1,-0.043,0.508,1.876,2,-0.149,0.040,1.963,2,-0.325,0.180,1.583,1,-0.257,-0.153,1.430,1,-0.273,-0.151,1.325,2,-0.012,0.019,1.936,2,-0.085,-0.329,1.861,2,-0.099,-0.731,1.926,1,-0.151,-0.730,1.924,2,-0.018,0.442,1.958,2,-0.593,0.252,1.780,2,-0.512,0.274,1.769,2,-0.122,0.544,1.881,2,-0.022,0.563,1.862,0,0,0,0
2.166|kb,95608613278580000,6,25,0,1,72057594037972009,2,-0.084,0.029,1.974,2,-0.046,0.270,1.971,2,-0.009,0.499,1.952,2,-0.010,0.612,1.940,2,-0.168,0.432,1.998,1,-0.398,0.300,1.923,1,-0.575,0.278,1.828,2,-0.556,0.244,1.831,2,0.140,0.370,1.962,2,0.157,0.378,1.751,2,-0.002,0.446,1.842,1,-0.037,0.511,1.880,2,-0.151,0.040,1.958,2,-0.325,0.181,1.583,1,-0.249,-0.193,1.413,1,-0.272,-0.150,1.325,2,-0.014,0.016,1.931,2,-0.091,-0.332,1.858,2,-0.108,-0.739,1.937,1,-0.160,-0.743,1.935,2,-0.019,0.442,1.958,2,-0.587,0.238,1.785,2,-0.516,0.262,1.783,2,-0.125,0.541,1.897,2,-0.012,0.562,1.867,0,0,0,0
2.210|kb,95608616578920000,6,25,0,1,72057594037972009,2,-0.088,0.027,1.971,2,-0.047,0.269,1.970,2,-0.009,0.500,1.953,2,-0.006,0.612,1.944,2,-0.168,0.431,1.998,1,-0.397,0.297,1.926,1,-0.574,0.274,1.832,2,-0.556,0.243,1.818,2,0.140,0.366,1.963,2,0.160,0.383,1.753,2,-0.001,0.448,1.842,1,-0.034,0.515,1.884,2,-0.155,0.039,1.956,2,-0.318,0.189,1.591,1,-0.240,-0.199,1.414,1,-0.264,-0.143,1.333,2,-0.019,0.013,1.928,2,-0.092,-0.333,1.857,2,-0.112,-0.737,1.935,1,-0.164,-0.745,1.933,2,-0.019,0.443,1.958,2,-0.587,0.225,1.778,2,-0.501,0.253,1.775,2,-0.120,0.545,1.896,2,-0.013,0.567,1.870,0,0,0,0
2.234|kb,95608619885800000,6,25,0,1,72057594037972009,2,-0.089,0.026,1.971,2,-0.048,0.269,1.970,2,-0.010,0.500,1.954,2,-0.002,0.614,1.948,2,-0.165,0.430,2.004,1,-0.393,0.296,1.929,1,-0.570,0.270,1.835,1,-0.565,0.239,1.794,2,0.140,0.360,1.965,2,0.164,0.387,1.757,2,0.001,0.450,1.842,1,-0.031,0.517,1.888,2,-0.155,0.039,1.956,2,-0.317,0.193,1.596,1,-0.238,-0.202,1.413,1,-0.264,-0.138,1.337,2,-0.020,0.011,1.926,2,-0.095,-0.339,1.855,2,-0.113,-0.736,1.933,1,-0.165,-0.744,1.931,2,-0.020,0.443,1.959,2,-0.583,0.220,1.770,2,-0.517,0.248,1.755,2,-0.117,0.544,1.897,2,-0.012,0.566,1.873,0,0,0,0
2.276|kb,95608623279630000,6,25,0,1,72057594037972009,2,-0.089,0.025,1.970,2,-0.048,0.269,1.970,2,-0.010,0.501,1.955,2,0.003,0.616,1.953,2,-0.163,0.429,2.007,1,-0.391,0.295,1.931,1,-0.568,0.267,1.837,1,-0.552,0.215,1.797,2,0.140,0.356,1.966,2,0.169,0.389,1.759,2,0.003,0.448,1.843,1,-0.026,0.515,1.893,2,-0.155,0.039,1.956,2,-0.317,0.195,1.597,2,-0.585,0.065,1.292,1,-0.523,0.055,1.244,2,-0.022,0.008,1.924,2,-0.097,-0.341,1.853,2,-0.114,-0.741,1.933,1,-0.166,-0.749,1.931,2,-0.020,0.443,1.960,1,-0.570,0.196,1.773,1,-0.504,0.224,1.758,2,-0.110,0.542,1.897,2,-0.010,0.564,1.877,0,0,0,0
2.299|kb,95608626578720000,6,25,0,1,72057594037972009,2,-0.091,0.024,1.969,2,-0.047,0.267,1.971,2,-0.001,0.494,1.968,2,0.004,0.608,1.960,2,-0.163,0.430,2.009,2,-0.254,0.250,2.005,1,-0.353,0.383,1.888,1,-0.386,0.428,1.852,2,0.141,0.334,1.973,2,0.168,0.389,1.771,2,0.001,0.452,1.850,1,-0.030,0.519,1.901,2,-0.156,0.039,1.956,2,-0.320,0.196,1.597,2,-0.592,0.080,1.296,1,-0.522,0.058,1.243,2,-0.023,0.006,1.922,2,-0.098,-0.344,1.851,2,-0.114,-0.741,1.933,1,-0.166,-0.749,1.930,2,-0.013,0.438,1.969,1,-0.405,0.408,1.828,1,-0.340,0.435,1.813,2,-0.110,0.537,1.903,2,-0.011,0.568,1.880,0,0,0,0
2.344|kb,95608629885910000,6,25,0,1,72057594037972009,2,-0.088,0.023,1.966,2,-0.045,0.265,1.972,2,0.001,0.493,1.971,2,0.006,0.607,1.965,2,-0.163,0.430,2.013,2,-0.254,0.250,2.003,1,-0.354,0.384,1.888,1,-0.388,0.429,1.852,2,0.142,0.338,1.973,2,0.174,0.385,1.769,2,0.009,0.449,1.852,1,-0.023,0.512,1.904,2,-0.153,0.038,1.953,2,-0.318,0.200,1.602,1,-0.577,0.209,1.298,1,-0.519,0.156,1.229,2,-0.021,0.006,1.920,2,-0.098,-0.348,1.849,2,-0.114,-0.741,1.933,1,-0.166,-0.749,1.930,2,-0.011,0.437,1.972,1,-0.406,0.409,1.828,1,-0.340,0.435,1.813,2,-0.111,0.530,1.910,2,-0.006,0.566,1.882,0,0,0,0
2.366|kb,95608633278870000,6,25,0,1,72057594037972009,2,-0.086,0.023,1.963,2,-0.043,0.264,1.972,2,0.002,0.492,1.973,2,0.008,0.607,1.969,2,-0.163,0.431,2.010,2,-0.255,0.251,2.004,1,-0.355,0.384,1.887,1,-0.388,0.428,1.851,2,0.143,0.342,1.973,2,0.181,0.380,1.768,2,0.017,0.442,1.855,1,-0.017,0.503,1.906,2,-0.152,0.038,1.951,2,-0.318,0.202,1.605,2,-0.596,0.216,1.263,1,-0.513,0.155,1.228,2,-0.019,0.005,1.916,2,-0.098,-0.349,1.848,2,-0.111,-0.741,1.930,1,-0.164,-0.748,1.927,2,-0.010,0.436,1.973,1,-0.407,0.408,1.827,1,-0.340,0.435,1.813,2,-0.107,0.532,1.914,2,0.003,0.557,1.891,0,0,0,0
2.409|kb,95608636579040000,6,25,0,1,72057594037972009,2,-0.085,0.022,1.961,2,-0.043,0.263,1.972,2,0.002,0.490,1.977,2,0.009,0.607,1.974,2,-0.162,0.430,2.016,2,-0.258,0.252,1.999,2,-0.361,0.238,1.743,2,-0.357,0.305,1.737,2,0.145,0.337,1.975,2,0.184,0.375,1.771,1,0.020,0.436,1.859,1,-0.017,0.497,1.910,2,-0.150,0.038,1.948,2,-0.318,0.203,1.607,2,-0.587,0.223,1.259,1,-0.508,0.160,1.226,2,-0.018,0.005,1.915,2,-0.099,-0.351,1.847,2,-0.110,-0.741,1.927,1,-0.162,-0.747,1.924,2,-0.009,0.434,1.977,1,-0.376,0.285,1.713,1,-0.311,0.313,1.698,2,-0.106,0.531,1.909,2,0.005,0.551,1.898,0,0,0,0
2.431|kb,95608639890840000,6,25,0,1,72057594037972009,2,-0.085,0.022,1.958,2,-0.042,0.262,1.972,2,0.003,0.490,1.978,2,0.011,0.607,1.979,2,-0.162,0.431,2.013,2,-0.260,0.253,1.998,2,-0.360,0.255,1.740,2,-0.362,0.322,1.733,2,0.145,0.340,1.974,2,0.185,0.373,1.769,2,0.024,0.434,1.860,1,-0.013,0.493,1.912,2,-0.150,0.037,1.946,2,-0.320,0.204,1.607,1,-0.565,0.228,1.286,1,-0.507,0.163,1.224,2,-0.018,0.006,1.911,2,-0.098,-0.352,1.846,2,-0.110,-0.742,1.927,1,-0.163,-0.747,1.923,2,-0.008,0.434,1.977,1,-0.380,0.302,1.709,1,-0.315,0.330,1.694,2,-0.104,0.533,1.915,2,0.010,0.545,1.905,0,0,0,0
2.477|kb,95608643280340000,6,25,0,1,72057594037972009,2,-0.085,0.022,1.956,2,-0.042,0.262,1.972,2,0.004,0.490,1.979,2,0.013,0.608,1.984,2,-0.162,0.430,2.013,2,-0.262,0.254,1.993,2,-0.358,0.267,1.735,2,-0.541,0.354,1.263,2,0.145,0.341,1.973,2,0.188,0.370,1.769,2,0.030,0.430,1.866,1,-0.010,0.488,1.915,2,-0.150,0.037,1.945,2,-0.324,0.203,1.607,1,-0.566,0.226,1.280,1,-0.509,0.162,1.222,2,-0.018,0.006,1.908,2,-0.098,-0.353,1.845,2,-0.111,-0.743,1.929,1,-0.163,-0.749,1.925,2,-0.008,0.434,1.979,2,-0.576,0.326,1.243,2,-0.543,0.427,1.289,2,-0.100,0.534,1.917,2,0.018,0.529,1.916,0,0,0,0
2.499|kb,95608646579020000,6,25,0,1,72057594037972009,2,-0.086,0.022,1.952,2,-0.041,0.262,1.972,2,0.005,0.490,1.981,2,0.016,0.608,1.989,2,-0.157,0.429,2.020,2,-0.262,0.258,1.986,1,-0.359,0.270,1.728,2,-0.531,0.387,1.256,2,0.144,0.342,1.973,2,0.191,0.368,1.769,2,0.034,0.427,1.868,1,-0.008,0.483,1.918,2,-0.150,0.037,1.941,2,-0.326,0.201,1.609,2,-0.537,0.315,1.273,1,-0.487,0.242,1.222,2,-0.019,0.006,1.905,2,-0.096,-0.354,1.844,2,-0.111,-0.745,1.930,1,-0.163,-0.750,1.927,2,-0.007,0.434,1.979,2,-0.571,0.340,1.218,2,-0.536,0.446,1.265,2,-0.099,0.532,1.921,2,0.022,0.522,1.924,0,0,0,0
2.546|kb,95608649888290000,6,25,0,1,72057594037972009,2,-0.085,0.020,1.950,2,-0.039,0.260,1.973,2,0.011,0.487,1.989,2,0.022,0.606,1.997,2,-0.155,0.428,2.024,2,-0.264,0.260,1.983,2,-0.372,0.264,1.728,1,-0.312,0.254,1.636,2,0.145,0.338,1.974,2,0.189,0.367,1.769,1,0.033,0.426,1.868,1,-0.011,0.476,1.919,2,-0.149,0.035,1.939,2,-0.322,0.185,1.635,1,-0.519,0.307,1.299,1,-0.475,0.231,1.245,2,-0.018,0.004,1.901,2,-0.093,-0.355,1.843,2,-0.111,-0.746,1.932,1,-0.163,-0.750,1.928,2,-0.001,0.431,1.986,2,-0.320,0.258,1.608,2,-0.318,0.261,1.599,2,-0.093,0.530,1.924,2,0.020,0.513,1.929,0,0,0,0
2.568|kb,95608653279120000,6,25,0,1,72057594037972009,2,-0.083,0.020,1.946,2,-0.036,0.259,1.973,2,0.015,0.486,1.992,2,0.033,0.606,2.003,2,-0.150,0.428,2.024,2,-0.263,0.264,1.981,2,-0.334,0.255,1.713,1,-0.309,0.244,1.635,2,0.154,0.336,1.979,2,0.184,0.361,1.771,1,0.031,0.423,1.873,1,-0.019,0.469,1.917,2,-0.147,0.035,1.935,2,-0.320,0.180,1.640,2,-0.488,0.364,1.323,1,-0.451,0.278,1.264,2,-0.017,0.004,1.899,2,-0.089,-0.362,1.843,2,-0.110,-0.746,1.936,1,-0.162,-0.750,1.931,2,0.002,0.430,1.988,2,-0.322,0.249,1.599,2,-0.321,0.263,1.601,2,-0.105,0.524,1.929,2,0.023,0.502,1.936,0,0,0,0
2.611|kb,95608656582580000,6,25,0,1,72057594037972009,2,-0.079,0.021,1.943,2,-0.033,0.259,1.972,2,0.016,0.486,1.992,2,0.044,0.606,2.009,2,-0.147,0.429,2.020,2,-0.262,0.264,1.981,2,-0.333,0.255,1.714,1,-0.307,0.247,1.633,2,0.156,0.342,1.978,2,0.188,0.343,1.769,1,0.037,0.411,1.876,1,-0.026,0.450,1.910,2,-0.143,0.037,1.927,2,-0.317,0.176,1.643,2,-0.475,0.364,1.327,1,-0.442,0.275,1.265,2,-0.013,0.004,1.898,2,-0.081,-0.356,1.841,2,-0.109,-0.749,1.939,1,-0.161,-0.752,1.934,2,0.004,0.430,1.988,2,-0.323,0.259,1.605,2,-0.321,0.264,1.600,2,-0.103,0.506,1.926,2,0.026,0.491,1.943,0,0,0,0
2.633|kb,95608659886000000,6,25,0,1,72057594037972009,2,-0.079,0.019,1.939,2,-0.031,0.258,1.971,2,0.020,0.487,1.993,2,0.056,0.603,2.016,2,-0.144,0.429,2.014,2,-0.261,0.265,1.982,2,-0.332,0.253,1.715,1,-0.305,0.245,1.632,2,0.158,0.341,1.980,2,0.225,0.300,1.784,2,0.043,0.363,1.830,2,-0.003,0.393,1.883,2,-0.143,0.036,1.919,2,-0.315,0.176,1.643,2,-0.470,0.367,1.328,1,-0.438,0.278,1.263,2,-0.012,0.002,1.897,2,-0.077,-0.357,1.840,2,-0.109,-0.749,1.941,1,-0.160,-0.751,1.935,2,0.007,0.430,1.989,2,-0.325,0.265,1.614,2,-0.323,0.270,1.609,2,-0.072,0.452,1.896,2,0.003,0.343,1.918,0,0,0,0
2.676|kb,95608663278920000,6,25,0,1,72057594037972009,2,-0.077,0.014,1.933,2,-0.023,0.254,1.972,2,0.040,0.483,2.006,2,0.066,0.600,2.019,2,-0.142,0.427,2.010,2,-0.260,0.264,1.983,2,-0.333,0.248,1.716,1,-0.303,0.244,1.628,2,0.161,0.341,1.981,1,0.252,0.273,1.804,2,0.054,0.352,1.826,1,0.001,0.370,1.865,2,-0.143,0.032,1.915,2,-0.315,0.176,1.643,2,-0.466,0.370,1.317,1,-0.433,0.281,1.249,2,-0.009,-0.005,1.892,2,-0.074,-0.358,1.838,2,-0.107,-0.752,1.941,2,-0.148,-0.764,1.915,2,0.024,0.426,1.998,2,-0.317,0.234,1.599,2,-0.319,0.267,1.612,2,-0.070,0.432,1.882,2,0.000,0.333,1.915,0,0,0,0
2.699|kb,95608666579140000,6,25,0,1,72057594037972009,2,-0.076,0.008,1.930,2,-0.010,0.243,1.979,2,0.065,0.467,2.032,2,0.073,0.588,2.026,2,-0.116,0.410,2.006,2,-0.261,0.269,1.984,2,-0.333,0.250,1.718,1,-0.304,0.246,1.627,2,0.186,0.334,1.999,1,0.223,0.345,1.791,2,0.029,0.343,1.833,1,-0.020,0.363,1.874,2,-0.143,0.029,1.910,2,-0.313,0.173,1.644,2,-0.464,0.369,1.317,1,-0.425,0.281,1.248,2,-0.007,-0.013,1.891,2,-0.072,-0.360,1.836,2,-0.093,-0.755,1.930,1,-0.145,-0.760,1.906,2,0.047,0.412,2.020,2,-0.319,0.247,1.605,2,-0.319,0.271,1.612,2,-0.093,0.420,1.885,2,-0.007,0.316,1.920,0,0,0,0
2.743|kb,95608669885850000,6,25,0,1,72057594037972009,2,-0.077,0.006,1.929,2,-0.008,0.240,1.981,2,0.066,0.466,2.033,2,0.080,0.580,2.030,2,-0.118,0.410,2.006,2,-0.260,0.266,1.986,2,-0.332,0.248,1.719,1,-0.303,0.244,1.627,2,0.184,0.340,1.997,2,0.183,0.268,1.798,2,0.003,0.339,1.839,1,-0.047,0.368,1.882,2,-0.144,0.027,1.909,2,-0.310,0.172,1.646,2,-0.462,0.366,1.317,1,-0.425,0.281,1.246,2,-0.007,-0.015,1.891,2,-0.071,-0.361,1.835,2,-0.086,-0.754,1.921,2,-0.139,-0.752,1.911,2,0.048,0.410,2.021,2,-0.333,0.286,1.590,2,-0.331,0.284,1.580,2,-0.113,0.441,1.870,2,-0.041,0.320,1.927,0,0,0,0
2.766|kb,95608673278980000,6,25,0,1,72057594037972009,2,-0.077,0.004,1.929,2,-0.007,0.238,1.983,2,0.068,0.463,2.034,2,0.085,0.577,2.031,2,-0.120,0.410,2.006,2,-0.256,0.261,1.989,2,-0.329,0.245,1.722,1,-0.301,0.242,1.628,2,0.186,0.342,1.998,1,0.238,0.181,1.876,2,0.047,0.319,1.826,1,-0.005,0.335,1.853,2,-0.143,0.026,1.908,2,-0.310,0.172,1.644,2,-0.461,0.362,1.315,1,-0.424,0.278,1.244,2,-0.008,-0.019,1.892,2,-0.070,-0.362,1.833,2,-0.078,-0.719,1.905,1,-0.070,-0.729,1.775,2,0.049,0.408,2.023,2,-0.312,0.249,1.611,2,-0.316,0.264,1.609,2,-0.073,0.396,1.862,2,-0.013,0.311,1.908,0,0,0,0
2.809|kb,95608676579070000,6,25,0,1,72057594037972009,2,-0.074,-0.001,1.932,2,-0.003,0.233,1.986,2,0.069,0.461,2.035,2,0.090,0.574,2.033,2,-0.119,0.408,2.006,2,-0.258,0.260,1.989,2,-0.328,0.244,1.722,1,-0.301,0.239,1.627,2,0.188,0.345,2.000,1,0.235,0.183,1.877,2,0.045,0.309,1.827,1,-0.008,0.329,1.853,2,-0.140,0.021,1.911,2,-0.311,0.171,1.643,2,-0.461,0.360,1.315,1,-0.424,0.277,1.243,2,-0.006,-0.024,1.894,2,-0.070,-0.363,1.832,2,-0.078,-0.724,1.906,2,-0.134,-0.749,1.905,2,0.051,0.405,2.024,2,-0.312,0.244,1.611,2,-0.315,0.261,1.609,2,-0.078,0.394,1.854,2,-0.011,0.302,1.911,0,0,0,0
2.832|kb,95608679885730000,6,25,0,1,72057594037972009,2,-0.083,-0.004,1.930,2,-0.005,0.232,1.987,2,0.070,0.459,2.036,2,0.093,0.571,2.033,2,-0.111,0.397,2.004,2,-0.260,0.261,1.990,2,-0.328,0.246,1.722,1,-0.303,0.239,1.625,2,0.189,0.347,2.001,1,0.237,0.182,1.882,2,0.043,0.304,1.826,1,-0.009,0.325,1.852,2,-0.146,0.018,1.913,2,-0.312,0.171,1.641,2,-0.461,0.357,1.313,1,-0.423,0.275,1.242,2,-0.020,-0.027,1.885,2,-0.072,-0.363,1.829,2,-0.079,-0.729,1.906,1,-0.137,-0.748,1.901,2,0.051,0.403,2.025,2,-0.312,0.245,1.609,2,-0.318,0.257,1.608,2,-0.079,0.395,1.857,2,-0.011,0.296,1.911,0,0,0,0
2.876|kb,95608683279730000,6,25,0,1,72057594037972009,2,-0.087,-0.010,1.931,2,-0.005,0.224,1.990,2,0.074,0.448,2.041,2,0.094,0.563,2.036,2,-0.098,0.382,2.004,2,-0.261,0.264,1.991,2,-0.328,0.248,1.723,1,-0.305,0.238,1.627,2,0.193,0.348,2.008,1,0.232,0.187,1.880,2,0.043,0.302,1.826,1,-0.010,0.323,1.849,2,-0.150,0.005,1.917,2,-0.312,0.163,1.645,1,-0.461,0.344,1.320,1,-0.422,0.262,1.249,2,-0.023,-0.029,1.885,2,-0.074,-0.364,1.828,2,-0.083,-0.730,1.900,1,-0.143,-0.744,1.891,2,0.054,0.393,2.030,2,-0.317,0.252,1.615,2,-0.318,0.254,1.606,2,-0.078,0.389,1.852,2,-0.025,0.304,1.913,0,0,0,0
2.899|kb,95608686579040000,6,25,0,1,72057594037972009,2,-0.096,-0.012,1.931,2,-0.008,0.221,1.990,2,0.075,0.444,2.042,2,0.095,0.561,2.036,2,-0.095,0.379,2.005,2,-0.260,0.264,1.992,2,-0.327,0.249,1.724,1,-0.305,0.239,1.628,2,0.195,0.348,2.012,2,0.230,0.190,1.879,2,0.042,0.299,1.826,1,-0.010,0.320,1.845,2,-0.156,0.004,1.919,2,-0.314,0.163,1.643,1,-0.462,0.343,1.318,1,-0.422,0.262,1.247,2,-0.033,-0.030,1.884,2,-0.079,-0.366,1.825,2,-0.085,-0.734,1.900,1,-0.145,-0.746,1.890,2,0.054,0.390,2.030,2,-0.315,0.250,1.616,2,-0.318,0.253,1.608,2,-0.079,0.391,1.848,2,-0.011,0.291,1.908,0,0,0,0
2.943|kb,95608689886480000,6,25,0,1,72057594037972009,2,-0.101,-0.012,1.931,2,-0.009,0.220,1.991,2,0.075,0.442,2.043,2,0.096,0.560,2.035,2,-0.094,0.377,2.008,2,-0.261,0.264,1.994,2,-0.327,0.250,1.726,1,-0.306,0.237,1.631,2,0.195,0.349,2.015,2,0.227,0.194,1.876,2,0.046,0.292,1.823,1,-0.007,0.313,1.842,2,-0.163,0.007,1.919,2,-0.315,0.163,1.642,1,-0.463,0.343,1.317,1,-0.423,0.262,1.247,2,-0.036,-0.031,1.884,2,-0.083,-0.369,1.825,2,-0.089,-0.734,1.897,1,-0.149,-0.742,1.887,2,0.054,0.388,2.031,2,-0.320,0.242,1.612,2,-0.320,0.253,1.608,2,-0.077,0.381,1.840,2,-0.005,0.283,1.908,0,0,0,0
2.965|kb,95608693278930000,6,25,0,1,72057594037972009,2,-0.102,-0.008,1.934,2,-0.010,0.220,1.992,2,0.075,0.440,2.043,2,0.096,0.559,2.035,2,-0.097,0.378,2.014,2,-0.263,0.264,1.996,2,-0.328,0.250,1.727,1,-0.306,0.239,1.637,2,0.195,0.349,2.016,2,0.222,0.201,1.870,2,0.046,0.288,1.821,1,-0.008,0.309,1.835,2,-0.164,0.013,1.918,2,-0.320,0.171,1.636,2,-0.466,0.343,1.312,1,-0.426,0.261,1.243,2,-0.038,-0.027,1.895,2,-0.086,-0.371,1.826,2,-0.092,-0.738,1.900,1,-0.152,-0.744,1.889,2,0.054,0.387,2.032,2,-0.320,0.249,1.617,2,-0.319,0.258,1.610,2,-0.077,0.375,1.832,2,-0.020,0.290,1.914,0,0,0,0
3.009|kb,95608696579490000,6,25,0,1,72057594037972009,2,-0.100,-0.005,1.940,2,-0.010,0.220,1.994,2,0.075,0.440,2.043,2,0.095,0.559,2.033,2,-0.103,0.379,2.028,2,-0.267,0.264,1.997,2,-0.331,0.248,1.728,2,-0.301,0.244,1.641,2,0.194,0.350,2.017,2,0.186,0.215,1.854,2,0.010,0.303,1.810,1,-0.042,0.328,1.827,2,-0.162,0.015,1.919,2,-0.322,0.175,1.634,2,-0.468,0.342,1.310,1,-0.432,0.259,1.242,2,-0.035,-0.025,1.906,2,-0.086,-0.372,1.826,2,-0.092,-0.740,1.903,1,-0.152,-0.745,1.892,2,0.054,0.386,2.032,2,-0.317,0.267,1.618,2,-0.316,0.267,1.610,2,-0.116,0.388,1.822,2,-0.040,0.296,1.876,0,0,0,0
3.033|kb,95608699885850000,6,25,0,1,72057594037972009,2,-0.097,-0.001,1.948,2,-0.011,0.221,1.997,2,0.072,0.439,2.043,2,0.090,0.559,2.026,2,-0.115,0.391,2.041,2,-0.271,0.267,2.001,2,-0.361,0.294,1.741,1,-0.300,0.292,1.664,2,0.192,0.352,2.018,2,0.196,0.224,1.850,2,0.011,0.292,1.807,2,-0.060,0.332,1.811,2,-0.159,0.020,1.926,2,-0.328,0.190,1.629,1,-0.476,0.349,1.299,1,-0.442,0.266,1.235,2,-0.033,-0.022,1.913,2,-0.086,-0.372,1.828,2,-0.093,-0.742,1.904,1,-0.152,-0.745,1.892,2,0.051,0.386,2.033,2,-0.304,0.291,1.644,1,-0.320,0.299,1.642,2,-0.139,0.379,1.809,2,-0.041,0.279,1.842,0,0,0,0
3.077|kb,95608703279340000,6,25,0,1,72057594037972009,2,-0.088,0.000,1.963,2,-0.012,0.221,2.001,2,0.066,0.438,2.042,2,0.078,0.560,2.013,2,-0.119,0.395,2.043,2,-0.275,0.270,2.003,2,-0.367,0.291,1.743,1,-0.379,0.357,1.743,2,0.190,0.354,2.015,2,0.197,0.225,1.849,2,0.010,0.282,1.795,2,-0.057,0.323,1.787,2,-0.148,0.019,1.947,2,-0.328,0.204,1.630,1,-0.480,0.360,1.293,1,-0.445,0.277,1.235,2,-0.026,-0.021,1.922,2,-0.084,-0.370,1.829,2,-0.093,-0.743,1.904,1,-0.152,-0.745,1.892,2,0.048,0.385,2.033,1,-0.383,0.357,1.723,1,-0.398,0.364,1.720,2,-0.136,0.363,1.786,2,-0.034,0.268,1.831,0,0,0,0
3.102|kb,95608706578780000,6,25,0,1,72057594037972009,2,-0.089,0.002,1.965,2,-0.014,0.223,2.003,2,0.058,0.439,2.039,2,0.063,0.562,2.000,2,-0.128,0.400,2.043,2,-0.284,0.276,2.009,2,-0.224,0.143,1.800,2,-0.258,0.155,1.755,2,0.186,0.356,2.011,2,0.198,0.223,1.848,2,0.011,0.252,1.771,2,-0.029,0.294,1.767,2,-0.151,0.023,1.946,2,-0.334,0.228,1.620,2,-0.532,0.159,1.251,1,-0.479,0.116,1.219,2,-0.024,-0.018,1.930,2,-0.083,-0.370,1.833,2,-0.093,-0.743,1.904,2,-0.150,-0.747,1.892,2,0.042,0.386,2.032,2,-0.289,0.171,1.708,2,-0.253,0.202,1.713,2,-0.102,0.347,1.736,2,-0.033,0.303,1.795,0,0,0,0
3.145|kb,95608709887670000,6,25,0,1,72057594037972009,2,-0.091,0.005,1.970,2,-0.019,0.226,2.004,2,0.046,0.443,2.031,2,0.048,0.564,1.987,2,-0.132,0.402,2.040,2,-0.293,0.282,2.015,2,-0.217,0.196,1.792,2,-0.253,0.197,1.754,2,0.179,0.362,2.007,2,0.200,0.223,1.850,2,0.018,0.241,1.761,2,-0.038,0.293,1.735,2,-0.154,0.026,1.949,2,-0.323,0.254,1.631,2,-0.570,0.134,1.296,1,-0.506,0.117,1.260,2,-0.024,-0.015,1.936,2,-0.082,-0.362,1.841,2,-0.092,-0.743,1.903,2,-0.146,-0.750,1.888,2,0.031,0.390,2.027,2,-0.290,0.198,1.701,2,-0.247,0.245,1.712,2,-0.097,0.326,1.725,2,-0.045,0.329,1.722,0,0,0,0
3.167|kb,95608713278880000,6,25,0,1,72057594037972009,2,-0.095,0.013,1.980,2,-0.027,0.232,2.007,2,0.034,0.446,2.026,2,0.029,0.567,1.974,2,-0.139,0.406,2.035,1,-0.295,0.278,2.019,2,-0.469,0.363,1.825,2,-0.529,0.386,1.781,2,0.171,0.367,2.002,2,0.203,0.223,1.853,2,0.029,0.230,1.744,2,-0.016,0.265,1.714,2,-0.161,0.033,1.958,2,-0.318,0.252,1.633,1,-0.565,0.120,1.305,1,-0.501,0.114,1.262,2,-0.026,-0.008,1.944,2,-0.080,-0.356,1.848,2,-0.092,-0.744,1.902,2,-0.144,-0.751,1.888,2,0.020,0.394,2.023,2,-0.567,0.439,1.740,2,-0.489,0.418,1.740,2,-0.074,0.298,1.691,2,-0.023,0.299,1.698,0,0,0,0
3.209|kb,95608716581100000,6,25,0,1,72057594037972009,2,-0.100,0.018,1.988,2,-0.028,0.236,2.010,2,0.037,0.450,2.026,2,0.017,0.570,1.963,2,-0.138,0.405,2.024,1,-0.296,0.283,2.025,1,-0.461,0.398,1.840,2,-0.525,0.423,1.769,2,0.171,0.367,2.000,2,0.216,0.223,1.855,2,0.052,0.197,1.737,2,-0.012,0.245,1.688,2,-0.168,0.039,1.967,2,-0.295,0.237,1.655,1,-0.543,0.100,1.333,1,-0.476,0.096,1.285,2,-0.029,-0.004,1.950,2,-0.080,-0.352,1.854,2,-0.091,-0.745,1.902,2,-0.138,-0.756,1.881,2,0.021,0.398,2.024,2,-0.562,0.467,1.711,2,-0.474,0.450,1.733,2,-0.061,0.264,1.669,2,-0.010,0.245,1.640,0,0,0,0
3.231|kb,95608719885760000,6,25,0,1,72057594037972009,2,-0.099,0.020,1.995,2,-0.030,0.239,2.012,2,0.032,0.454,2.022,2,0.003,0.569,1.958,2,-0.138,0.405,2.020,2,-0.375,0.328,1.903,1,-0.526,0.451,1.764,1,-0.544,0.477,1.758,2,0.169,0.368,1.997,2,0.220,0.223,1.856,2,0.062,0.177,1.734,2,-0.001,0.217,1.666,2,-0.167,0.040,1.971,1,-0.290,0.233,1.661,1,-0.537,0.095,1.342,1,-0.471,0.092,1.291,2,-0.027,0.000,1.962,2,-0.079,-0.351,1.855,2,-0.089,-0.747,1.904,2,-0.138,-0.755,1.879,2,0.017,0.401,2.022,2,-0.545,0.493,1.705,2,-0.515,0.493,1.721,2,-0.039,0.229,1.645,2,0.026,0.193,1.648,0,0,0,0
3.276|kb,95608723279370000,6,25,0,1,72057594037972009,2,-0.100,0.020,1.999,2,-0.040,0.242,2.011,2,0.006,0.460,2.006,2,-0.010,0.576,1.943,2,-0.155,0.404,2.011,2,-0.394,0.345,1.886,2,-0.517,0.447,1.762,2,-0.528,0.481,1.766,2,0.142,0.387,1.981,2,0.220,0.231,1.868,2,0.089,0.154,1.730,2,0.008,0.191,1.650,2,-0.169,0.039,1.974,1,-0.292,0.231,1.664,2,-0.321,-0.226,1.773,2,-0.317,-0.278,1.660,2,-0.028,0.002,1.966,2,-0.078,-0.350,1.859,2,-0.088,-0.751,1.908,2,-0.140,-0.757,1.876,2,-0.005,0.406,2.010,2,-0.531,0.509,1.711,2,-0.525,0.489,1.758,2,-0.027,0.196,1.628,2,0.023,0.178,1.613,0,0,0,0
3.299|kb,95608726579580000,6,25,0,1,72057594037972009,2,-0.103,0.021,2.004,2,-0.046,0.243,2.011,2,0.002,0.460,2.003,2,-0.019,0.575,1.936,2,-0.159,0.404,2.009,2,-0.398,0.345,1.886,2,-0.518,0.450,1.761,1,-0.528,0.487,1.772,2,0.140,0.389,1.979,2,0.220,0.232,1.868,2,0.093,0.151,1.729,2,0.008,0.175,1.638,2,-0.171,0.038,1.980,1,-0.294,0.226,1.669,1,-0.320,-0.232,1.779,2,-0.312,-0.254,1.648,2,-0.031,0.004,1.971,2,-0.076,-0.350,1.862,2,-0.086,-0.752,1.909,2,-0.139,-0.756,1.882,2,-0.009,0.407,2.008,2,-0.528,0.510,1.719,2,-0.518,0.492,1.766,2,-0.021,0.173,1.617,2,0.038,0.155,1.615,0,0,0,0
3.337|kb,95608729886200000,6,25,0,1,72057594037972009,2,-0.110,0.013,2.011,2,-0.052,0.240,2.010,2,-0.002,0.460,2.000,2,-0.026,0.574,1.928,2,-0.153,0.387,1.986,2,-0.413,0.333,1.885,2,-0.465,0.411,1.816,2,-0.504,0.458,1.780,2,0.141,0.387,1.978,2,0.222,0.229,1.857,2,0.104,0.134,1.709,2,0.007,0.168,1.631,2,-0.180,0.014,1.996,1,-0.296,0.225,1.672,1,-0.321,-0.219,1.777,1,-0.313,-0.248,1.661,2,-0.037,0.005,1.975,2,-0.066,-0.347,1.868,2,-0.080,-0.740,1.907,2,-0.114,-0.730,1.895,2,-0.014,0.406,2.004,2,-0.523,0.505,1.732,2,-0.531,0.427,1.771,2,-0.026,0.164,1.613,2,-0.025,0.209,1.656,0,0,0,0
3.378|kb,95608733280110000,6,25,0,1,72057594037972009,2,-0.108,0.010,2.016,2,-0.055,0.239,2.010,2,-0.012,0.459,1.994,2,-0.034,0.574,1.922,2,-0.208,0.358,1.921,2,-0.440,0.322,1.886,2,-0.472,0.394,1.823,2,-0.504,0.445,1.782,2,0.127,0.389,1.968,2,0.214,0.246,1.859,2,0.091,0.155,1.706,2,0.003,0.168,1.624,2,-0.175,0.006,2.002,1,-0.298,0.224,1.677,1,-0.322,-0.213,1.779,1,-0.314,-0.247,1.662,2,-0.037,0.007,1.978,2,-0.060,-0.341,1.873,2,-0.075,-0.733,1.904,2,-0.111,-0.726,1.894,2,-0.022,0.405,2.001,2,-0.523,0.494,1.729,2,-0.532,0.414,1.775,2,-0.031,0.163,1.604,2,-0.031,0.210,1.647,0,0,0,0
3.400|kb,95608736578910000,6,25,0,1,72057594037972009,2,-0.106,0.008,2.023,2,-0.057,0.238,2.011,2,-0.016,0.459,1.992,2,-0.041,0.573,1.917,2,-0.206,0.359,1.924,2,-0.442,0.313,1.897,2,-0.473,0.388,1.827,2,-0.505,0.436,1.779,2,0.121,0.390,1.963,2,0.209,0.255,1.852,2,0.091,0.156,1.705,2,0.001,0.170,1.620,2,-0.174,0.002,2.009,1,-0.294,0.222,1.687,1,-0.317,-0.207,1.785,1,-0.310,-0.245,1.668,2,-0.035,0.008,1.982,2,-0.057,-0.339,1.877,2,-0.068,-0.730,1.901,2,-0.105,-0.723,1.898,2,-0.025,0.404,1.999,2,-0.524,0.483,1.730,2,-0.532,0.405,1.770,2,-0.038,0.165,1.594,2,-0.040,0.212,1.638,0,0,0,0
3.442|kb,95608739886610000,6,25,0,1,72057594037972009,2,-0.104,0.004,2.032,2,-0.059,0.237,2.013,2,-0.019,0.459,1.991,2,-0.048,0.573,1.914,2,-0.206,0.359,1.927,2,-0.440,0.305,1.906,2,-0.506,0.424,1.775,2,-0.503,0.429,1.775,2,0.119,0.390,1.961,2,0.195,0.258,1.840,2,0.090,0.157,1.702,2,-0.006,0.171,1.608,2,-0.174,-0.002,2.018,1,-0.296,0.221,1.697,1,-0.319,-0.203,1.793,1,-0.312,-0.245,1.676,2,-0.032,0.007,1.989,2,-0.057,-0.328,1.885,2,-0.064,-0.721,1.900,2,-0.099,-0.718,1.895,2,-0.028,0.404,1.999,2,-0.520,0.478,1.716,2,-0.532,0.404,1.763,2,-0.046,0.167,1.582,2,-0.047,0.215,1.629,0,0,0,0
3.466|kb,95608743278980000,6,25,0,1,72057594037972009,2,-0.102,-0.001,2.042,2,-0.060,0.235,2.016,2,-0.021,0.458,1.990,2,-0.055,0.573,1.911,2,-0.206,0.361,1.933,2,-0.433,0.254,1.945,2,-0.490,0.395,1.799,2,-0.499,0.427,1.768,2,0.117,0.391,1.959,2,0.192,0.260,1.836,2,0.092,0.159,1.701,2,-0.009,0.169,1.600,2,-0.173,-0.007,2.030,1,-0.295,0.216,1.708,1,-0.318,-0.200,1.803,2,-0.328,-0.243,1.711,2,-0.029,0.004,1.997,2,-0.057,-0.325,1.890,2,-0.057,-0.723,1.898,2,-0.096,-0.721,1.896,2,-0.030,0.404,1.999,2,-0.513,0.478,1.707,2,-0.531,0.411,1.751,2,-0.047,0.164,1.571,2,-0.053,0.211,1.618,0,0,0,0
3.510|kb,95608746579740000,6,25,0,1,72057594037972009,2,-0.100,-0.004,2.056,2,-0.063,0.233,2.022,2,-0.028,0.459,1.988,2,-0.061,0.573,1.910,2,-0.209,0.364,1.937,2,-0.434,0.254,1.947,2,-0.487,0.396,1.789,2,-0.489,0.428,1.757,2,0.114,0.391,1.958,2,0.188,0.262,1.832,2,0.087,0.158,1.694,2,-0.009,0.163,1.596,2,-0.172,-0.010,2.046,1,-0.293,0.212,1.726,1,-0.316,-0.216,1.825,2,-0.336,-0.285,1.746,2,-0.026,0.001,2.009,2,-0.057,-0.324,1.895,2,-0.055,-0.724,1.900,2,-0.093,-0.725,1.902,2,-0.036,0.403,1.999,2,-0.498,0.480,1.695,2,-0.427,0.439,1.730,2,-0.048,0.159,1.565,2,-0.053,0.205,1.612,0,0,0,0
3.532|kb,95608749886070000,6,25,0,1,72057594037972009,2,-0.095,-0.007,2.070,2,-0.063,0.231,2.028,2,-0.029,0.459,1.988,2,-0.068,0.573,1.909,2,-0.217,0.385,1.977,2,-0.439,0.302,1.901,2,-0.484,0.413,1.753,2,-0.473,0.429,1.740,2,0.112,0.392,1.957,2,0.186,0.264,1.830,2,0.087,0.156,1.689,2,-0.007,0.151,1.585,2,-0.167,-0.011,2.060,1,-0.286,0.210,1.739,1,-0.310,-0.253,1.848,2,-0.329,-0.320,1.797,2,-0.020,-0.004,2.024,2,-0.055,-0.323,1.903,2,-0.053,-0.724,1.901,2,-0.089,-0.723,1.906,2,-0.036,0.403,1.999,2,-0.481,0.479,1.678,2,-0.412,0.436,1.718,2,-0.043,0.145,1.560,2,-0.049,0.192,1.605,0,0,0,0
3.576|kb,95608753279040000,6,25,0,1,72057594037972009,2,-0.092,-0.003,2.079,2,-0.065,0.232,2.031,2,-0.038,0.458,1.985,2,-0.076,0.573,1.905,2,-0.240,0.389,2.001,2,-0.442,0.301,1.890,2,-0.462,0.411,1.737,2,-0.454,0.428,1.719,2,0.095,0.398,1.944,2,0.184,0.266,1.832,2,0.130,0.142,1.699,2,0.005,0.135,1.577,2,-0.164,-0.005,2.070,2,-0.278,0.180,1.815,2,-0.320,-0.315,1.960,2,-0.315,-0.352,1.861,2,-0.019,0.000,2.031,2,-0.054,-0.323,1.911,2,-0.053,-0.729,1.901,2,-0.088,-0.728,1.920,2,-0.043,0.403,1.998,2,-0.449,0.481,1.653,2,-0.393,0.431,1.704,2,-0.027,0.126,1.552,2,-0.033,0.171,1.597,0,0,0,0
3.599|kb,95608756579080000,6,25,0,1,72057594037972009,2,-0.095,0.000,2.094,2,-0.065,0.232,2.037,2,-0.038,0.458,1.984,2,-0.084,0.571,1.901,2,-0.233,0.390,1.998,2,-0.423,0.300,1.916,2,-0.441,0.383,1.746,2,-0.429,0.425,1.698,2,0.096,0.397,1.944,2,0.184,0.266,1.833,2,0.133,0.140,1.701,2,0.031,0.111,1.579,2,-0.166,-0.002,2.082,2,-0.296,0.127,1.812,2,-0.310,-0.373,2.010,2,-0.309,-0.397,1.912,2,-0.020,0.001,2.050,2,-0.051,-0.329,1.922,2,-0.054,-0.730,1.902,2,-0.090,-0.730,1.922,2,-0.043,0.403,1.998,2,-0.420,0.478,1.637,2,-0.366,0.427,1.687,2,-0.005,0.098,1.551,2,-0.013,0.145,1.593,0,0,0,0
3.643|kb,95608759885870000,6,25,0,1,72057594037972009,2,-0.089,-0.001,2.124,2,-0.063,0.231,2.048,2,-0.038,0.458,1.984,2,-0.091,0.567,1.897,2,-0.228,0.396,1.999,2,-0.426,0.280,1.929,2,-0.414,0.371,1.731,2,-0.399,0.422,1.678,2,0.096,0.396,1.945,2,0.185,0.263,1.838,2,0.146,0.133,1.706,2,0.059,0.082,1.582,2,-0.159,0.001,2.114,2,-0.299,0.066,1.830,2,-0.377,-0.385,1.943,2,-0.326,-0.382,1.943,2,-0.017,-0.003,2.076,2,-0.049,-0.334,1.937,2,-0.057,-0.731,1.903,2,-0.092,-0.733,1.922,2,-0.043,0.403,1.999,2,-0.382,0.471,1.615,2,-0.336,0.421,1.675,2,0.029,0.064,1.555,2,0.022,0.112,1.598,0,0,0,0
3.666|kb,95608763279480000,6,25,0,1,72057594037972009,2,-0.087,-0.004,2.140,2,-0.065,0.228,2.053,2,-0.047,0.449,1.970,2,-0.098,0.561,1.890,2,-0.226,0.395,1.995,2,-0.375,0.318,1.917,2,-0.386,0.370,1.711,2,-0.362,0.415,1.659,2,0.086,0.383,1.937,2,0.195,0.252,1.845,2,0.167,0.112,1.726,2,0.098,0.043,1.588,2,-0.156,0.001,2.126,2,-0.311,-0.031,1.847,2,-0.384,-0.425,1.951,2,-0.326,-0.415,1.982,2,-0.015,-0.008,2.097,2,-0.047,-0.336,1.950,2,-0.057,-0.727,1.907,2,-0.091,-0.734,1.923,2,-0.049,0.397,1.994,2,-0.333,0.463,1.593,2,-0.301,0.415,1.666,2,0.078,0.016,1.561,2,0.061,0.069,1.594,0,0,0,0
3.709|kb,95608766579050000,6,25,0,1,72057594037972009,2,-0.083,-0.006,2.162,2,-0.068,0.223,2.059,2,-0.056,0.441,1.962,2,-0.104,0.553,1.881,2,-0.223,0.394,1.992,2,-0.370,0.322,1.907,2,-0.355,0.362,1.689,2,-0.322,0.409,1.645,2,0.082,0.373,1.936,2,0.202,0.240,1.861,2,0.188,0.086,1.740,2,0.153,0.016,1.634,2,-0.151,0.001,2.146,2,-0.309,-0.157,1.913,2,-0.274,-0.489,2.173,2,-0.288,-0.530,2.119,2,-0.012,-0.014,2.121,2,-0.043,-0.339,1.971,2,-0.055,-0.725,1.917,2,-0.090,-0.734,1.922,2,-0.057,0.389,1.989,2,-0.282,0.455,1.578,2,-0.264,0.403,1.669,2,0.136,-0.025,1.586,2,0.101,0.034,1.648,0,0,0,0
3.732|kb,95608769886440000,6,25,0,1,72057594037972009,2,-0.083,-0.006,2.174,2,-0.072,0.219,2.064,2,-0.066,0.431,1.953,2,-0.106,0.546,1.874,2,-0.224,0.389,1.984,2,-0.362,0.320,1.875,2,-0.308,0.368,1.662,2,-0.276,0.410,1.633,2,0.079,0.363,1.934,2,0.211,0.220,1.886,2,0.223,0.046,1.760,2,0.201,-0.026,1.667,2,-0.152,0.003,2.154,2,-0.295,-0.217,1.974,2,-0.260,-0.535,2.252,2,-0.274,-0.558,2.207,2,-0.012,-0.014,2.139,2,-0.036,-0.339,1.977,2,-0.054,-0.726,1.925,2,-0.066,-0.716,1.836,2,-0.067,0.379,1.985,2,-0.237,0.454,1.578,2,-0.223,0.399,1.659,2,0.198,-0.071,1.622,2,0.152,-0.016,1.678,0,0,0,0
3.776|kb,95608773281850000,6,25,0,1,72057594037972009,2,-0.090,-0.003,2.217,2,-0.084,0.209,2.077,2,-0.084,0.411,1.944,2,-0.106,0.535,1.866,2,-0.228,0.375,1.967,2,-0.356,0.313,1.850,2,-0.246,0.397,1.650,2,-0.231,0.412,1.626,2,0.072,0.349,1.933,2,0.216,0.214,1.900,2,0.254,0.007,1.788,2,0.255,-0.065,1.711,2,-0.157,0.005,2.190,2,-0.269,-0.267,2.046,2,-0.220,-0.504,2.291,1,-0.255,-0.550,2.225,2,-0.021,-0.010,2.187,2,-0.027,-0.336,1.985,2,-0.055,-0.722,1.930,2,-0.061,-0.714,1.847,2,-0.083,0.363,1.980,2,-0.190,0.458,1.586,2,-0.176,0.405,1.673,2,0.253,-0.118,1.683,2,0.205,-0.056,1.695,0,0,0,0
3.798|kb,95608776579020000,6,25,0,1,72057594037972009,2,-0.090,-0.033,2.214,2,-0.081,0.190,2.080,2,-0.078,0.403,1.943,2,-0.104,0.524,1.859,2,-0.226,0.365,1.955,2,-0.342,0.315,1.742,2,-0.203,0.407,1.623,2,-0.184,0.413,1.628,2,0.072,0.333,1.939,2,0.237,0.185,1.938,2,0.288,-0.001,1.854,2,0.304,-0.077,1.779,2,-0.156,-0.026,2.185,2,-0.277,-0.281,2.090,2,-0.249,-0.565,2.259,1,-0.256,-0.610,2.153,2,-0.020,-0.039,2.186,2,-0.013,-0.303,1.991,2,-0.056,-0.720,1.934,2,-0.057,-0.707,1.849,2,-0.078,0.351,1.979,2,-0.137,0.454,1.613,2,-0.141,0.400,1.678,2,0.321,-0.129,1.743,2,0.264,-0.085,1.748,0,0,0,0
3.843|kb,95608779885950000,6,25,0,1,72057594037972009,2,-0.090,-0.037,2.214,2,-0.082,0.182,2.079,2,-0.076,0.392,1.937,2,-0.102,0.517,1.860,2,-0.215,0.334,1.954,2,-0.319,0.305,1.800,2,-0.224,0.374,1.639,1,-0.164,0.390,1.634,2,0.074,0.327,1.939,2,0.247,0.166,1.974,2,0.326,-0.045,1.886,2,0.350,-0.111,1.835,2,-0.158,-0.032,2.185,2,-0.229,-0.342,2.185,1,-0.226,-0.577,2.253,1,-0.231,-0.533,2.238,2,-0.020,-0.041,2.186,2,-0.006,-0.373,1.980,2,-0.052,-0.753,1.936,2,-0.098,-0.733,1.898,2,-0.077,0.341,1.975,2,-0.111,0.450,1.620,2,-0.116,0.388,1.667,2,0.365,-0.172,1.824,2,0.316,-0.120,1.785,0,0,0,0
3.866|kb,95608783278830000,6,25,0,1,72057594037972009,2,-0.092,-0.063,2.221,2,-0.082,0.156,2.082,2,-0.073,0.369,1.935,2,-0.100,0.494,1.861,2,-0.204,0.287,1.965,2,-0.299,0.299,1.731,2,-0.099,0.382,1.649,1,-0.073,0.414,1.673,2,0.075,0.317,1.944,2,0.250,0.162,2.002,2,0.349,-0.038,1.963,2,0.384,-0.108,1.916,2,-0.160,-0.066,2.189,2,-0.209,-0.388,2.263,1,-0.162,-0.583,2.446,1,-0.151,-0.690,2.388,2,-0.022,-0.059,2.194,2,-0.007,-0.373,1.980,2,-0.044,-0.750,1.935,2,-0.080,-0.740,1.906,2,-0.075,0.316,1.973,2,-0.023,0.441,1.658,2,-0.062,0.386,1.716,2,0.413,-0.167,1.898,2,0.356,-0.125,1.866,0,0,0,0
3.909|kb,95608786581480000,6,25,0,1,72057594037972009,2,-0.089,-0.087,2.230,2,-0.082,0.151,2.079,2,-0.075,0.373,1.913,2,-0.098,0.495,1.842,2,-0.201,0.272,1.969,2,-0.275,0.293,1.724,2,-0.074,0.367,1.667,1,-0.040,0.397,1.698,2,0.077,0.301,1.958,2,0.246,0.157,2.051,2,0.362,-0.032,2.036,2,0.408,-0.101,2.002,2,-0.157,-0.092,2.198,2,-0.188,-0.434,2.357,1,-0.149,-0.617,2.477,1,-0.198,-0.645,2.468,2,-0.019,-0.079,2.204,2,-0.010,-0.378,1.979,2,-0.039,-0.750,1.936,2,-0.029,-0.741,1.853,2,-0.077,0.317,1.959,2,0.026,0.426,1.684,2,-0.050,0.443,1.724,2,0.448,-0.161,1.985,2,0.391,-0.125,1.952,0,0,0,0
3.931|kb,95608789886140000,6,25,0,1,72057594037972009,2,-0.085,-0.105,2.239,2,-0.075,0.103,2.107,2,-0.067,0.315,1.959,2,-0.088,0.442,1.888,2,-0.201,0.232,1.983,2,-0.252,0.273,1.732,2,-0.073,0.342,1.685,2,-0.033,0.360,1.714,2,0.080,0.280,1.982,2,0.246,0.144,2.094,2,0.369,-0.027,2.104,2,0.422,-0.095,2.078,2,-0.153,-0.112,2.206,2,-0.164,-0.423,2.416,1,-0.141,-0.591,2.528,1,-0.171,-0.614,2.512,2,-0.015,-0.095,2.214,2,-0.009,-0.380,1.976,2,-0.037,-0.747,1.936,2,-0.022,-0.737,1.851,2,-0.069,0.263,1.998,2,0.040,0.430,1.717,2,-0.001,0.346,1.748,2,0.466,-0.153,2.066,2,0.420,-0.126,2.028,0,0,0,0
3.969|kb,95608793279230000,6,25,0,1,72057594037972009,2,-0.078,-0.118,2.245,2,-0.073,0.095,2.112,2,-0.068,0.302,1.970,2,-0.085,0.430,1.901,2,-0.198,0.218,1.988,2,-0.207,0.259,1.754,2,-0.038,0.327,1.710,1,-0.018,0.342,1.739,2,0.082,0.267,2.005,2,0.238,0.136,2.136,2,0.368,-0.019,2.163,2,0.425,-0.084,2.149,2,-0.147,-0.126,2.211,2,-0.150,-0.401,2.462,1,-0.118,-0.583,2.610,1,-0.180,-0.650,2.609,2,-0.006,-0.107,2.222,2,-0.009,-0.382,1.975,2,-0.035,-0.744,1.936,2,-0.016,-0.734,1.850,2,-0.069,0.251,2.007,2,0.023,0.386,1.750,2,0.015,0.327,1.763,2,0.474,-0.141,2.145,2,0.434,-0.121,2.101,0,0,0,0
4.012|kb,95608796601000000,6,25,0,1,72057594037972009,2,-0.072,-0.133,2.254,2,-0.074,0.086,2.116,2,-0.073,0.297,1.972,2,-0.088,0.428,1.909,2,-0.193,0.182,2.008,2,-0.207,0.260,1.756,1,-0.036,0.329,1.710,2,0.006,0.333,1.781,2,0.078,0.253,2.038,2,0.233,0.126,2.180,2,0.357,-0.009,2.222,2,0.419,-0.072,2.215,2,-0.142,-0.142,2.216,1,-0.147,-0.403,2.463,1,-0.112,-0.596,2.618,1,-0.178,-0.646,2.599,2,0.001,-0.120,2.233,2,-0.009,-0.390,1.974,2,-0.034,-0.747,1.936,2,-0.009,-0.738,1.850,2,-0.073,0.245,2.010,2,0.032,0.369,1.793,2,0.019,0.310,1.794,2,0.476,-0.142,2.234,2,0.443,-0.112,2.167,0,0,0,0
4.040|kb,95608799888850000,6,25,0,1,72057594037972009,2,-0.067,-0.152,2.266,2,-0.074,0.043,2.150,2,-0.083,0.243,2.017,2,-0.087,0.377,1.960,2,-0.192,0.166,2.023,2,-0.207,0.259,1.786,2,-0.025,0.267,1.725,1,0.007,0.310,1.808,2,0.075,0.239,2.066,2,0.224,0.119,2.219,2,0.352,-0.013,2.278,2,0.417,-0.070,2.277,2,-0.138,-0.163,2.228,1,-0.147,-0.404,2.464,2,-0.025,-0.692,2.096,2,-0.018,-0.705,2.061,2,0.006,-0.137,2.247,2,-0.009,-0.390,1.974,2,-0.032,-0.753,1.936,2,-0.055,-0.749,1.935,2,-0.080,0.194,2.052,2,0.043,0.324,1.825,2,0.045,0.313,1.819,2,0.476,-0.133,2.297,2,0.445,-0.102,2.238,0,0,0,0
4.082|kb,95608803284510000,6,25,0,1,72057594037972009,2,-0.063,-0.174,2.291,2,-0.074,0.032,2.165,2,-0.084,0.231,2.034,2,-0.090,0.367,1.982,2,-0.192,0.148,2.046,2,-0.204,0.241,1.794,2,-0.018,0.268,1.748,1,0.011,0.298,1.843,2,0.073,0.229,2.094,2,0.215,0.110,2.259,2,0.348,-0.021,2.335,2,0.412,-0.074,2.330,2,-0.133,-0.186,2.250,1,-0.130,-0.433,2.492,2,-0.073,-0.700,2.053,2,-0.063,-0.700,2.048,2,0.009,-0.158,2.275,2,-0.009,-0.391,1.978,2,-0.027,-0.754,1.934,2,-0.060,-0.744,1.940,2,-0.081,0.182,2.069,2,0.046,0.316,1.860,2,0.003,0.272,1.827,2,0.471,-0.136,2.363,2,0.437,-0.100,2.292,0,0,0,0
4.111|kb,95608806579370000,6,25,0,1,72057594037972009,2,-0.066,-0.185,2.313,2,-0.073,0.015,2.198,2,-0.079,0.211,2.073,2,-0.089,0.344,2.019,2,-0.194,0.137,2.075,2,-0.211,0.229,1.862,2,-0.039,0.217,1.767,1,-0.019,0.268,1.847,2,0.074,0.218,2.124,2,0.211,0.100,2.296,2,0.342,-0.029,2.364,2,0.404,-0.080,2.375,2,-0.135,-0.197,2.272,1,-0.132,-0.441,2.508,1,-0.080,-0.703,2.052,2,-0.066,-0.706,2.061,2,0.005,-0.170,2.297,2,-0.014,-0.397,1.989,2,-0.024,-0.751,1.933,2,-0.068,-0.730,1.957,2,-0.077,0.163,2.106,2,0.018,0.282,1.867,2,0.009,0.267,1.856,2,0.461,-0.139,2.414,2,0.436,-0.103,2.339,0,0,0,0
4.134|kb,95608809886040000,6,25,0,1,72057594037972009,2,-0.069,-0.195,2.336,2,-0.074,0.007,2.220,2,-0.077,0.205,2.094,2,-0.091,0.340,2.045,2,-0.195,0.125,2.110,2,-0.220,0.218,1.907,2,-0.039,0.229,1.829,1,-0.004,0.272,1.894,2,0.074,0.204,2.154,2,0.216,0.088,2.325,2,0.337,-0.046,2.415,2,0.397,-0.090,2.416,2,-0.139,-0.206,2.295,1,-0.136,-0.445,2.530,2,-0.085,-0.713,2.036,2,-0.071,-0.698,2.073,2,0.002,-0.180,2.320,2,-0.013,-0.398,1.994,2,-0.024,-0.742,1.933,2,-0.071,-0.720,1.963,2,-0.077,0.156,2.127,2,0.033,0.290,1.918,2,0.022,0.266,1.899,2,0.448,-0.149,2.455,2,0.422,-0.108,2.383,0,0,0,0
4.176|kb,95608813280170000,6,25,0,1,72057594037972009,2,-0.068,-0.202,2.350,2,-0.072,0.000,2.241,2,-0.075,0.199,2.123,2,-0.091,0.333,2.074,2,-0.198,0.115,2.139,2,-0.221,0.214,1.909,1,-0.041,0.226,1.831,1,-0.006,0.265,1.915,2,0.071,0.200,2.173,2,0.200,0.083,2.351,2,0.331,-0.049,2.429,2,0.385,-0.098,2.448,2,-0.138,-0.213,2.310,1,-0.136,-0.449,2.542,2,-0.064,-0.727,2.051,2,-0.057,-0.707,2.086,2,0.004,-0.187,2.334,2,-0.014,-0.400,2.001,2,-0.024,-0.756,1.928,1,-0.003,-0.751,1.843,2,-0.075,0.150,2.155,2,0.030,0.282,1.931,2,0.011,0.259,1.902,2,0.438,-0.160,2.476,2,0.413,-0.124,2.414,0,0,0,0
4.209|kb,95608816579560000,6,25,0,1,72057594037972009,2,-0.064,-0.206,2.358,2,-0.070,-0.002,2.249,2,-0.076,0.198,2.131,2,-0.095,0.335,2.088,2,-0.198,0.114,2.146,2,-0.221,0.211,1.910,1,-0.042,0.223,1.832,1,-0.010,0.260,1.931,2,0.071,0.199,2.174,2,0.197,0.084,2.355,2,0.323,-0.055,2.457,2,0.376,-0.106,2.472,2,-0.133,-0.217,2.318,1,-0.136,-0.453,2.554,1,-0.067,-0.710,2.083,2,-0.058,-0.709,2.093,2,0.008,-0.191,2.341,2,-0.012,-0.398,2.009,2,-0.026,-0.762,1.924,1,-0.006,-0.749,1.841,2,-0.074,0.148,2.162,2,0.028,0.274,1.942,2,0.024,0.282,1.930,2,0.425,-0.173,2.528,2,0.403,-0.132,2.440,0,0,0,0
4.238|kb,95608819885970000,6,25,0,1,72057594037972009,2,-0.060,-0.209,2.366,2,-0.066,-0.003,2.268,2,-0.072,0.201,2.166,2,-0.094,0.336,2.121,2,-0.199,0.116,2.175,2,-0.220,0.202,1.920,1,-0.047,0.218,1.831,2,0.011,0.224,1.805,2,0.068,0.197,2.215,2,0.201,0.077,2.386,2,0.320,-0.059,2.473,2,0.369,-0.110,2.488,2,-0.130,-0.219,2.328,1,-0.136,-0.457,2.565,1,-0.065,-0.715,2.096,1,-0.056,-0.709,2.099,2,0.011,-0.193,2.348,2,-0.011,-0.398,2.016,2,-0.026,-0.682,1.939,2,-0.047,-0.618,1.922,2,-0.070,0.151,2.193,1,0.049,0.238,1.816,1,-0.003,0.208,1.789,2,0.417,-0.177,2.540,2,0.395,-0.130,2.458,0,0,0,0
4.281|kb,95608823280610000,6,25,0,1,72057594037972009,2,-0.059,-0.209,2.371,2,-0.066,0.000,2.277,2,-0.073,0.205,2.175,2,-0.096,0.342,2.135,2,-0.199,0.117,2.189,2,-0.219,0.197,1.933,1,-0.052,0.217,1.834,1,0.004,0.224,1.804,2,0.066,0.200,2.220,2,0.197,0.080,2.393,2,0.314,-0.058,2.482,2,0.362,-0.109,2.501,2,-0.129,-0.220,2.332,1,-0.135,-0.458,2.573,1,-0.064,-0.718,2.106,1,-0.057,-0.712,2.104,2,0.012,-0.193,2.354,2,-0.010,-0.397,2.020,2,-0.027,-0.642,1.952,2,-0.035,-0.615,1.911,2,-0.071,0.155,2.202,1,0.042,0.238,1.815,1,-0.008,0.208,1.789,2,0.410,-0.176,2.543,2,0.394,-0.136,2.467,0,0,0,0
4.311|kb,95608826579150000,6,25,0,1,72057594037972009,2,-0.059,-0.207,2.377,2,-0.065,0.004,2.285,2,-0.071,0.211,2.183,2,-0.098,0.351,2.149,2,-0.200,0.120,2.195,2,-0.233,0.225,1.962,2,-0.057,0.242,1.877,1,-0.026,0.269,1.953,2,0.064,0.205,2.231,2,0.196,0.083,2.405,2,0.309,-0.054,2.487,2,0.360,-0.108,2.506,2,-0.128,-0.218,2.338,1,-0.135,-0.459,2.579,1,-0.062,-0.720,2.112,1,-0.055,-0.713,2.108,2,0.012,-0.191,2.359,2,-0.012,-0.383,2.031,2,-0.026,-0.629,1.959,2,-0.044,-0.660,1.844,2,-0.070,0.160,2.210,2,-0.010,0.274,1.950,2,-0.025,0.259,1.937,2,0.408,-0.178,2.550,2,0.382,-0.131,2.472,0,0,0,0
4.335|kb,95608829887060000,6,25,0,1,72057594037972009,2,-0.059,-0.205,2.382,2,-0.068,0.010,2.296,2,-0.079,0.224,2.203,2,-0.102,0.360,2.163,2,-0.203,0.130,2.207,2,-0.231,0.226,1.959,2,-0.053,0.244,1.880,1,-0.027,0.277,1.961,2,0.062,0.210,2.244,2,0.194,0.086,2.415,2,0.310,-0.055,2.493,2,0.360,-0.106,2.508,2,-0.127,-0.216,2.344,1,-0.135,-0.461,2.588,1,-0.061,-0.722,2.122,2,-0.056,-0.667,2.082,2,0.011,-0.190,2.363,2,-0.012,-0.387,2.034,2,-0.027,-0.629,1.962,2,-0.025,-0.624,1.868,2,-0.076,0.171,2.228,2,-0.015,0.280,1.955,2,-0.026,0.264,1.949,2,0.411,-0.173,2.552,2,0.388,-0.132,2.473,0,0,0,0
4.379|kb,95608833281480000,6,25,0,1,72057594037972009,2,-0.059,-0.201,2.386,2,-0.069,0.016,2.302,2,-0.080,0.229,2.210,2,-0.103,0.368,2.173,2,-0.203,0.136,2.214,2,-0.230,0.226,1.961,2,0.008,0.316,2.004,1,0.044,0.361,2.060,2,0.062,0.223,2.256,2,0.194,0.091,2.422,2,0.302,-0.041,2.497,2,0.361,-0.096,2.508,2,-0.127,-0.211,2.348,1,-0.134,-0.461,2.594,1,-0.060,-0.723,2.126,2,-0.056,-0.668,2.085,2,0.010,-0.186,2.367,2,-0.012,-0.389,2.036,2,-0.027,-0.627,1.964,2,-0.022,-0.614,1.891,2,-0.077,0.176,2.235,2,0.071,0.365,2.083,2,0.059,0.340,2.075,2,0.414,-0.168,2.550,2,0.396,-0.130,2.475,0,0,0,0
4.414|kb,95608836579600000,6,25,0,1,72057594037972009,2,-0.059,-0.197,2.388,2,-0.070,0.021,2.306,2,-0.082,0.236,2.214,2,-0.104,0.377,2.181,2,-0.203,0.140,2.216,2,-0.230,0.226,1.962,2,0.008,0.317,2.005,1,0.042,0.367,2.062,2,0.062,0.228,2.259,2,0.195,0.095,2.423,2,0.303,-0.038,2.498,2,0.367,-0.090,2.502,2,-0.126,-0.208,2.350,1,-0.133,-0.461,2.595,1,-0.059,-0.724,2.126,2,-0.055,-0.668,2.085,2,0.009,-0.182,2.370,2,-0.012,-0.390,2.037,2,-0.028,-0.626,1.966,2,-0.016,-0.616,1.895,2,-0.079,0.183,2.239,2,0.071,0.369,2.083,2,0.072,0.357,2.091,2,0.419,-0.162,2.552,2,0.397,-0.120,2.468,0,0,0,0
4.439|kb,95608839885970000,6,25,0,1,72057594037972009,2,-0.059,-0.193,2.391,2,-0.071,0.028,2.310,2,-0.082,0.244,2.221,2,-0.106,0.386,2.190,2,-0.203,0.149,2.221,2,-0.228,0.236,1.967,2,0.010,0.323,2.011,1,0.043,0.377,2.077,2,0.062,0.234,2.264,2,0.198,0.101,2.426,2,0.307,-0.034,2.497,2,0.374,-0.083,2.501,2,-0.125,-0.203,2.353,1,-0.132,-0.461,2.600,1,-0.057,-0.724,2.129,2,-0.055,-0.668,2.087,2,0.008,-0.178,2.373,2,-0.011,-0.391,2.038,2,-0.027,-0.625,1.966,2,-0.019,-0.614,1.905,2,-0.079,0.191,2.245,2,0.071,0.377,2.094,2,0.069,0.366,2.094,2,0.426,-0.152,2.546,2,0.409,-0.111,2.467,0,0,0,0
4.480|kb,95608843279020000,6,25,0,1,72057594037972009,2,-0.060,-0.189,2.393,2,-0.071,0.032,2.313,2,-0.082,0.250,2.224,2,-0.106,0.392,2.193,2,-0.203,0.156,2.225,2,-0.227,0.238,1.968,2,0.010,0.327,2.014,1,0.040,0.382,2.080,2,0.062,0.236,2.266,2,0.202,0.107,2.428,2,0.314,-0.029,2.494,2,0.382,-0.076,2.495,2,-0.126,-0.200,2.355,1,-0.131,-0.461,2.601,1,-0.055,-0.725,2.128,2,-0.055,-0.668,2.087,2,0.007,-0.175,2.375,2,-0.011,-0.391,2.039,2,-0.027,-0.625,1.967,2,-0.020,-0.615,1.907,2,-0.079,0.196,2.249,2,0.066,0.381,2.100,2,0.061,0.368,2.108,2,0.438,-0.145,2.534,2,0.414,-0.104,2.459,0,0,0,0
4.511|kb,95608846578970000,6,25,0,1,72057594037972009,2,-0.060,-0.186,2.395,2,-0.071,0.037,2.316,2,-0.081,0.256,2.228,2,-0.106,0.397,2.196,2,-0.203,0.161,2.227,2,-0.228,0.240,1.970,2,0.007,0.330,2.024,1,0.039,0.385,2.084,2,0.063,0.241,2.269,2,0.207,0.112,2.429,2,0.322,-0.022,2.491,2,0.390,-0.070,2.491,2,-0.126,-0.196,2.356,1,-0.131,-0.461,2.605,1,-0.055,-0.727,2.129,2,-0.055,-0.669,2.089,2,0.006,-0.171,2.378,2,-0.011,-0.391,2.041,2,-0.027,-0.626,1.967,2,-0.021,-0.616,1.914,2,-0.079,0.202,2.252,2,0.066,0.384,2.103,2,0.064,0.371,2.111,2,0.449,-0.138,2.527,2,0.418,-0.093,2.451,0,0,0,0
4.533|kb,95608849886670000,6,25,0,1,72057594037972009,2,-0.060,-0.182,2.397,2,-0.070,0.045,2.320,2,-0.079,0.268,2.235,2,-0.106,0.408,2.200,2,-0.202,0.172,2.229,2,-0.228,0.240,1.970,2,0.003,0.336,2.029,1,0.037,0.387,2.085,2,0.066,0.246,2.275,2,0.210,0.115,2.431,2,0.328,-0.020,2.488,2,0.394,-0.064,2.482,2,-0.125,-0.191,2.359,1,-0.130,-0.461,2.606,1,-0.054,-0.727,2.129,2,-0.054,-0.669,2.089,2,0.006,-0.168,2.379,2,-0.010,-0.391,2.042,2,-0.027,-0.627,1.968,2,-0.023,-0.616,1.924,2,-0.077,0.213,2.258,2,0.066,0.386,2.114,2,0.059,0.371,2.122,2,0.458,-0.132,2.515,2,0.427,-0.088,2.445,0,0,0,0
4.575|kb,95608853279040000,6,25,0,1,72057594037972009,2,-0.060,-0.179,2.399,2,-0.070,0.048,2.323,2,-0.078,0.272,2.239,2,-0.106,0.411,2.203,2,-0.201,0.176,2.230,2,-0.230,0.241,1.974,2,0.003,0.336,2.029,1,0.036,0.387,2.081,2,0.067,0.248,2.277,2,0.212,0.115,2.432,2,0.345,-0.025,2.481,2,0.407,-0.068,2.474,2,-0.125,-0.189,2.361,1,-0.130,-0.461,2.609,1,-0.053,-0.729,2.130,2,-0.054,-0.669,2.090,2,0.005,-0.166,2.381,2,-0.008,-0.393,2.044,2,-0.027,-0.629,1.968,2,-0.022,-0.618,1.920,2,-0.076,0.217,2.262,2,0.067,0.387,2.109,2,0.050,0.363,2.100,2,0.467,-0.137,2.520,2,0.440,-0.088,2.437,0,0,0,0
