0.000|kb,95466933216350000,6,25,1,72057594037963902,2,-0.131,-0.101,2.647,2,-0.152,0.133,2.510,2,-0.192,0.369,2.364,2,-0.170,0.467,2.294,2,-0.293,0.291,2.407,2,-0.441,0.177,2.350,2,-0.353,0.326,2.259,2,-0.347,0.366,2.259,2,0.014,0.298,2.362,2,-0.032,0.155,2.227,2,-0.115,0.321,2.169,2,-0.094,0.259,2.181,2,-0.200,-0.102,2.630,2,-0.390,-0.260,2.516,2,-0.529,-0.679,2.535,2,-0.514,-0.690,2.424,2,-0.057,-0.098,2.596,2,0.160,-0.256,2.475,2,0.368,-0.676,2.476,2,0.330,-0.691,2.367,2,-0.180,0.310,2.402,2,-0.346,0.428,2.229,2,-0.313,0.378,2.272,2,-0.124,0.325,2.153,2,-0.100,0.214,2.170,0,0,0,0,0
0.035|kb,95466936515320000,6,25,1,72057594037963902,2,-0.132,-0.097,2.649,2,-0.159,0.137,2.511,2,-0.194,0.369,2.363,2,-0.199,0.472,2.294,2,-0.313,0.300,2.423,2,-0.448,0.172,2.366,2,-0.360,0.339,2.262,2,-0.365,0.359,2.265,2,-0.003,0.302,2.352,2,-0.035,0.148,2.228,2,-0.138,0.300,2.170,2,-0.097,0.230,2.187,2,-0.201,-0.100,2.631,2,-0.393,-0.339,2.513,2,-0.536,-0.698,2.534,2,-0.526,-0.710,2.426,2,-0.062,-0.090,2.604,2,0.152,-0.293,2.475,2,0.365,-0.667,2.473,2,0.320,-0.684,2.367,2,-0.184,0.311,2.401,2,-0.367,0.422,2.230,2,-0.332,0.369,2.269,2,-0.080,0.192,2.182,2,-0.051,0.205,2.200,0,0,0,0,0
0.066|kb,95466939807830000,6,25,1,72057594037963902,2,-0.138,-0.107,2.641,2,-0.167,0.133,2.510,2,-0.201,0.367,2.367,2,-0.220,0.466,2.301,2,-0.317,0.296,2.429,2,-0.452,0.165,2.383,2,-0.376,0.317,2.283,2,-0.376,0.357,2.275,2,-0.032,0.309,2.344,2,-0.041,0.143,2.232,2,-0.148,0.324,2.175,1,-0.154,0.367,2.159,2,-0.203,-0.107,2.624,2,-0.392,-0.261,2.512,2,-0.530,-0.689,2.530,2,-0.525,-0.698,2.421,2,-0.072,-0.103,2.592,2,0.162,-0.263,2.475,2,0.366,-0.669,2.472,2,0.318,-0.686,2.366,2,-0.192,0.309,2.404,2,-0.294,0.414,2.250,2,-0.358,0.328,2.286,2,-0.152,0.412,2.138,2,-0.161,0.361,2.128,0,0,0,0,0
0.091|kb,95466943215430000,6,25,1,72057594037963902,2,-0.138,-0.104,2.644,2,-0.170,0.133,2.511,2,-0.208,0.366,2.367,2,-0.239,0.463,2.299,2,-0.328,0.296,2.437,2,-0.447,0.148,2.398,2,-0.397,0.300,2.285,2,-0.387,0.355,2.271,2,-0.030,0.307,2.344,2,-0.047,0.143,2.229,2,-0.165,0.368,2.175,1,-0.173,0.431,2.164,2,-0.202,-0.107,2.625,2,-0.399,-0.345,2.499,2,-0.536,-0.703,2.531,2,-0.531,-0.716,2.422,2,-0.072,-0.097,2.600,2,0.151,-0.287,2.473,2,0.365,-0.666,2.471,2,0.316,-0.686,2.366,2,-0.198,0.309,2.405,2,-0.392,0.415,2.228,2,-0.356,0.379,2.288,2,-0.198,0.462,2.172,2,-0.220,0.453,2.187,0,0,0,0,0
0.132|kb,95466946515420000,6,25,1,72057594037963902,2,-0.132,-0.108,2.652,2,-0.174,0.131,2.517,2,-0.222,0.361,2.374,2,-0.260,0.457,2.308,2,-0.349,0.263,2.463,2,-0.458,0.113,2.399,2,-0.395,0.308,2.280,2,-0.392,0.349,2.273,2,-0.039,0.310,2.345,2,-0.048,0.145,2.230,2,-0.113,0.255,2.194,2,-0.160,0.313,2.179,2,-0.197,-0.114,2.634,2,-0.397,-0.273,2.500,2,-0.529,-0.686,2.525,2,-0.526,-0.698,2.416,2,-0.064,-0.099,2.608,2,0.163,-0.260,2.472,2,0.365,-0.667,2.471,2,0.317,-0.688,2.367,2,-0.210,0.305,2.411,2,-0.398,0.407,2.221,2,-0.360,0.377,2.291,2,-0.178,0.372,2.152,2,-0.187,0.367,2.151,0,0,0,0,0
0.157|kb,95466949807420000,6,25,1,72057594037963902,2,-0.126,-0.118,2.638,2,-0.175,0.119,2.520,2,-0.226,0.336,2.402,2,-0.265,0.447,2.320,2,-0.349,0.262,2.463,2,-0.451,0.056,2.430,2,-0.399,0.259,2.304,2,-0.392,0.325,2.276,2,-0.042,0.311,2.344,2,-0.045,0.144,2.229,2,-0.145,0.302,2.187,2,-0.160,0.327,2.180,2,-0.191,-0.130,2.614,2,-0.397,-0.272,2.499,2,-0.528,-0.687,2.524,2,-0.527,-0.695,2.414,2,-0.058,-0.106,2.596,2,0.165,-0.258,2.470,2,0.366,-0.667,2.470,2,0.317,-0.686,2.364,2,-0.213,0.283,2.431,2,-0.395,0.385,2.264,2,-0.365,0.363,2.288,2,-0.174,0.383,2.157,2,-0.182,0.334,2.164,0,0,0,0,0
0.200|kb,95466953215700000,6,25,1,72057594037963902,2,-0.129,-0.117,2.645,2,-0.174,0.119,2.521,2,-0.216,0.341,2.395,2,-0.268,0.453,2.316,2,-0.340,0.267,2.456,2,-0.421,0.100,2.395,2,-0.391,0.263,2.293,2,-0.391,0.306,2.276,2,-0.040,0.312,2.345,2,-0.027,0.153,2.223,2,-0.146,0.299,2.188,1,-0.151,0.332,2.187,2,-0.193,-0.126,2.622,2,-0.400,-0.354,2.494,2,-0.538,-0.708,2.528,2,-0.536,-0.722,2.417,2,-0.063,-0.104,2.603,2,0.153,-0.284,2.475,2,0.368,-0.664,2.471,2,0.321,-0.685,2.365,2,-0.208,0.286,2.429,2,-0.411,0.362,2.245,2,-0.362,0.334,2.288,2,-0.168,0.385,2.163,2,-0.175,0.337,2.183,0,0,0,0,0
0.225|kb,95466956516380000,6,25,1,72057594037963902,2,-0.125,-0.117,2.651,2,-0.173,0.117,2.526,2,-0.217,0.341,2.397,2,-0.271,0.454,2.320,2,-0.337,0.268,2.453,2,-0.408,0.089,2.401,2,-0.380,0.267,2.268,2,-0.385,0.318,2.269,2,-0.039,0.313,2.346,2,-0.019,0.158,2.220,2,-0.130,0.326,2.190,2,-0.136,0.337,2.187,2,-0.191,-0.126,2.627,2,-0.389,-0.276,2.492,2,-0.528,-0.679,2.522,2,-0.524,-0.692,2.412,2,-0.056,-0.104,2.611,2,0.169,-0.263,2.471,2,0.369,-0.664,2.470,2,0.323,-0.686,2.365,2,-0.208,0.285,2.431,2,-0.396,0.377,2.261,2,-0.362,0.341,2.277,2,-0.158,0.392,2.165,2,-0.135,0.360,2.193,0,0,0,0,0
0.266|kb,95466959808340000,6,25,1,72057594037963902,2,-0.120,-0.115,2.654,2,-0.170,0.117,2.530,2,-0.216,0.341,2.398,2,-0.270,0.456,2.326,2,-0.333,0.269,2.450,2,-0.404,0.088,2.401,2,-0.379,0.267,2.266,2,-0.379,0.340,2.264,2,-0.037,0.316,2.348,2,0.013,0.169,2.220,2,-0.112,0.310,2.193,2,-0.135,0.377,2.187,2,-0.188,-0.126,2.628,2,-0.389,-0.276,2.493,2,-0.528,-0.677,2.521,2,-0.522,-0.687,2.411,2,-0.048,-0.101,2.618,2,0.171,-0.261,2.471,2,0.370,-0.664,2.470,2,0.326,-0.686,2.364,2,-0.206,0.286,2.433,2,-0.396,0.402,2.229,2,-0.359,0.371,2.291,2,-0.151,0.434,2.171,2,-0.148,0.370,2.187,0,0,0,0,0
0.291|kb,95466963215250000,6,25,1,72057594037963902,2,-0.117,-0.112,2.657,2,-0.166,0.121,2.533,2,-0.212,0.347,2.400,2,-0.267,0.460,2.329,2,-0.327,0.271,2.447,2,-0.381,0.076,2.396,2,-0.370,0.272,2.260,2,-0.367,0.341,2.257,2,-0.037,0.314,2.352,2,0.032,0.181,2.218,2,-0.117,0.372,2.200,1,-0.139,0.441,2.195,2,-0.186,-0.123,2.631,2,-0.385,-0.273,2.495,2,-0.525,-0.673,2.522,2,-0.517,-0.680,2.411,2,-0.044,-0.098,2.621,2,0.172,-0.259,2.472,2,0.372,-0.666,2.470,2,0.329,-0.688,2.364,2,-0.202,0.291,2.435,2,-0.388,0.401,2.218,2,-0.346,0.372,2.283,2,-0.180,0.501,2.202,2,-0.208,0.421,2.244,0,0,0,0,0
0.332|kb,95466966515630000,6,25,1,72057594037963902,2,-0.113,-0.110,2.659,2,-0.161,0.124,2.535,2,-0.206,0.352,2.400,2,-0.260,0.466,2.331,2,-0.313,0.268,2.445,2,-0.363,0.085,2.378,2,-0.361,0.284,2.251,2,-0.356,0.350,2.248,2,-0.036,0.319,2.369,2,0.042,0.203,2.223,2,-0.095,0.374,2.201,1,-0.119,0.441,2.195,2,-0.183,-0.122,2.631,2,-0.381,-0.271,2.497,2,-0.526,-0.678,2.519,2,-0.512,-0.682,2.408,2,-0.039,-0.096,2.624,2,0.174,-0.258,2.472,2,0.372,-0.666,2.470,2,0.335,-0.687,2.362,2,-0.195,0.296,2.436,2,-0.376,0.413,2.218,2,-0.335,0.379,2.273,2,-0.154,0.499,2.197,2,-0.140,0.444,2.244,0,0,0,0,0
0.358|kb,95466969807330000,6,25,1,72057594037963902,2,-0.107,-0.107,2.662,2,-0.154,0.129,2.537,2,-0.198,0.360,2.401,2,-0.249,0.472,2.331,2,-0.302,0.268,2.443,2,-0.355,0.090,2.367,2,-0.346,0.287,2.250,2,-0.343,0.357,2.245,2,-0.032,0.323,2.381,2,0.054,0.217,2.232,2,-0.081,0.373,2.200,1,-0.106,0.445,2.198,2,-0.179,-0.119,2.633,2,-0.378,-0.270,2.500,2,-0.524,-0.675,2.518,2,-0.506,-0.679,2.405,2,-0.032,-0.092,2.629,2,0.176,-0.256,2.473,2,0.373,-0.667,2.470,2,0.340,-0.687,2.361,2,-0.187,0.303,2.437,2,-0.364,0.418,2.214,2,-0.327,0.386,2.271,2,-0.147,0.509,2.204,2,-0.126,0.449,2.248,0,0,0,0,0
0.399|kb,95466973215090000,6,25,1,72057594037963902,2,-0.104,-0.104,2.664,2,-0.146,0.134,2.539,2,-0.185,0.367,2.402,2,-0.234,0.477,2.331,2,-0.301,0.271,2.442,2,-0.352,0.088,2.369,2,-0.338,0.284,2.246,2,-0.328,0.355,2.237,2,-0.028,0.324,2.385,2,0.073,0.218,2.247,2,-0.075,0.386,2.200,1,-0.098,0.450,2.203,2,-0.175,-0.116,2.634,2,-0.374,-0.268,2.504,2,-0.523,-0.674,2.517,2,-0.504,-0.678,2.405,2,-0.029,-0.090,2.631,2,0.178,-0.255,2.473,2,0.374,-0.669,2.469,2,0.342,-0.688,2.359,2,-0.176,0.310,2.438,2,-0.349,0.416,2.199,2,-0.314,0.390,2.269,2,-0.132,0.507,2.202,2,-0.171,0.435,2.236,0,0,0,0,0
0.423|kb,95466976515560000,6,25,1,72057594037963902,2,-0.100,-0.103,2.665,2,-0.139,0.135,2.539,2,-0.175,0.368,2.402,2,-0.219,0.480,2.328,2,-0.300,0.273,2.441,2,-0.349,0.086,2.365,2,-0.330,0.285,2.245,2,-0.315,0.350,2.231,2,-0.026,0.326,2.387,2,0.078,0.219,2.252,2,-0.042,0.360,2.199,2,-0.071,0.421,2.195,2,-0.172,-0.115,2.634,2,-0.371,-0.267,2.506,2,-0.521,-0.673,2.519,2,-0.501,-0.678,2.407,2,-0.026,-0.089,2.632,2,0.181,-0.254,2.473,2,0.375,-0.671,2.467,2,0.343,-0.689,2.358,2,-0.166,0.310,2.439,2,-0.335,0.410,2.201,2,-0.289,0.376,2.256,2,-0.093,0.478,2.177,2,-0.093,0.444,2.243,0,0,0,0,0
0.466|kb,95466979807520000,6,25,1,72057594037963902,2,-0.099,-0.104,2.666,2,-0.133,0.134,2.541,2,-0.163,0.365,2.405,2,-0.204,0.478,2.328,2,-0.294,0.273,2.438,2,-0.344,0.085,2.365,2,-0.318,0.286,2.244,2,-0.303,0.351,2.229,2,-0.020,0.323,2.393,2,0.084,0.216,2.258,2,-0.038,0.354,2.199,2,-0.044,0.377,2.203,2,-0.171,-0.115,2.634,2,-0.370,-0.267,2.508,2,-0.523,-0.691,2.526,2,-0.502,-0.697,2.414,2,-0.023,-0.091,2.635,2,0.185,-0.255,2.472,2,0.375,-0.672,2.467,2,0.345,-0.689,2.358,2,-0.156,0.308,2.441,2,-0.322,0.409,2.196,2,-0.282,0.379,2.254,2,-0.057,0.438,2.183,2,-0.073,0.378,2.229,0,0,0,0,0
0.490|kb,95466983215280000,6,25,1,72057594037963902,2,-0.097,-0.106,2.667,2,-0.127,0.130,2.543,2,-0.152,0.362,2.407,2,-0.189,0.476,2.327,2,-0.275,0.268,2.435,2,-0.336,0.084,2.363,2,-0.307,0.285,2.240,2,-0.292,0.351,2.226,2,-0.001,0.319,2.401,2,0.089,0.210,2.258,2,-0.033,0.348,2.200,2,-0.032,0.362,2.201,2,-0.170,-0.116,2.634,2,-0.370,-0.267,2.509,2,-0.523,-0.693,2.526,2,-0.500,-0.703,2.414,2,-0.020,-0.094,2.637,2,0.189,-0.255,2.470,2,0.376,-0.674,2.466,2,0.349,-0.689,2.357,2,-0.146,0.305,2.443,2,-0.307,0.409,2.191,2,-0.273,0.378,2.254,2,-0.044,0.418,2.175,2,-0.060,0.365,2.210,0,0,0,0,0
0.532|kb,95466986515280000,6,25,1,72057594037963902,2,-0.095,-0.109,2.669,2,-0.121,0.126,2.545,2,-0.143,0.356,2.409,2,-0.176,0.471,2.327,2,-0.266,0.265,2.434,2,-0.328,0.085,2.357,2,-0.288,0.274,2.241,2,-0.282,0.350,2.227,2,0.006,0.317,2.403,2,0.092,0.203,2.260,2,-0.024,0.350,2.206,2,-0.028,0.359,2.205,2,-0.169,-0.118,2.635,2,-0.369,-0.267,2.509,2,-0.522,-0.691,2.526,2,-0.500,-0.704,2.414,2,-0.018,-0.098,2.640,2,0.192,-0.256,2.469,2,0.376,-0.675,2.467,2,0.351,-0.690,2.357,2,-0.138,0.300,2.445,2,-0.297,0.407,2.185,2,-0.266,0.378,2.258,2,-0.039,0.419,2.178,2,-0.061,0.364,2.236,0,0,0,0,0
0.557|kb,95466989807320000,6,25,1,72057594037963902,2,-0.094,-0.113,2.670,2,-0.117,0.123,2.546,2,-0.136,0.353,2.409,2,-0.167,0.466,2.326,2,-0.262,0.259,2.433,2,-0.322,0.088,2.353,2,-0.283,0.279,2.237,2,-0.275,0.354,2.227,2,0.014,0.314,2.405,2,0.091,0.194,2.263,2,-0.024,0.350,2.206,2,-0.025,0.355,2.207,2,-0.168,-0.122,2.635,2,-0.369,-0.267,2.509,2,-0.522,-0.690,2.526,2,-0.499,-0.706,2.414,2,-0.016,-0.102,2.642,2,0.194,-0.257,2.468,2,0.377,-0.677,2.467,2,0.353,-0.690,2.357,2,-0.132,0.296,2.446,2,-0.286,0.412,2.186,2,-0.261,0.383,2.255,2,-0.035,0.413,2.184,2,-0.055,0.361,2.233,0,0,0,0,0
0.599|kb,95466993216150000,6,25,1,72057594037963902,2,-0.093,-0.114,2.671,2,-0.115,0.123,2.544,2,-0.132,0.358,2.400,2,-0.161,0.466,2.324,2,-0.266,0.260,2.433,2,-0.320,0.088,2.354,2,-0.280,0.280,2.236,2,-0.271,0.353,2.228,2,0.019,0.313,2.406,2,0.092,0.187,2.267,2,-0.024,0.351,2.206,2,-0.022,0.354,2.207,2,-0.168,-0.122,2.636,2,-0.369,-0.267,2.509,2,-0.521,-0.689,2.526,2,-0.498,-0.706,2.415,2,-0.016,-0.103,2.643,2,0.195,-0.258,2.468,2,0.377,-0.678,2.467,2,0.353,-0.691,2.358,2,-0.128,0.300,2.439,2,-0.282,0.412,2.185,2,-0.255,0.383,2.255,2,-0.030,0.413,2.185,2,-0.051,0.360,2.232,0,0,0,0,0
0.626|kb,95466996516410000,6,25,1,72057594037963902,2,-0.094,-0.114,2.671,2,-0.115,0.124,2.543,2,-0.130,0.360,2.398,2,-0.156,0.466,2.324,2,-0.262,0.262,2.432,2,-0.319,0.089,2.356,2,-0.277,0.281,2.237,2,-0.268,0.354,2.228,2,0.022,0.312,2.407,2,0.093,0.182,2.271,2,-0.023,0.351,2.207,2,-0.021,0.354,2.211,2,-0.168,-0.122,2.636,2,-0.369,-0.267,2.509,2,-0.522,-0.689,2.524,2,-0.499,-0.706,2.414,2,-0.016,-0.104,2.643,2,0.196,-0.258,2.468,2,0.378,-0.678,2.467,2,0.354,-0.691,2.358,2,-0.127,0.302,2.437,2,-0.278,0.412,2.184,2,-0.253,0.382,2.257,2,-0.028,0.414,2.188,2,-0.051,0.363,2.242,0,0,0,0,0
0.667|kb,95466999808020000,6,25,1,72057594037963902,2,-0.094,-0.115,2.673,2,-0.113,0.122,2.545,2,-0.126,0.355,2.405,2,-0.153,0.465,2.324,2,-0.258,0.259,2.431,2,-0.320,0.087,2.356,2,-0.275,0.283,2.237,2,-0.266,0.351,2.231,2,0.026,0.312,2.409,2,0.093,0.180,2.273,2,-0.022,0.352,2.207,2,-0.020,0.355,2.211,2,-0.169,-0.123,2.637,2,-0.369,-0.268,2.509,2,-0.522,-0.686,2.523,2,-0.498,-0.704,2.412,2,-0.016,-0.105,2.645,2,0.196,-0.259,2.468,2,0.378,-0.679,2.467,2,0.355,-0.691,2.358,2,-0.123,0.297,2.442,2,-0.279,0.407,2.186,2,-0.252,0.384,2.260,2,-0.025,0.415,2.189,2,-0.050,0.360,2.242,0,0,0,0,0
0.692|kb,95467003215320000,6,25,1,72057594037963902,2,-0.094,-0.116,2.673,2,-0.113,0.122,2.545,2,-0.125,0.359,2.401,2,-0.150,0.465,2.324,2,-0.257,0.261,2.432,2,-0.319,0.090,2.357,2,-0.274,0.284,2.237,2,-0.267,0.352,2.230,2,0.028,0.312,2.410,2,0.093,0.177,2.275,2,-0.022,0.352,2.207,2,-0.019,0.355,2.215,2,-0.170,-0.123,2.638,2,-0.369,-0.268,2.509,2,-0.522,-0.684,2.521,2,-0.498,-0.702,2.410,2,-0.017,-0.106,2.646,2,0.196,-0.259,2.468,2,0.379,-0.680,2.467,2,0.355,-0.691,2.358,2,-0.123,0.300,2.439,2,-0.279,0.407,2.188,2,-0.252,0.387,2.261,2,-0.024,0.414,2.191,2,-0.049,0.363,2.250,0,0,0,0,0
0.731|kb,95467006516120000,6,25,1,72057594037963902,2,-0.095,-0.116,2.674,2,-0.113,0.124,2.544,2,-0.125,0.362,2.398,2,-0.147,0.466,2.324,2,-0.257,0.263,2.431,2,-0.320,0.092,2.357,2,-0.273,0.285,2.237,2,-0.268,0.356,2.228,2,0.030,0.312,2.410,2,0.094,0.175,2.276,2,0.014,0.297,2.224,2,-0.020,0.350,2.216,2,-0.171,-0.123,2.639,2,-0.369,-0.267,2.509,2,-0.521,-0.682,2.518,2,-0.497,-0.700,2.407,2,-0.017,-0.106,2.646,2,0.196,-0.259,2.469,2,0.379,-0.680,2.467,2,0.356,-0.692,2.358,2,-0.122,0.303,2.437,2,-0.277,0.412,2.184,2,-0.253,0.385,2.257,2,-0.023,0.408,2.188,2,-0.051,0.363,2.250,0,0,0,0,0
0.756|kb,95467009807740000,6,25,1,72057594037963902,2,-0.096,-0.115,2.676,2,-0.112,0.123,2.546,2,-0.123,0.357,2.405,2,-0.146,0.466,2.324,2,-0.257,0.265,2.431,2,-0.340,0.113,2.334,2,-0.272,0.285,2.237,2,-0.270,0.355,2.227,2,0.031,0.311,2.410,2,0.094,0.173,2.278,2,0.014,0.296,2.225,2,-0.020,0.349,2.216,2,-0.171,-0.122,2.641,2,-0.370,-0.267,2.509,2,-0.522,-0.682,2.518,2,-0.498,-0.699,2.408,2,-0.018,-0.106,2.647,2,0.196,-0.259,2.469,2,0.379,-0.680,2.467,2,0.356,-0.691,2.358,2,-0.121,0.300,2.442,2,-0.278,0.413,2.189,2,-0.248,0.373,2.248,2,-0.024,0.409,2.191,2,-0.053,0.360,2.257,0,0,0,0,0
0.800|kb,95467013215460000,6,25,1,72057594037963902,2,-0.096,-0.115,2.677,2,-0.114,0.123,2.548,2,-0.130,0.357,2.408,2,-0.146,0.465,2.324,2,-0.260,0.265,2.431,2,-0.341,0.122,2.319,2,-0.273,0.290,2.236,2,-0.270,0.356,2.227,2,0.031,0.311,2.410,2,0.093,0.171,2.280,2,0.014,0.295,2.226,2,-0.024,0.350,2.213,2,-0.172,-0.121,2.642,2,-0.370,-0.267,2.510,2,-0.522,-0.682,2.518,2,-0.498,-0.699,2.407,2,-0.019,-0.106,2.648,2,0.196,-0.259,2.470,2,0.379,-0.681,2.467,2,0.355,-0.691,2.358,2,-0.126,0.299,2.445,2,-0.278,0.414,2.193,2,-0.253,0.380,2.255,2,-0.031,0.411,2.196,2,-0.050,0.350,2.239,0,0,0,0,0
0.823|kb,95467016521360000,6,25,1,72057594037963902,2,-0.097,-0.116,2.678,2,-0.114,0.121,2.550,2,-0.130,0.353,2.412,2,-0.146,0.465,2.325,2,-0.260,0.266,2.432,2,-0.342,0.129,2.312,2,-0.274,0.295,2.235,2,-0.274,0.361,2.227,2,0.030,0.310,2.410,2,0.094,0.167,2.283,2,0.015,0.281,2.232,2,-0.025,0.338,2.211,2,-0.172,-0.122,2.643,2,-0.370,-0.267,2.510,2,-0.522,-0.682,2.517,2,-0.499,-0.698,2.407,2,-0.019,-0.107,2.649,2,0.196,-0.260,2.470,2,0.379,-0.681,2.467,2,0.355,-0.691,2.358,2,-0.126,0.296,2.448,2,-0.278,0.421,2.195,2,-0.253,0.379,2.259,2,-0.037,0.397,2.192,2,-0.049,0.339,2.226,0,0,0,0,0
0.866|kb,95467019807500000,6,25,1,72057594037963902,2,-0.097,-0.117,2.678,2,-0.116,0.120,2.552,2,-0.133,0.350,2.415,2,-0.147,0.461,2.329,2,-0.264,0.266,2.433,2,-0.346,0.123,2.322,2,-0.277,0.297,2.236,2,-0.277,0.360,2.228,2,0.029,0.309,2.409,2,0.099,0.156,2.302,2,-0.024,0.307,2.212,2,-0.042,0.360,2.193,2,-0.173,-0.122,2.645,2,-0.370,-0.267,2.510,2,-0.523,-0.683,2.517,2,-0.500,-0.698,2.407,2,-0.020,-0.108,2.649,2,0.195,-0.260,2.470,2,0.379,-0.681,2.467,2,0.354,-0.691,2.357,2,-0.128,0.294,2.451,2,-0.283,0.418,2.189,2,-0.258,0.390,2.261,2,-0.072,0.413,2.183,2,-0.049,0.362,2.200,0,0,0,0,0
0.890|kb,95467023216330000,6,25,1,72057594037963902,2,-0.099,-0.119,2.679,2,-0.120,0.116,2.553,2,-0.143,0.345,2.417,2,-0.154,0.459,2.332,2,-0.270,0.265,2.439,2,-0.350,0.096,2.365,2,-0.284,0.297,2.244,2,-0.285,0.360,2.235,2,0.021,0.301,2.401,2,0.104,0.146,2.308,2,-0.030,0.307,2.198,1,-0.053,0.344,2.174,2,-0.174,-0.124,2.646,2,-0.371,-0.267,2.511,2,-0.522,-0.673,2.514,2,-0.502,-0.684,2.404,2,-0.021,-0.110,2.649,2,0.194,-0.261,2.468,2,0.379,-0.681,2.467,2,0.349,-0.691,2.358,2,-0.137,0.289,2.453,2,-0.292,0.418,2.203,2,-0.265,0.392,2.264,2,-0.081,0.372,2.165,2,-0.073,0.377,2.165,0,0,0,0,0
0.932|kb,95467026515600000,6,25,1,72057594037963902,2,-0.100,-0.121,2.681,2,-0.124,0.115,2.554,2,-0.149,0.346,2.417,2,-0.173,0.459,2.337,2,-0.273,0.265,2.447,2,-0.353,0.101,2.367,2,-0.291,0.300,2.252,1,-0.295,0.366,2.252,2,0.007,0.296,2.390,2,0.118,0.144,2.335,2,-0.037,0.244,2.167,1,-0.054,0.271,2.139,2,-0.175,-0.127,2.649,2,-0.372,-0.266,2.513,2,-0.523,-0.675,2.514,2,-0.508,-0.684,2.405,2,-0.024,-0.114,2.649,2,0.190,-0.264,2.465,2,0.379,-0.681,2.467,2,0.342,-0.692,2.359,2,-0.143,0.289,2.454,2,-0.303,0.425,2.221,2,-0.226,0.381,2.273,2,-0.080,0.282,2.124,2,-0.071,0.271,2.136,0,0,0,0,0
0.956|kb,95467029807390000,6,25,1,72057594037963902,2,-0.104,-0.122,2.680,2,-0.127,0.116,2.553,2,-0.152,0.349,2.415,2,-0.196,0.459,2.340,2,-0.280,0.268,2.455,2,-0.391,0.153,2.336,2,-0.252,0.362,2.269,1,-0.201,0.467,2.233,2,0.006,0.297,2.390,2,0.125,0.148,2.345,2,0.006,0.151,2.155,2,-0.017,0.152,2.117,2,-0.178,-0.126,2.653,2,-0.373,-0.265,2.516,2,-0.524,-0.676,2.515,2,-0.510,-0.684,2.406,2,-0.032,-0.116,2.642,2,0.182,-0.267,2.458,2,0.376,-0.681,2.465,2,0.338,-0.694,2.357,2,-0.145,0.292,2.452,2,-0.171,0.527,2.223,2,-0.169,0.436,2.220,2,-0.049,0.168,2.082,2,-0.026,0.136,2.117,0,0,0,0,0
0.999|kb,95467033215710000,6,25,1,72057594037963902,2,-0.108,-0.124,2.679,2,-0.138,0.115,2.551,2,-0.171,0.349,2.412,2,-0.234,0.457,2.347,2,-0.302,0.270,2.468,2,-0.403,0.157,2.338,1,-0.263,0.368,2.280,1,-0.217,0.469,2.239,2,-0.049,0.279,2.380,2,0.118,0.162,2.355,2,0.071,0.060,2.191,2,0.030,0.054,2.108,2,-0.180,-0.126,2.656,2,-0.375,-0.264,2.522,2,-0.525,-0.678,2.521,2,-0.522,-0.685,2.416,2,-0.039,-0.121,2.635,2,0.178,-0.269,2.452,2,0.372,-0.680,2.463,2,0.324,-0.696,2.358,2,-0.163,0.291,2.449,2,-0.189,0.532,2.238,2,-0.182,0.439,2.236,2,0.007,0.038,2.070,2,0.049,0.037,2.093,0,0,0,0,0
1.033|kb,95467036515620000,6,25,1,72057594037963902,2,-0.114,-0.127,2.677,2,-0.154,0.114,2.549,2,-0.198,0.353,2.410,2,-0.259,0.457,2.353,2,-0.325,0.270,2.479,2,-0.452,0.168,2.366,1,-0.296,0.368,2.309,1,-0.226,0.472,2.256,2,-0.058,0.278,2.379,2,0.118,0.167,2.359,2,0.104,0.017,2.203,2,0.092,-0.019,2.137,2,-0.183,-0.129,2.656,2,-0.379,-0.264,2.528,2,-0.531,-0.695,2.539,2,-0.529,-0.701,2.434,2,-0.044,-0.124,2.631,2,0.170,-0.276,2.444,2,0.366,-0.675,2.463,2,0.317,-0.696,2.358,2,-0.187,0.294,2.446,2,-0.197,0.540,2.260,2,-0.192,0.457,2.252,2,0.080,-0.048,2.089,2,0.091,-0.067,2.115,0,0,0,0,0
1.058|kb,95467039807280000,6,25,1,72057594037963902,2,-0.124,-0.132,2.673,2,-0.176,0.113,2.548,2,-0.229,0.354,2.415,2,-0.293,0.463,2.360,2,-0.353,0.270,2.497,2,-0.475,0.156,2.391,1,-0.322,0.359,2.339,1,-0.226,0.488,2.283,2,-0.085,0.277,2.370,2,0.114,0.172,2.358,2,0.144,0.006,2.241,2,0.150,-0.053,2.168,2,-0.189,-0.131,2.657,2,-0.382,-0.265,2.533,2,-0.531,-0.693,2.543,2,-0.536,-0.697,2.440,2,-0.058,-0.130,2.623,2,0.161,-0.274,2.435,2,0.359,-0.669,2.462,2,0.305,-0.696,2.358,2,-0.216,0.294,2.450,2,-0.214,0.539,2.274,2,-0.208,0.467,2.293,2,0.157,-0.100,2.130,2,0.125,-0.056,2.165,0,0,0,0,0
1.100|kb,95467043216280000,6,25,1,72057594037963902,2,-0.125,-0.132,2.672,2,-0.186,0.115,2.548,2,-0.253,0.362,2.416,2,-0.326,0.462,2.372,2,-0.359,0.272,2.502,2,-0.501,0.170,2.411,1,-0.336,0.342,2.375,1,-0.328,0.360,2.344,2,-0.085,0.277,2.370,2,0.104,0.179,2.349,2,0.165,0.014,2.266,2,0.195,-0.046,2.209,2,-0.190,-0.132,2.657,2,-0.385,-0.265,2.540,2,-0.533,-0.700,2.548,2,-0.539,-0.703,2.446,2,-0.059,-0.129,2.620,2,0.158,-0.281,2.431,2,0.350,-0.667,2.460,2,0.297,-0.697,2.357,2,-0.236,0.301,2.451,2,-0.284,0.357,2.339,2,-0.291,0.348,2.361,2,0.233,-0.100,2.162,2,0.182,-0.053,2.163,0,0,0,0,0
1.124|kb,95467046515640000,6,25,1,72057594037963902,2,-0.127,-0.132,2.669,2,-0.196,0.118,2.546,2,-0.271,0.366,2.416,2,-0.353,0.466,2.383,2,-0.406,0.285,2.542,2,-0.524,0.151,2.459,2,-0.447,0.313,2.383,1,-0.446,0.340,2.368,2,-0.146,0.276,2.359,2,0.063,0.198,2.324,2,0.175,0.028,2.267,2,0.225,-0.020,2.220,2,-0.190,-0.132,2.657,2,-0.388,-0.267,2.545,2,-0.535,-0.706,2.552,2,-0.553,-0.707,2.458,2,-0.065,-0.128,2.611,2,0.146,-0.278,2.428,2,0.344,-0.665,2.460,2,0.281,-0.701,2.365,2,-0.253,0.305,2.450,2,-0.416,0.391,2.336,2,-0.390,0.378,2.330,2,0.269,-0.058,2.178,2,0.199,-0.029,2.230,0,0,0,0,0
1.166|kb,95467049807210000,6,25,1,72057594037963902,2,-0.141,-0.135,2.663,2,-0.222,0.118,2.546,2,-0.302,0.367,2.422,2,-0.378,0.469,2.392,2,-0.408,0.285,2.543,2,-0.532,0.146,2.490,2,-0.462,0.303,2.400,1,-0.464,0.346,2.385,2,-0.160,0.276,2.356,2,0.033,0.203,2.308,2,0.180,0.068,2.252,2,0.234,0.023,2.210,2,-0.194,-0.133,2.657,2,-0.392,-0.270,2.548,2,-0.537,-0.710,2.556,2,-0.556,-0.709,2.464,2,-0.088,-0.135,2.598,2,0.133,-0.272,2.425,2,0.339,-0.665,2.460,2,0.276,-0.704,2.366,2,-0.282,0.305,2.455,2,-0.430,0.392,2.346,2,-0.407,0.376,2.340,2,0.287,-0.010,2.161,2,0.216,0.009,2.214,0,0,0,0,0
1.191|kb,95467053215270000,6,25,1,72057594037963902,2,-0.148,-0.141,2.658,2,-0.223,0.117,2.546,2,-0.302,0.367,2.422,2,-0.403,0.473,2.406,2,-0.412,0.283,2.547,2,-0.545,0.147,2.524,2,-0.480,0.298,2.419,1,-0.482,0.350,2.400,2,-0.189,0.278,2.351,2,0.027,0.200,2.294,2,0.226,0.067,2.189,2,0.278,0.053,2.167,2,-0.199,-0.140,2.653,2,-0.396,-0.273,2.550,2,-0.538,-0.714,2.561,2,-0.562,-0.710,2.471,2,-0.094,-0.138,2.597,2,0.130,-0.276,2.424,2,0.333,-0.665,2.462,2,0.266,-0.706,2.371,2,-0.282,0.305,2.455,2,-0.449,0.395,2.359,2,-0.424,0.373,2.342,2,0.333,0.023,2.148,2,0.297,0.036,2.187,0,0,0,0,0
1.232|kb,95467056515950000,6,25,1,72057594037963902,2,-0.155,-0.143,2.658,2,-0.254,0.122,2.547,2,-0.355,0.388,2.426,2,-0.431,0.484,2.411,2,-0.447,0.269,2.583,2,-0.562,0.122,2.530,2,-0.501,0.285,2.444,1,-0.496,0.358,2.413,2,-0.205,0.278,2.350,2,-0.008,0.213,2.264,2,0.185,0.124,2.166,2,0.267,0.108,2.124,2,-0.206,-0.142,2.654,2,-0.398,-0.273,2.552,2,-0.535,-0.695,2.565,2,-0.559,-0.691,2.477,2,-0.101,-0.140,2.596,2,0.127,-0.277,2.425,2,0.327,-0.664,2.464,2,0.260,-0.709,2.375,2,-0.332,0.323,2.458,2,-0.460,0.402,2.367,2,-0.446,0.376,2.358,2,0.319,0.086,2.097,2,0.288,0.094,2.134,0,0,0,0,0
1.257|kb,95467059807230000,6,25,1,72057594037963902,2,-0.156,-0.143,2.657,2,-0.259,0.124,2.546,2,-0.364,0.389,2.427,2,-0.446,0.484,2.420,2,-0.450,0.268,2.585,1,-0.568,0.120,2.547,2,-0.513,0.286,2.455,1,-0.511,0.358,2.425,2,-0.256,0.294,2.331,2,-0.027,0.211,2.244,2,0.181,0.154,2.095,2,0.219,0.160,2.072,2,-0.205,-0.143,2.653,2,-0.402,-0.273,2.552,2,-0.537,-0.706,2.566,2,-0.567,-0.701,2.486,2,-0.104,-0.138,2.594,2,0.122,-0.277,2.424,2,0.323,-0.663,2.465,2,0.251,-0.709,2.384,2,-0.339,0.324,2.459,2,-0.478,0.402,2.372,2,-0.465,0.381,2.363,2,0.272,0.158,2.041,2,0.239,0.149,2.076,0,0,0,0,0
1.299|kb,95467063216060000,6,25,1,72057594037963902,2,-0.157,-0.143,2.656,2,-0.266,0.125,2.546,2,-0.377,0.391,2.426,2,-0.469,0.485,2.433,2,-0.462,0.263,2.598,1,-0.575,0.110,2.578,2,-0.533,0.332,2.446,1,-0.524,0.403,2.416,2,-0.254,0.283,2.341,2,-0.055,0.233,2.182,2,0.130,0.195,2.024,2,0.179,0.203,2.004,2,-0.206,-0.143,2.653,2,-0.405,-0.273,2.552,2,-0.538,-0.711,2.568,2,-0.567,-0.706,2.487,2,-0.106,-0.139,2.593,2,0.112,-0.270,2.422,2,0.316,-0.662,2.466,2,0.246,-0.709,2.384,2,-0.350,0.326,2.458,2,-0.504,0.465,2.366,2,-0.486,0.385,2.379,2,0.233,0.202,1.953,2,0.188,0.188,2.003,0,0,0,0,0
1.323|kb,95467066515330000,6,25,1,72057594037963902,2,-0.157,-0.148,2.645,2,-0.272,0.126,2.542,2,-0.390,0.396,2.427,2,-0.487,0.487,2.440,2,-0.462,0.257,2.595,2,-0.584,0.112,2.592,2,-0.542,0.294,2.473,1,-0.537,0.362,2.442,2,-0.258,0.273,2.352,2,-0.085,0.265,2.145,2,0.110,0.244,1.969,1,0.130,0.242,1.928,2,-0.205,-0.150,2.643,2,-0.408,-0.274,2.551,2,-0.538,-0.713,2.569,2,-0.567,-0.707,2.486,2,-0.107,-0.141,2.582,2,0.112,-0.277,2.420,2,0.314,-0.661,2.466,2,0.245,-0.709,2.384,2,-0.360,0.329,2.457,2,-0.532,0.410,2.412,2,-0.495,0.384,2.383,2,0.172,0.243,1.873,2,0.146,0.219,1.906,0,0,0,0,0
1.367|kb,95467069807460000,6,25,1,72057594037963902,2,-0.160,-0.147,2.644,2,-0.281,0.128,2.542,2,-0.401,0.399,2.429,2,-0.500,0.490,2.444,2,-0.471,0.256,2.600,2,-0.583,0.103,2.593,2,-0.545,0.295,2.474,1,-0.543,0.366,2.449,2,-0.262,0.270,2.361,2,-0.130,0.296,2.128,2,0.020,0.270,1.911,2,0.048,0.273,1.864,2,-0.208,-0.150,2.641,2,-0.412,-0.277,2.550,2,-0.538,-0.714,2.569,2,-0.566,-0.707,2.486,2,-0.110,-0.141,2.582,2,0.111,-0.277,2.419,2,0.311,-0.660,2.466,2,0.243,-0.708,2.383,2,-0.372,0.333,2.459,2,-0.539,0.416,2.423,2,-0.503,0.382,2.390,2,0.098,0.268,1.791,2,0.047,0.236,1.863,0,0,0,0,0
1.391|kb,95467073215390000,6,25,1,72057594037963902,2,-0.160,-0.143,2.641,2,-0.285,0.132,2.543,2,-0.411,0.403,2.436,2,-0.515,0.489,2.453,2,-0.477,0.249,2.607,1,-0.583,0.091,2.593,2,-0.547,0.294,2.475,1,-0.547,0.363,2.453,2,-0.283,0.307,2.353,2,-0.208,0.319,2.144,2,-0.084,0.280,1.912,2,-0.034,0.299,1.810,2,-0.207,-0.148,2.635,2,-0.417,-0.279,2.548,2,-0.537,-0.715,2.569,2,-0.566,-0.709,2.485,2,-0.110,-0.131,2.583,2,0.110,-0.279,2.419,2,0.308,-0.659,2.466,2,0.240,-0.706,2.382,2,-0.380,0.337,2.464,2,-0.540,0.410,2.423,2,-0.494,0.364,2.386,2,0.009,0.300,1.732,2,-0.024,0.263,1.811,0,0,0,0,0
1.432|kb,95467076515430000,6,25,1,72057594037963902,2,-0.165,-0.139,2.612,2,-0.289,0.133,2.539,2,-0.416,0.402,2.440,2,-0.520,0.488,2.456,2,-0.479,0.244,2.608,1,-0.555,0.076,2.643,2,-0.550,0.284,2.482,1,-0.550,0.361,2.453,2,-0.284,0.306,2.355,1,-0.206,0.325,2.143,2,-0.150,0.301,1.884,2,-0.120,0.321,1.769,2,-0.211,-0.151,2.598,2,-0.418,-0.279,2.547,2,-0.537,-0.716,2.569,2,-0.567,-0.708,2.484,2,-0.114,-0.125,2.561,2,0.109,-0.278,2.419,2,0.308,-0.660,2.466,2,0.238,-0.706,2.381,2,-0.384,0.336,2.466,2,-0.519,0.399,2.383,2,-0.477,0.340,2.398,2,-0.084,0.328,1.698,2,-0.106,0.284,1.770,0,0,0,0,0
1.456|kb,95467079807470000,6,25,1,72057594037963902,2,-0.167,-0.136,2.609,2,-0.296,0.136,2.533,2,-0.423,0.402,2.440,2,-0.523,0.492,2.456,2,-0.477,0.240,2.610,1,-0.556,0.073,2.642,2,-0.550,0.283,2.484,1,-0.550,0.357,2.454,2,-0.296,0.307,2.357,2,-0.287,0.336,2.156,1,-0.239,0.319,1.903,2,-0.203,0.337,1.741,2,-0.211,-0.149,2.598,2,-0.432,-0.381,2.543,2,-0.552,-0.750,2.567,2,-0.586,-0.759,2.483,2,-0.124,-0.118,2.551,2,0.102,-0.332,2.423,2,0.307,-0.655,2.465,2,0.238,-0.705,2.382,2,-0.391,0.337,2.465,2,-0.542,0.399,2.410,2,-0.474,0.341,2.398,2,-0.174,0.346,1.676,2,-0.181,0.316,1.740,0,0,0,0,0
1.499|kb,95467083215920000,6,25,1,72057594037963902,2,-0.177,-0.138,2.609,2,-0.309,0.123,2.535,2,-0.440,0.366,2.450,2,-0.522,0.471,2.461,2,-0.478,0.234,2.611,1,-0.563,0.064,2.617,2,-0.549,0.287,2.479,1,-0.548,0.368,2.447,2,-0.230,0.256,2.414,2,-0.232,0.308,2.147,2,-0.266,0.329,1.884,2,-0.281,0.352,1.726,2,-0.234,-0.148,2.617,2,-0.439,-0.389,2.542,2,-0.557,-0.749,2.566,2,-0.582,-0.766,2.471,2,-0.128,-0.123,2.542,2,0.103,-0.334,2.423,2,0.307,-0.653,2.465,2,0.251,-0.704,2.371,2,-0.408,0.307,2.472,2,-0.557,0.420,2.423,2,-0.473,0.341,2.381,2,-0.294,0.370,1.674,2,-0.253,0.354,1.692,0,0,0,0,0
1.525|kb,95467086515880000,6,25,1,72057594037963902,2,-0.182,-0.144,2.612,2,-0.312,0.118,2.532,2,-0.441,0.366,2.436,2,-0.537,0.464,2.469,2,-0.478,0.232,2.606,1,-0.578,0.071,2.567,2,-0.543,0.309,2.464,1,-0.550,0.400,2.437,2,-0.229,0.258,2.412,2,-0.267,0.308,2.148,2,-0.311,0.336,1.929,2,-0.362,0.371,1.719,2,-0.237,-0.152,2.616,2,-0.439,-0.390,2.542,2,-0.556,-0.750,2.568,2,-0.579,-0.767,2.472,2,-0.129,-0.131,2.548,2,0.106,-0.336,2.422,2,0.309,-0.651,2.464,2,0.254,-0.704,2.370,2,-0.410,0.305,2.463,2,-0.532,0.435,2.396,2,-0.507,0.385,2.380,2,-0.389,0.384,1.668,2,-0.350,0.398,1.695,0,0,0,0,0
1.566|kb,95467089808730000,6,25,1,72057594037963902,2,-0.202,-0.131,2.646,2,-0.316,0.114,2.542,2,-0.436,0.353,2.441,2,-0.522,0.458,2.468,2,-0.479,0.233,2.605,1,-0.576,0.069,2.566,1,-0.555,0.305,2.452,1,-0.554,0.430,2.428,2,-0.230,0.261,2.410,2,-0.289,0.323,2.153,2,-0.363,0.344,1.928,2,-0.434,0.388,1.732,2,-0.259,-0.133,2.655,2,-0.438,-0.388,2.542,2,-0.555,-0.750,2.568,2,-0.576,-0.768,2.473,2,-0.139,-0.126,2.571,2,0.094,-0.326,2.429,2,0.314,-0.651,2.465,2,0.260,-0.705,2.371,2,-0.407,0.295,2.468,2,-0.512,0.515,2.338,2,-0.537,0.421,2.387,2,-0.473,0.398,1.679,2,-0.411,0.409,1.719,0,0,0,0,0
1.590|kb,95467093216240000,6,25,1,72057594037963902,2,-0.154,-0.153,2.602,2,-0.293,0.101,2.539,2,-0.417,0.343,2.457,2,-0.504,0.443,2.470,2,-0.460,0.223,2.566,1,-0.558,0.070,2.610,1,-0.545,0.289,2.465,1,-0.537,0.377,2.430,2,-0.229,0.270,2.404,2,-0.280,0.338,2.147,2,-0.398,0.363,1.910,2,-0.488,0.403,1.770,2,-0.206,-0.170,2.592,2,-0.414,-0.279,2.535,2,-0.532,-0.707,2.562,2,-0.548,-0.702,2.459,2,-0.100,-0.132,2.549,2,0.120,-0.272,2.416,2,0.318,-0.658,2.464,2,0.265,-0.702,2.363,2,-0.387,0.284,2.479,2,-0.556,0.436,2.390,2,-0.496,0.377,2.378,2,-0.531,0.410,1.723,2,-0.481,0.431,1.746,0,0,0,0,0
1.632|kb,95467096515980000,6,25,1,72057594037963902,2,-0.154,-0.119,2.602,2,-0.278,0.105,2.524,2,-0.383,0.321,2.418,2,-0.473,0.450,2.438,2,-0.462,0.224,2.570,1,-0.578,0.073,2.571,2,-0.537,0.303,2.452,1,-0.533,0.387,2.422,2,-0.227,0.272,2.401,2,-0.281,0.339,2.144,2,-0.418,0.378,1.921,2,-0.524,0.421,1.813,2,-0.207,-0.130,2.612,2,-0.418,-0.368,2.535,2,-0.539,-0.750,2.569,2,-0.551,-0.747,2.468,2,-0.098,-0.096,2.529,2,0.114,-0.326,2.424,2,0.322,-0.656,2.462,2,0.270,-0.703,2.363,2,-0.356,0.269,2.445,2,-0.555,0.430,2.400,2,-0.495,0.385,2.368,2,-0.567,0.438,1.776,2,-0.512,0.448,1.797,0,0,0,0,0
1.657|kb,95467099807460000,6,25,1,72057594037963902,2,-0.154,-0.119,2.602,2,-0.276,0.107,2.520,2,-0.383,0.322,2.417,2,-0.474,0.452,2.440,2,-0.459,0.225,2.567,1,-0.577,0.076,2.571,2,-0.530,0.305,2.451,1,-0.528,0.390,2.416,2,-0.226,0.271,2.401,2,-0.290,0.329,2.145,2,-0.440,0.390,1.936,2,-0.539,0.442,1.868,2,-0.207,-0.130,2.612,2,-0.418,-0.368,2.535,2,-0.540,-0.751,2.568,2,-0.551,-0.747,2.466,2,-0.096,-0.096,2.528,2,0.117,-0.327,2.423,2,0.326,-0.656,2.461,2,0.274,-0.702,2.363,2,-0.356,0.270,2.444,2,-0.546,0.435,2.393,2,-0.491,0.385,2.366,2,-0.586,0.464,1.836,2,-0.524,0.470,1.857,0,0,0,0,0
1.701|kb,95467103216300000,6,25,1,72057594037963902,2,-0.152,-0.118,2.601,2,-0.274,0.108,2.519,2,-0.384,0.325,2.418,2,-0.474,0.454,2.440,2,-0.459,0.228,2.567,1,-0.572,0.075,2.566,2,-0.527,0.304,2.447,1,-0.524,0.393,2.414,2,-0.223,0.269,2.402,2,-0.279,0.331,2.144,2,-0.459,0.422,1.975,2,-0.534,0.467,1.931,2,-0.205,-0.130,2.610,2,-0.417,-0.368,2.534,2,-0.542,-0.751,2.565,2,-0.553,-0.746,2.464,2,-0.095,-0.096,2.528,2,0.121,-0.327,2.423,2,0.331,-0.656,2.461,2,0.277,-0.702,2.363,2,-0.356,0.272,2.445,2,-0.535,0.439,2.402,2,-0.486,0.388,2.362,2,-0.590,0.494,1.906,2,-0.516,0.490,1.920,0,0,0,0,0
1.727|kb,95467106515700000,6,25,1,72057594037963902,2,-0.152,-0.116,2.601,2,-0.272,0.109,2.519,2,-0.382,0.326,2.419,2,-0.471,0.456,2.439,2,-0.459,0.229,2.567,1,-0.567,0.073,2.564,2,-0.515,0.298,2.440,1,-0.513,0.363,2.419,2,-0.221,0.268,2.402,2,-0.249,0.327,2.139,2,-0.443,0.437,2.021,2,-0.492,0.478,2.010,2,-0.206,-0.129,2.610,2,-0.413,-0.371,2.534,2,-0.531,-0.753,2.572,2,-0.543,-0.750,2.470,2,-0.094,-0.096,2.528,2,0.125,-0.325,2.424,2,0.348,-0.680,2.463,2,0.330,-0.717,2.423,2,-0.354,0.272,2.445,2,-0.506,0.425,2.400,2,-0.474,0.375,2.379,2,-0.552,0.516,1.995,2,-0.497,0.507,1.999,0,0,0,0,0
1.767|kb,95467109808420000,6,25,1,72057594037963902,2,-0.152,-0.115,2.601,2,-0.270,0.117,2.518,2,-0.377,0.348,2.421,2,-0.466,0.457,2.432,2,-0.454,0.232,2.566,1,-0.558,0.073,2.564,2,-0.515,0.297,2.435,1,-0.515,0.357,2.414,2,-0.217,0.290,2.390,2,-0.205,0.325,2.121,2,-0.370,0.414,2.082,2,-0.431,0.477,2.086,2,-0.206,-0.128,2.609,2,-0.415,-0.368,2.529,2,-0.541,-0.747,2.565,2,-0.553,-0.744,2.463,2,-0.095,-0.095,2.529,2,0.127,-0.323,2.425,2,0.357,-0.690,2.464,2,0.331,-0.717,2.420,2,-0.351,0.290,2.447,2,-0.477,0.400,2.367,2,-0.475,0.398,2.356,2,-0.488,0.527,2.086,2,-0.404,0.487,2.096,0,0,0,0,0
1.792|kb,95467113215760000,6,25,1,72057594037963902,2,-0.149,-0.104,2.597,2,-0.260,0.133,2.512,2,-0.366,0.364,2.417,2,-0.434,0.456,2.380,2,-0.446,0.234,2.562,1,-0.554,0.078,2.565,2,-0.515,0.290,2.427,2,-0.529,0.344,2.408,2,-0.182,0.374,2.344,2,-0.187,0.326,2.131,2,-0.342,0.431,2.146,2,-0.377,0.496,2.163,2,-0.202,-0.118,2.596,2,-0.410,-0.360,2.527,2,-0.539,-0.737,2.563,2,-0.549,-0.734,2.458,2,-0.092,-0.084,2.531,2,0.125,-0.315,2.427,2,0.362,-0.693,2.463,2,0.333,-0.716,2.418,2,-0.340,0.307,2.443,2,-0.550,0.404,2.375,2,-0.544,0.320,2.369,2,-0.427,0.539,2.169,2,-0.345,0.520,2.207,0,0,0,0,0
1.831|kb,95467116517210000,6,25,1,72057594037963902,2,-0.149,-0.097,2.594,2,-0.248,0.139,2.505,2,-0.327,0.367,2.400,2,-0.397,0.492,2.353,2,-0.409,0.273,2.538,2,-0.486,0.111,2.590,2,-0.532,0.242,2.428,2,-0.547,0.303,2.396,2,-0.135,0.405,2.308,2,-0.129,0.286,2.143,2,-0.300,0.448,2.194,1,-0.318,0.502,2.216,2,-0.201,-0.109,2.589,2,-0.405,-0.355,2.524,2,-0.538,-0.730,2.561,2,-0.550,-0.728,2.457,2,-0.093,-0.081,2.532,2,0.125,-0.312,2.430,2,0.367,-0.695,2.462,2,0.335,-0.715,2.418,2,-0.309,0.311,2.429,2,-0.576,0.361,2.347,2,-0.557,0.270,2.369,2,-0.365,0.553,2.249,2,-0.295,0.520,2.202,0,0,0,0,0
1.855|kb,95467119807290000,6,25,1,72057594037963902,2,-0.144,-0.079,2.617,2,-0.233,0.150,2.508,2,-0.310,0.377,2.390,2,-0.372,0.495,2.352,2,-0.412,0.267,2.539,2,-0.487,0.106,2.594,2,-0.538,0.216,2.421,2,-0.559,0.241,2.390,2,-0.134,0.401,2.305,2,-0.113,0.268,2.153,1,-0.287,0.439,2.208,1,-0.347,0.516,2.259,2,-0.197,-0.099,2.598,2,-0.398,-0.347,2.522,2,-0.533,-0.720,2.561,2,-0.542,-0.721,2.458,2,-0.088,-0.055,2.577,2,0.113,-0.289,2.443,2,0.371,-0.697,2.458,2,0.337,-0.713,2.420,2,-0.292,0.321,2.422,2,-0.601,0.287,2.336,2,-0.572,0.212,2.366,2,-0.373,0.544,2.254,2,-0.317,0.521,2.238,0,0,0,0,0
1.899|kb,95467123215440000,6,25,1,72057594037963902,2,-0.121,-0.096,2.600,2,-0.188,0.146,2.496,2,-0.254,0.385,2.383,2,-0.333,0.490,2.343,2,-0.394,0.276,2.513,2,-0.474,0.128,2.588,2,-0.543,0.173,2.404,2,-0.562,0.187,2.384,2,-0.090,0.371,2.322,2,-0.076,0.230,2.177,2,-0.208,0.431,2.235,1,-0.234,0.496,2.255,2,-0.182,-0.110,2.582,2,-0.390,-0.263,2.502,2,-0.531,-0.669,2.531,2,-0.536,-0.664,2.424,2,-0.051,-0.082,2.554,2,0.162,-0.255,2.440,2,0.360,-0.685,2.455,2,0.296,-0.693,2.351,2,-0.238,0.326,2.413,2,-0.608,0.209,2.315,2,-0.564,0.145,2.373,2,-0.290,0.551,2.271,2,-0.204,0.515,2.231,0,0,0,0,0
1.923|kb,95467126515000000,6,25,1,72057594037963902,2,-0.124,-0.087,2.616,2,-0.190,0.147,2.500,2,-0.256,0.383,2.382,2,-0.310,0.490,2.331,2,-0.394,0.276,2.512,2,-0.448,0.137,2.617,2,-0.519,0.119,2.433,2,-0.546,0.135,2.391,2,-0.085,0.371,2.322,2,-0.059,0.220,2.191,1,-0.189,0.432,2.243,1,-0.229,0.492,2.259,2,-0.183,-0.099,2.598,2,-0.385,-0.342,2.501,2,-0.535,-0.709,2.539,2,-0.537,-0.709,2.432,2,-0.060,-0.072,2.571,2,0.155,-0.301,2.452,2,0.359,-0.671,2.457,2,0.301,-0.688,2.354,2,-0.239,0.325,2.413,2,-0.591,0.143,2.319,2,-0.553,0.096,2.385,2,-0.252,0.563,2.261,2,-0.179,0.493,2.208,0,0,0,0,0
1.966|kb,95467129807900000,6,25,1,72057594037963902,2,-0.118,-0.089,2.624,2,-0.167,0.144,2.505,2,-0.201,0.371,2.369,2,-0.262,0.486,2.312,2,-0.346,0.286,2.454,2,-0.442,0.151,2.605,2,-0.516,0.080,2.415,2,-0.524,0.094,2.400,2,-0.051,0.371,2.330,2,-0.025,0.208,2.214,2,-0.132,0.377,2.220,1,-0.168,0.446,2.234,2,-0.181,-0.100,2.601,2,-0.383,-0.268,2.486,2,-0.529,-0.673,2.521,2,-0.521,-0.676,2.408,2,-0.049,-0.075,2.588,2,0.171,-0.247,2.453,2,0.361,-0.671,2.456,2,0.317,-0.688,2.350,2,-0.190,0.315,2.406,2,-0.565,0.093,2.322,2,-0.531,0.056,2.408,2,-0.215,0.501,2.242,2,-0.136,0.469,2.218,0,0,0,0,0
1.990|kb,95467133215410000,6,25,1,72057594037963902,2,-0.116,-0.092,2.628,2,-0.160,0.143,2.504,2,-0.193,0.373,2.364,2,-0.240,0.482,2.303,2,-0.335,0.290,2.442,2,-0.440,0.153,2.601,2,-0.497,0.078,2.427,2,-0.511,0.065,2.411,2,-0.030,0.356,2.341,2,-0.006,0.203,2.213,2,-0.120,0.374,2.222,1,-0.156,0.440,2.234,2,-0.181,-0.101,2.601,2,-0.381,-0.268,2.485,2,-0.527,-0.675,2.516,2,-0.516,-0.681,2.403,2,-0.045,-0.079,2.594,2,0.173,-0.247,2.456,2,0.363,-0.671,2.456,2,0.325,-0.690,2.349,2,-0.184,0.316,2.402,2,-0.549,0.048,2.344,2,-0.516,0.028,2.426,2,-0.182,0.499,2.232,2,-0.119,0.457,2.203,0,0,0,0,0
2.034|kb,95467136515320000,6,25,1,72057594037963902,2,-0.114,-0.093,2.631,2,-0.136,0.141,2.505,2,-0.138,0.371,2.362,2,-0.197,0.482,2.292,2,-0.314,0.297,2.419,2,-0.439,0.169,2.586,2,-0.492,0.038,2.448,2,-0.518,0.033,2.415,2,-0.022,0.353,2.345,2,0.031,0.201,2.224,1,-0.110,0.390,2.224,1,-0.135,0.438,2.227,2,-0.181,-0.101,2.602,2,-0.376,-0.269,2.482,2,-0.523,-0.678,2.506,2,-0.508,-0.686,2.393,2,-0.042,-0.081,2.600,2,0.177,-0.251,2.460,2,0.365,-0.671,2.456,2,0.332,-0.689,2.348,2,-0.137,0.315,2.400,2,-0.555,0.006,2.340,2,-0.520,0.003,2.427,2,-0.150,0.470,2.220,2,-0.107,0.471,2.224,0,0,0,0,0
2.059|kb,95467139807410000,6,25,1,72057594037963902,2,-0.111,-0.094,2.635,2,-0.125,0.142,2.504,2,-0.131,0.374,2.357,2,-0.164,0.481,2.288,2,-0.295,0.302,2.401,2,-0.446,0.185,2.557,2,-0.495,0.026,2.455,2,-0.541,-0.003,2.415,2,0.019,0.346,2.370,2,0.077,0.195,2.251,1,-0.076,0.401,2.232,1,-0.096,0.450,2.228,2,-0.180,-0.102,2.602,2,-0.370,-0.274,2.475,2,-0.516,-0.674,2.500,2,-0.492,-0.685,2.388,2,-0.036,-0.084,2.608,2,0.181,-0.253,2.466,2,0.368,-0.672,2.456,2,0.345,-0.690,2.349,2,-0.130,0.317,2.396,2,-0.577,-0.049,2.365,2,-0.531,-0.024,2.435,2,-0.099,0.492,2.223,2,-0.082,0.489,2.240,0,0,0,0,0
2.099|kb,95467143216450000,6,25,1,72057594037963902,2,-0.106,-0.096,2.637,2,-0.118,0.139,2.506,2,-0.126,0.369,2.360,2,-0.119,0.477,2.289,2,-0.272,0.299,2.385,2,-0.464,0.205,2.511,2,-0.526,0.034,2.445,2,-0.560,-0.012,2.414,2,0.018,0.347,2.368,2,0.102,0.194,2.272,1,-0.044,0.405,2.241,1,-0.056,0.451,2.226,2,-0.176,-0.103,2.601,2,-0.363,-0.276,2.465,2,-0.509,-0.671,2.490,2,-0.481,-0.684,2.379,2,-0.032,-0.085,2.612,2,0.183,-0.257,2.470,2,0.372,-0.673,2.458,2,0.352,-0.688,2.350,2,-0.124,0.312,2.399,2,-0.596,-0.059,2.380,2,-0.549,-0.033,2.439,2,-0.058,0.496,2.217,2,-0.042,0.486,2.219,0,0,0,0,0
2.123|kb,95467146515340000,6,25,1,72057594037963902,2,-0.101,-0.097,2.639,2,-0.093,0.137,2.505,2,-0.073,0.369,2.356,2,-0.087,0.476,2.291,2,-0.243,0.297,2.367,2,-0.454,0.228,2.452,2,-0.559,0.031,2.418,2,-0.606,-0.030,2.395,2,0.038,0.344,2.380,2,0.133,0.190,2.298,1,-0.004,0.405,2.255,1,-0.015,0.448,2.233,2,-0.172,-0.105,2.600,2,-0.358,-0.277,2.457,2,-0.490,-0.656,2.477,2,-0.455,-0.671,2.367,2,-0.026,-0.088,2.617,2,0.184,-0.259,2.476,2,0.375,-0.675,2.459,2,0.362,-0.687,2.353,2,-0.077,0.312,2.395,2,-0.643,-0.092,2.382,2,-0.577,-0.022,2.419,2,-0.022,0.496,2.222,2,-0.008,0.482,2.222,0,0,0,0,0
2.166|kb,95467149808150000,6,25,1,72057594037963902,2,-0.097,-0.098,2.640,2,-0.080,0.134,2.509,2,-0.058,0.362,2.365,2,-0.043,0.475,2.293,2,-0.243,0.297,2.367,2,-0.442,0.241,2.396,2,-0.591,0.045,2.374,2,-0.648,-0.012,2.356,2,0.067,0.338,2.398,2,0.161,0.180,2.324,1,0.025,0.393,2.265,1,0.015,0.437,2.250,2,-0.168,-0.105,2.599,2,-0.352,-0.279,2.452,2,-0.484,-0.650,2.472,2,-0.447,-0.666,2.363,2,-0.023,-0.090,2.619,2,0.184,-0.261,2.481,2,0.377,-0.677,2.462,2,0.365,-0.686,2.357,2,-0.064,0.306,2.403,2,-0.697,-0.068,2.354,2,-0.618,-0.007,2.372,2,0.018,0.489,2.250,2,0.024,0.478,2.250,0,0,0,0,0
2.200|kb,95467153216430000,6,25,1,72057594037963902,2,-0.095,-0.100,2.640,2,-0.071,0.132,2.509,2,-0.044,0.360,2.367,2,-0.019,0.475,2.298,2,-0.182,0.282,2.343,2,-0.421,0.247,2.341,2,-0.606,0.079,2.309,2,-0.676,0.030,2.292,2,0.115,0.330,2.423,2,0.183,0.162,2.344,1,0.060,0.380,2.276,1,0.049,0.425,2.262,2,-0.163,-0.106,2.595,2,-0.347,-0.280,2.445,2,-0.481,-0.647,2.472,2,-0.431,-0.667,2.366,2,-0.022,-0.093,2.621,2,0.187,-0.264,2.484,2,0.379,-0.681,2.464,2,0.379,-0.686,2.363,2,-0.051,0.304,2.404,2,-0.730,-0.019,2.295,2,-0.660,0.018,2.309,2,0.050,0.471,2.258,2,0.057,0.464,2.262,0,0,0,0,0
2.233|kb,95467156516300000,6,25,1,72057594037963902,2,-0.092,-0.104,2.640,2,-0.064,0.130,2.509,2,-0.030,0.361,2.366,2,0.014,0.471,2.307,2,-0.166,0.278,2.337,2,-0.400,0.248,2.286,2,-0.608,0.119,2.229,2,-0.685,0.089,2.209,2,0.116,0.314,2.434,2,0.202,0.156,2.352,1,0.089,0.382,2.295,1,0.077,0.423,2.278,2,-0.160,-0.108,2.594,2,-0.343,-0.280,2.441,2,-0.481,-0.674,2.483,2,-0.431,-0.701,2.379,2,-0.020,-0.099,2.624,2,0.190,-0.267,2.488,2,0.382,-0.686,2.469,2,0.383,-0.687,2.370,2,-0.039,0.304,2.404,2,-0.740,0.049,2.211,2,-0.659,0.076,2.222,2,0.080,0.476,2.277,2,0.084,0.471,2.276,0,0,0,0,0
2.258|kb,95467159807870000,6,25,1,72057594037963902,2,-0.082,-0.111,2.638,2,-0.048,0.127,2.506,2,-0.012,0.360,2.364,2,0.039,0.468,2.316,2,-0.142,0.280,2.325,2,-0.352,0.260,2.238,2,-0.575,0.168,2.142,2,-0.656,0.151,2.114,2,0.119,0.304,2.441,2,0.222,0.155,2.364,2,0.149,0.324,2.307,1,0.108,0.383,2.288,2,-0.146,-0.116,2.586,2,-0.342,-0.280,2.437,2,-0.478,-0.667,2.483,2,-0.424,-0.699,2.381,2,-0.015,-0.104,2.626,2,0.192,-0.268,2.491,2,0.383,-0.690,2.473,2,0.388,-0.688,2.377,2,-0.021,0.303,2.401,2,-0.711,0.131,2.105,2,-0.636,0.129,2.119,2,0.104,0.443,2.280,2,0.131,0.404,2.273,0,0,0,0,0
2.300|kb,95467163220080000,6,25,1,72057594037963902,2,-0.079,-0.113,2.637,2,-0.035,0.125,2.507,2,0.017,0.361,2.368,2,0.059,0.468,2.321,2,-0.135,0.280,2.322,2,-0.291,0.280,2.199,2,-0.511,0.222,2.071,2,-0.631,0.203,2.016,2,0.120,0.299,2.446,2,0.240,0.156,2.386,2,0.158,0.314,2.310,1,0.127,0.377,2.298,2,-0.142,-0.118,2.584,2,-0.338,-0.278,2.434,2,-0.478,-0.669,2.488,2,-0.424,-0.706,2.387,2,-0.013,-0.107,2.626,2,0.194,-0.269,2.493,2,0.385,-0.693,2.477,2,0.390,-0.689,2.382,2,0.003,0.303,2.405,2,-0.685,0.191,1.980,2,-0.627,0.172,1.994,2,0.121,0.431,2.285,2,0.141,0.418,2.284,0,0,0,0,0
2.343|kb,95467169807710000,6,25,1,72057594037963902,2,-0.079,-0.117,2.636,2,-0.027,0.127,2.506,2,0.035,0.372,2.363,2,0.097,0.468,2.337,2,-0.111,0.277,2.317,2,-0.262,0.297,2.096,2,-0.435,0.275,1.898,2,-0.497,0.281,1.840,2,0.128,0.296,2.454,2,0.257,0.156,2.421,2,0.185,0.311,2.328,1,0.160,0.375,2.317,2,-0.142,-0.118,2.583,2,-0.333,-0.274,2.430,2,-0.481,-0.676,2.496,2,-0.426,-0.721,2.399,2,-0.014,-0.113,2.624,2,0.196,-0.270,2.496,2,0.385,-0.697,2.484,2,0.342,-0.711,2.466,2,0.019,0.311,2.401,2,-0.543,0.281,1.772,2,-0.442,0.312,1.788,2,0.149,0.430,2.296,2,0.095,0.349,2.268,0,0,0,0,0
2.396|kb,95467173216080000,6,25,1,72057594037963902,2,-0.080,-0.117,2.635,2,-0.026,0.128,2.505,2,0.036,0.373,2.363,2,0.108,0.468,2.343,2,-0.107,0.282,2.314,2,-0.186,0.315,2.088,2,-0.336,0.303,1.871,2,-0.411,0.314,1.778,2,0.141,0.293,2.468,2,0.264,0.150,2.419,1,0.192,0.309,2.334,1,0.168,0.373,2.325,2,-0.143,-0.118,2.583,2,-0.328,-0.268,2.426,2,-0.481,-0.674,2.496,2,-0.425,-0.722,2.400,2,-0.016,-0.116,2.622,2,0.197,-0.270,2.496,2,0.386,-0.698,2.486,2,0.346,-0.712,2.469,2,0.020,0.312,2.401,2,-0.457,0.320,1.710,2,-0.365,0.348,1.729,2,0.165,0.430,2.309,2,0.102,0.348,2.274,0,0,0,0,0
2.440|kb,95467179807600000,6,25,1,72057594037963902,2,-0.081,-0.117,2.631,2,-0.020,0.131,2.502,2,0.045,0.377,2.362,2,0.128,0.473,2.353,2,-0.076,0.283,2.325,2,-0.112,0.325,2.129,2,-0.190,0.346,1.877,2,-0.243,0.376,1.716,2,0.148,0.292,2.472,2,0.271,0.149,2.427,1,0.204,0.309,2.341,1,0.182,0.373,2.336,2,-0.142,-0.114,2.578,2,-0.324,-0.266,2.423,2,-0.480,-0.673,2.494,2,-0.423,-0.721,2.399,2,-0.017,-0.117,2.619,2,0.197,-0.270,2.496,2,0.387,-0.702,2.488,2,0.398,-0.693,2.397,2,0.028,0.316,2.399,2,-0.270,0.383,1.639,2,-0.218,0.426,1.709,2,0.177,0.428,2.309,2,0.115,0.350,2.286,0,0,0,0,0
2.498|kb,95467183215580000,6,25,1,72057594037963902,2,-0.082,-0.119,2.631,2,-0.012,0.135,2.497,2,0.081,0.397,2.345,2,0.150,0.502,2.344,2,-0.066,0.260,2.355,2,-0.087,0.319,2.146,2,-0.128,0.350,1.886,2,-0.162,0.396,1.703,2,0.170,0.285,2.498,2,0.279,0.146,2.409,1,0.207,0.314,2.345,1,0.183,0.376,2.340,2,-0.144,-0.116,2.576,2,-0.322,-0.266,2.422,2,-0.479,-0.673,2.491,2,-0.423,-0.724,2.396,2,-0.018,-0.120,2.620,2,0.197,-0.270,2.496,2,0.387,-0.701,2.488,2,0.338,-0.711,2.448,2,0.056,0.332,2.386,2,-0.181,0.405,1.613,2,-0.143,0.447,1.698,2,0.190,0.433,2.333,2,0.119,0.356,2.289,0,0,0,0,0
2.523|kb,95467186515750000,6,25,1,72057594037963902,2,-0.084,-0.132,2.601,2,-0.007,0.128,2.487,2,0.080,0.385,2.348,2,0.147,0.494,2.354,2,-0.066,0.260,2.356,1,-0.073,0.312,2.125,2,-0.079,0.372,1.867,2,-0.092,0.412,1.692,2,0.168,0.287,2.490,2,0.283,0.145,2.417,1,0.211,0.311,2.348,1,0.188,0.373,2.344,2,-0.149,-0.124,2.542,2,-0.322,-0.265,2.422,2,-0.481,-0.674,2.488,2,-0.425,-0.723,2.391,2,-0.018,-0.137,2.596,2,0.196,-0.270,2.496,2,0.386,-0.699,2.488,2,0.333,-0.709,2.441,2,0.057,0.323,2.385,2,-0.107,0.424,1.613,2,-0.074,0.457,1.686,2,0.190,0.431,2.332,2,0.120,0.354,2.289,0,0,0,0,0
2.567|kb,95467189808350000,6,25,1,72057594037963902,2,-0.071,-0.110,2.617,2,-0.003,0.129,2.489,2,0.079,0.373,2.350,2,0.145,0.485,2.362,2,-0.065,0.257,2.359,2,-0.054,0.326,2.154,2,-0.039,0.368,1.892,2,-0.029,0.427,1.674,2,0.166,0.292,2.491,1,0.280,0.147,2.422,1,0.212,0.313,2.350,1,0.189,0.375,2.346,2,-0.135,-0.108,2.552,2,-0.310,-0.337,2.418,2,-0.480,-0.663,2.472,2,-0.425,-0.716,2.377,2,-0.005,-0.107,2.619,2,0.189,-0.333,2.496,2,0.390,-0.685,2.487,2,0.352,-0.703,2.450,2,0.058,0.316,2.387,2,-0.037,0.447,1.606,2,-0.017,0.490,1.667,2,0.193,0.431,2.327,2,0.123,0.355,2.291,0,0,0,0,0
2.590|kb,95467193216880000,6,25,1,72057594037963902,2,-0.081,-0.125,2.597,2,-0.001,0.127,2.488,2,0.084,0.371,2.357,2,0.147,0.483,2.363,2,-0.071,0.257,2.366,1,-0.040,0.312,2.138,2,-0.016,0.369,1.898,2,0.020,0.431,1.668,2,0.166,0.291,2.491,2,0.283,0.144,2.441,1,0.211,0.308,2.369,1,0.187,0.364,2.357,2,-0.142,-0.114,2.541,2,-0.321,-0.262,2.414,2,-0.477,-0.661,2.465,2,-0.418,-0.701,2.366,2,-0.019,-0.137,2.586,2,0.192,-0.268,2.494,2,0.387,-0.685,2.485,2,0.395,-0.683,2.391,2,0.062,0.313,2.391,2,0.029,0.455,1.597,2,0.036,0.494,1.656,2,0.196,0.416,2.345,2,0.124,0.353,2.295,0,0,0,0,0
2.631|kb,95467196515590000,6,25,1,72057594037963902,2,-0.077,-0.111,2.611,2,0.004,0.137,2.487,2,0.089,0.382,2.349,2,0.160,0.491,2.360,2,-0.069,0.258,2.365,2,-0.036,0.330,2.107,2,0.018,0.386,1.858,2,0.060,0.441,1.676,2,0.166,0.291,2.491,2,0.283,0.144,2.442,1,0.210,0.309,2.374,1,0.184,0.364,2.362,2,-0.140,-0.105,2.552,2,-0.308,-0.340,2.418,2,-0.482,-0.664,2.461,2,-0.422,-0.706,2.363,2,-0.011,-0.110,2.609,2,0.190,-0.331,2.494,2,0.389,-0.682,2.485,2,0.395,-0.683,2.392,2,0.067,0.322,2.386,2,0.084,0.464,1.612,2,0.064,0.478,1.640,2,0.198,0.417,2.353,2,0.125,0.355,2.302,0,0,0,0,0
2.661|kb,95467199808880000,6,25,1,72057594037963902,2,-0.079,-0.116,2.599,2,0.004,0.134,2.482,2,0.089,0.380,2.348,2,0.168,0.483,2.361,2,-0.068,0.259,2.364,2,-0.049,0.325,2.103,2,0.039,0.398,1.864,2,0.106,0.462,1.721,2,0.166,0.289,2.492,2,0.282,0.138,2.454,1,0.212,0.302,2.379,1,0.187,0.358,2.369,2,-0.141,-0.109,2.540,2,-0.325,-0.262,2.412,2,-0.474,-0.659,2.461,2,-0.411,-0.691,2.362,2,-0.016,-0.121,2.593,2,0.189,-0.265,2.490,2,0.387,-0.683,2.484,2,0.395,-0.683,2.390,2,0.067,0.319,2.384,2,0.132,0.486,1.661,2,0.092,0.508,1.719,2,0.198,0.411,2.354,2,0.131,0.352,2.304,0,0,0,0,0
2.706|kb,95467203218270000,6,25,1,72057594037963902,2,-0.082,-0.105,2.604,2,0.006,0.139,2.482,2,0.092,0.382,2.347,2,0.185,0.473,2.362,2,-0.058,0.263,2.358,2,-0.061,0.322,2.095,2,0.074,0.428,1.895,2,0.125,0.477,1.837,2,0.167,0.286,2.491,2,0.284,0.136,2.455,1,0.212,0.301,2.380,1,0.186,0.356,2.372,2,-0.143,-0.100,2.540,2,-0.316,-0.335,2.416,2,-0.499,-0.693,2.485,2,-0.443,-0.745,2.390,2,-0.018,-0.105,2.607,2,0.181,-0.325,2.490,2,0.387,-0.676,2.481,2,0.394,-0.678,2.389,2,0.070,0.322,2.383,2,0.170,0.508,1.782,2,0.099,0.519,1.839,2,0.197,0.404,2.351,2,0.126,0.340,2.326,0,0,0,0,0
2.734|kb,95467206516040000,6,25,1,72057594037963902,2,-0.082,-0.118,2.592,2,0.006,0.138,2.480,2,0.092,0.384,2.347,2,0.186,0.473,2.360,2,-0.058,0.262,2.358,2,-0.080,0.312,2.094,2,0.074,0.446,1.986,2,0.108,0.509,1.967,2,0.168,0.284,2.491,2,0.276,0.126,2.475,1,0.214,0.304,2.377,1,0.195,0.360,2.371,2,-0.144,-0.109,2.530,2,-0.330,-0.258,2.414,2,-0.496,-0.686,2.481,2,-0.439,-0.734,2.384,2,-0.019,-0.126,2.588,2,0.189,-0.267,2.485,2,0.385,-0.681,2.481,2,0.394,-0.680,2.386,2,0.070,0.323,2.383,2,0.148,0.553,1.935,2,0.082,0.529,1.964,2,0.201,0.415,2.348,2,0.133,0.353,2.294,0,0,0,0,0
2.760|kb,95467209807700000,6,25,1,72057594037963902,2,-0.084,-0.112,2.599,2,0.003,0.139,2.486,2,0.087,0.382,2.364,2,0.175,0.469,2.359,2,-0.058,0.262,2.358,2,-0.103,0.306,2.121,2,0.062,0.501,2.095,1,0.078,0.535,2.102,2,0.169,0.281,2.491,2,0.277,0.124,2.475,2,0.217,0.302,2.378,1,0.195,0.359,2.384,2,-0.146,-0.105,2.535,2,-0.323,-0.333,2.420,2,-0.496,-0.688,2.481,2,-0.441,-0.738,2.384,2,-0.020,-0.116,2.600,2,0.188,-0.327,2.481,2,0.386,-0.679,2.481,2,0.393,-0.678,2.385,2,0.067,0.322,2.396,2,0.099,0.558,2.098,2,0.053,0.534,2.084,2,0.208,0.427,2.369,2,0.138,0.349,2.431,0,0,0,0,0
2.803|kb,95467213216960000,6,25,1,72057594037963902,2,-0.085,-0.112,2.601,2,-0.003,0.139,2.495,2,0.075,0.382,2.380,2,0.149,0.474,2.356,2,-0.061,0.270,2.355,2,-0.140,0.282,2.156,2,0.017,0.464,2.171,1,0.027,0.515,2.194,2,0.170,0.281,2.489,2,0.267,0.116,2.487,1,0.218,0.302,2.376,1,0.192,0.355,2.396,2,-0.148,-0.104,2.542,2,-0.335,-0.253,2.422,2,-0.477,-0.660,2.475,2,-0.415,-0.690,2.374,2,-0.021,-0.117,2.600,2,0.194,-0.270,2.469,2,0.382,-0.683,2.481,2,0.391,-0.681,2.381,2,0.056,0.322,2.410,2,0.075,0.531,2.217,2,0.013,0.521,2.181,2,0.187,0.417,2.357,2,0.153,0.344,2.436,0,0,0,0,0
2.834|kb,95467216515370000,6,25,1,72057594037963902,2,-0.086,-0.111,2.602,2,-0.007,0.140,2.498,2,0.067,0.383,2.384,2,0.125,0.480,2.341,2,-0.071,0.283,2.352,2,-0.174,0.267,2.179,2,-0.037,0.397,2.185,2,-0.046,0.427,2.192,2,0.171,0.283,2.483,2,0.258,0.113,2.489,2,0.220,0.295,2.331,1,0.205,0.345,2.352,2,-0.150,-0.101,2.547,2,-0.336,-0.253,2.423,2,-0.479,-0.664,2.477,2,-0.419,-0.687,2.373,2,-0.021,-0.117,2.600,2,0.194,-0.270,2.466,2,0.380,-0.685,2.480,2,0.388,-0.683,2.377,2,0.049,0.323,2.414,2,-0.029,0.486,2.193,2,-0.093,0.397,2.240,2,0.145,0.404,2.283,2,0.165,0.320,2.356,0,0,0,0,0
2.859|kb,95467219807500000,6,25,1,72057594037963902,2,-0.087,-0.110,2.602,2,-0.024,0.145,2.497,2,0.019,0.393,2.381,2,0.082,0.491,2.321,2,-0.124,0.340,2.355,2,-0.194,0.249,2.188,2,-0.062,0.385,2.192,2,-0.048,0.449,2.206,2,0.148,0.296,2.439,2,0.240,0.138,2.481,2,0.218,0.285,2.322,2,0.206,0.338,2.326,2,-0.154,-0.097,2.551,2,-0.339,-0.256,2.429,2,-0.479,-0.657,2.478,2,-0.436,-0.673,2.363,2,-0.020,-0.116,2.594,2,0.194,-0.271,2.456,2,0.378,-0.687,2.478,2,0.369,-0.686,2.364,2,0.010,0.332,2.412,2,0.040,0.502,2.226,2,-0.075,0.477,2.199,2,0.221,0.400,2.295,2,0.176,0.344,2.336,0,0,0,0,0
2.905|kb,95467223216720000,6,25,1,72057594037963902,2,-0.090,-0.107,2.602,2,-0.039,0.146,2.497,2,0.006,0.392,2.381,2,0.050,0.494,2.308,2,-0.129,0.341,2.355,2,-0.219,0.236,2.208,2,-0.091,0.375,2.220,2,-0.043,0.446,2.212,2,0.143,0.293,2.436,2,0.228,0.123,2.446,2,0.172,0.258,2.284,1,0.180,0.312,2.288,2,-0.161,-0.092,2.559,2,-0.345,-0.259,2.439,2,-0.480,-0.656,2.480,2,-0.439,-0.672,2.365,2,-0.022,-0.115,2.585,2,0.192,-0.274,2.444,2,0.374,-0.688,2.474,2,0.367,-0.690,2.359,2,-0.005,0.331,2.412,2,0.009,0.492,2.216,2,-0.076,0.445,2.168,2,0.200,0.367,2.247,2,0.154,0.330,2.314,0,0,0,0,0
2.937|kb,95467226515990000,6,25,1,72057594037963902,2,-0.093,-0.103,2.602,2,-0.058,0.148,2.496,2,-0.038,0.386,2.379,2,-0.006,0.494,2.303,2,-0.190,0.362,2.361,2,-0.248,0.217,2.236,2,-0.135,0.372,2.222,1,-0.089,0.440,2.208,2,0.154,0.282,2.431,2,0.214,0.100,2.406,2,0.136,0.258,2.249,2,0.135,0.286,2.249,2,-0.165,-0.086,2.565,2,-0.351,-0.262,2.452,2,-0.489,-0.665,2.487,2,-0.457,-0.678,2.370,2,-0.024,-0.111,2.577,2,0.185,-0.274,2.429,2,0.375,-0.696,2.471,2,0.344,-0.719,2.432,2,-0.042,0.328,2.411,2,-0.038,0.492,2.214,2,-0.108,0.452,2.165,2,0.155,0.350,2.212,2,0.114,0.316,2.279,0,0,0,0,0
2.967|kb,95467229807260000,6,25,1,72057594037963902,2,-0.095,-0.102,2.604,2,-0.071,0.146,2.499,2,-0.054,0.384,2.382,2,-0.032,0.497,2.300,2,-0.208,0.334,2.406,2,-0.283,0.229,2.251,1,-0.140,0.416,2.222,1,-0.097,0.474,2.213,2,0.101,0.288,2.373,2,0.207,0.072,2.403,2,0.096,0.199,2.210,2,0.084,0.297,2.208,2,-0.170,-0.087,2.576,2,-0.359,-0.259,2.472,2,-0.497,-0.663,2.493,2,-0.487,-0.671,2.377,2,-0.024,-0.111,2.575,2,0.179,-0.278,2.422,2,0.367,-0.690,2.466,2,0.330,-0.696,2.347,2,-0.058,0.325,2.413,2,-0.061,0.532,2.186,2,-0.136,0.465,2.168,2,0.095,0.353,2.170,2,0.063,0.309,2.239,0,0,0,0,0
2.991|kb,95467233215970000,6,25,1,72057594037963902,2,-0.096,-0.102,2.605,2,-0.076,0.145,2.498,2,-0.061,0.383,2.378,2,-0.088,0.498,2.300,2,-0.213,0.338,2.411,2,-0.338,0.235,2.295,2,-0.163,0.416,2.232,1,-0.125,0.461,2.220,2,0.090,0.305,2.328,2,0.158,0.077,2.320,2,0.023,0.232,2.163,2,0.022,0.285,2.163,2,-0.171,-0.088,2.581,2,-0.362,-0.258,2.488,2,-0.508,-0.664,2.504,2,-0.509,-0.668,2.392,2,-0.026,-0.110,2.572,2,0.169,-0.273,2.415,2,0.360,-0.679,2.463,2,0.314,-0.695,2.347,2,-0.065,0.325,2.411,2,-0.107,0.523,2.193,2,-0.159,0.486,2.198,2,0.035,0.341,2.138,2,-0.010,0.286,2.202,0,0,0,0,0
3.033|kb,95467236516990000,6,25,1,72057594037963902,2,-0.105,-0.108,2.611,2,-0.109,0.139,2.495,2,-0.119,0.384,2.360,2,-0.113,0.497,2.299,2,-0.217,0.338,2.413,2,-0.371,0.247,2.333,1,-0.209,0.427,2.266,1,-0.180,0.471,2.251,2,0.084,0.302,2.330,2,0.090,0.137,2.213,2,-0.040,0.234,2.104,2,-0.043,0.283,2.102,2,-0.179,-0.097,2.589,2,-0.365,-0.257,2.501,2,-0.516,-0.666,2.518,2,-0.516,-0.673,2.409,2,-0.031,-0.115,2.573,2,0.154,-0.266,2.408,2,0.350,-0.669,2.458,2,0.307,-0.697,2.346,2,-0.118,0.323,2.395,2,-0.164,0.502,2.229,2,-0.189,0.496,2.270,2,-0.039,0.343,2.093,2,-0.056,0.325,2.105,0,0,0,0,0
3.057|kb,95467239807280000,6,25,1,72057594037963902,2,-0.123,-0.126,2.620,2,-0.110,0.138,2.494,2,-0.106,0.391,2.351,2,-0.154,0.503,2.302,2,-0.260,0.327,2.456,2,-0.402,0.253,2.339,2,-0.222,0.426,2.267,1,-0.206,0.465,2.244,2,-0.004,0.316,2.271,2,0.037,0.155,2.159,2,-0.097,0.245,2.051,2,-0.110,0.269,2.046,2,-0.189,-0.117,2.597,2,-0.370,-0.261,2.512,2,-0.520,-0.673,2.525,2,-0.543,-0.671,2.426,2,-0.058,-0.132,2.581,2,0.149,-0.268,2.405,2,0.342,-0.661,2.455,2,0.278,-0.694,2.354,2,-0.110,0.327,2.389,2,-0.189,0.488,2.217,2,-0.221,0.492,2.245,2,-0.126,0.318,2.029,2,-0.131,0.326,2.038,0,0,0,0,0
3.099|kb,95467243215730000,6,25,1,72057594037963902,2,-0.118,-0.131,2.625,2,-0.112,0.139,2.493,2,-0.122,0.407,2.343,2,-0.176,0.510,2.301,2,-0.269,0.323,2.462,2,-0.436,0.233,2.433,1,-0.289,0.400,2.295,1,-0.280,0.447,2.259,2,-0.017,0.320,2.268,2,-0.033,0.180,2.117,2,-0.165,0.242,1.986,2,-0.199,0.300,1.985,2,-0.181,-0.128,2.606,2,-0.369,-0.261,2.518,2,-0.521,-0.679,2.532,2,-0.544,-0.676,2.435,2,-0.053,-0.134,2.583,2,0.144,-0.271,2.404,2,0.335,-0.655,2.452,2,0.272,-0.696,2.353,2,-0.120,0.338,2.384,2,-0.258,0.474,2.241,2,-0.287,0.480,2.229,2,-0.208,0.337,1.974,2,-0.214,0.340,1.992,0,0,0,0,0
3.125|kb,95467246515290000,6,25,1,72057594037963902,2,-0.122,-0.133,2.626,2,-0.129,0.134,2.494,2,-0.140,0.399,2.347,2,-0.211,0.506,2.305,1,-0.273,0.320,2.463,2,-0.444,0.238,2.458,1,-0.301,0.404,2.313,1,-0.280,0.419,2.281,2,-0.039,0.322,2.273,2,-0.090,0.204,2.095,2,-0.222,0.258,1.961,2,-0.269,0.311,1.935,2,-0.184,-0.129,2.609,2,-0.371,-0.265,2.522,2,-0.521,-0.683,2.535,2,-0.544,-0.679,2.440,2,-0.057,-0.136,2.582,2,0.142,-0.282,2.403,2,0.329,-0.655,2.450,2,0.266,-0.699,2.353,2,-0.137,0.333,2.387,2,-0.279,0.430,2.252,2,-0.281,0.427,2.240,2,-0.295,0.372,1.915,2,-0.294,0.309,1.932,0,0,0,0,0
3.166|kb,95467249808530000,6,25,1,72057594037963902,2,-0.123,-0.134,2.627,2,-0.177,0.138,2.491,2,-0.227,0.408,2.340,2,-0.267,0.513,2.312,1,-0.356,0.326,2.457,2,-0.444,0.192,2.544,1,-0.328,0.357,2.376,1,-0.293,0.387,2.374,2,-0.109,0.291,2.241,2,-0.144,0.217,2.054,2,-0.290,0.294,1.919,2,-0.334,0.332,1.889,2,-0.185,-0.128,2.617,2,-0.370,-0.265,2.527,2,-0.522,-0.690,2.537,2,-0.547,-0.688,2.449,2,-0.062,-0.140,2.576,2,0.138,-0.279,2.404,2,0.326,-0.654,2.449,2,0.261,-0.704,2.360,2,-0.215,0.342,2.380,2,-0.319,0.408,2.319,2,-0.317,0.395,2.337,2,-0.360,0.378,1.863,2,-0.361,0.342,1.882,0,0,0,0,0
3.191|kb,95467253215490000,6,25,1,72057594037963902,2,-0.126,-0.134,2.628,2,-0.181,0.141,2.489,2,-0.234,0.413,2.335,2,-0.282,0.518,2.310,1,-0.363,0.331,2.452,2,-0.453,0.203,2.544,2,-0.332,0.352,2.364,1,-0.296,0.377,2.363,2,-0.094,0.305,2.335,2,-0.166,0.269,2.149,2,-0.301,0.284,1.922,2,-0.389,0.343,1.851,2,-0.195,-0.127,2.620,2,-0.375,-0.270,2.527,2,-0.521,-0.700,2.543,2,-0.526,-0.699,2.441,2,-0.062,-0.139,2.575,2,0.138,-0.280,2.403,2,0.324,-0.657,2.450,2,0.281,-0.708,2.347,2,-0.221,0.346,2.375,2,-0.255,0.379,2.312,2,-0.342,0.391,2.323,2,-0.394,0.381,1.804,2,-0.411,0.403,1.854,0,0,0,0,0
3.232|kb,95467256515870000,6,25,1,72057594037963902,2,-0.131,-0.133,2.628,2,-0.195,0.146,2.485,2,-0.260,0.422,2.325,2,-0.313,0.531,2.309,1,-0.388,0.340,2.442,2,-0.457,0.206,2.543,1,-0.336,0.354,2.362,1,-0.253,0.422,2.312,2,-0.104,0.300,2.339,2,-0.220,0.241,2.103,2,-0.340,0.289,1.900,2,-0.412,0.330,1.837,2,-0.201,-0.126,2.620,2,-0.378,-0.273,2.528,2,-0.521,-0.700,2.543,2,-0.523,-0.700,2.440,2,-0.063,-0.138,2.575,2,0.138,-0.280,2.403,2,0.322,-0.661,2.451,2,0.282,-0.712,2.348,2,-0.243,0.354,2.367,2,-0.232,0.449,2.304,2,-0.237,0.430,2.287,2,-0.435,0.376,1.786,2,-0.442,0.328,1.803,0,0,0,0,0
3.256|kb,95467259807400000,6,25,1,72057594037963902,2,-0.131,-0.135,2.628,2,-0.195,0.146,2.485,2,-0.259,0.422,2.326,2,-0.332,0.524,2.318,1,-0.381,0.337,2.446,2,-0.463,0.208,2.545,1,-0.340,0.355,2.364,1,-0.250,0.447,2.317,2,-0.105,0.300,2.339,2,-0.241,0.288,2.107,2,-0.382,0.295,1.884,2,-0.428,0.321,1.831,2,-0.204,-0.131,2.631,2,-0.379,-0.274,2.528,2,-0.520,-0.700,2.543,2,-0.523,-0.699,2.441,2,-0.058,-0.143,2.565,2,0.135,-0.278,2.403,2,0.319,-0.664,2.450,2,0.277,-0.715,2.348,2,-0.243,0.354,2.368,2,-0.248,0.463,2.309,2,-0.260,0.431,2.277,2,-0.463,0.357,1.763,2,-0.447,0.306,1.799,0,0,0,0,0
3.299|kb,95467263216400000,6,25,1,72057594037963902,2,-0.146,-0.129,2.626,2,-0.221,0.159,2.478,2,-0.294,0.442,2.319,2,-0.365,0.546,2.313,1,-0.403,0.351,2.442,1,-0.456,0.209,2.543,1,-0.336,0.357,2.361,1,-0.261,0.452,2.324,2,-0.134,0.292,2.345,2,-0.265,0.300,2.111,2,-0.391,0.300,1.879,2,-0.423,0.311,1.851,2,-0.221,-0.121,2.622,2,-0.385,-0.280,2.527,2,-0.520,-0.700,2.543,2,-0.525,-0.700,2.441,2,-0.071,-0.135,2.566,2,0.132,-0.280,2.402,2,0.317,-0.667,2.449,2,0.273,-0.716,2.348,2,-0.276,0.372,2.361,2,-0.258,0.471,2.315,2,-0.275,0.438,2.281,2,-0.462,0.331,1.783,2,-0.437,0.288,1.823,0,0,0,0,0
3.322|kb,95467266515330000,6,25,1,72057594037963902,2,-0.147,-0.130,2.627,2,-0.220,0.158,2.480,2,-0.289,0.440,2.322,2,-0.374,0.536,2.319,2,-0.392,0.300,2.505,1,-0.504,0.168,2.570,1,-0.373,0.319,2.398,1,-0.325,0.382,2.396,2,-0.138,0.290,2.346,2,-0.280,0.312,2.119,2,-0.394,0.302,1.916,2,-0.438,0.313,1.853,2,-0.220,-0.125,2.621,2,-0.388,-0.280,2.528,2,-0.520,-0.700,2.544,2,-0.534,-0.700,2.447,2,-0.075,-0.136,2.571,2,0.124,-0.275,2.401,2,0.316,-0.668,2.449,2,0.263,-0.716,2.352,2,-0.273,0.371,2.363,1,-0.322,0.401,2.388,1,-0.338,0.369,2.354,2,-0.472,0.326,1.778,2,-0.444,0.286,1.835,0,0,0,0,0
3.366|kb,95467269808010000,6,25,1,72057594037963902,2,-0.144,-0.133,2.622,2,-0.220,0.158,2.480,2,-0.291,0.442,2.323,2,-0.389,0.523,2.320,2,-0.414,0.259,2.559,1,-0.517,0.101,2.567,1,-0.383,0.267,2.414,1,-0.332,0.255,2.340,2,-0.150,0.288,2.345,2,-0.293,0.321,2.120,2,-0.404,0.303,1.913,2,-0.447,0.311,1.857,2,-0.205,-0.135,2.610,2,-0.388,-0.278,2.529,2,-0.520,-0.701,2.545,2,-0.539,-0.700,2.451,2,-0.075,-0.134,2.568,2,0.123,-0.279,2.402,2,0.316,-0.669,2.449,2,0.258,-0.716,2.354,2,-0.273,0.372,2.364,1,-0.328,0.275,2.332,1,-0.329,0.253,2.320,2,-0.479,0.320,1.783,2,-0.454,0.284,1.835,0,0,0,0,0
3.390|kb,95467273215440000,6,25,1,72057594037963902,2,-0.145,-0.135,2.622,2,-0.221,0.158,2.480,2,-0.294,0.443,2.325,2,-0.396,0.516,2.319,2,-0.413,0.258,2.558,1,-0.517,0.100,2.564,1,-0.383,0.267,2.412,1,-0.338,0.261,2.337,2,-0.157,0.287,2.342,2,-0.301,0.321,2.118,2,-0.435,0.302,1.891,2,-0.452,0.306,1.865,2,-0.207,-0.138,2.608,2,-0.392,-0.277,2.526,2,-0.522,-0.703,2.548,2,-0.543,-0.702,2.454,2,-0.077,-0.135,2.569,2,0.123,-0.280,2.402,2,0.315,-0.670,2.449,2,0.256,-0.716,2.355,2,-0.276,0.372,2.365,2,-0.335,0.266,2.319,1,-0.334,0.259,2.317,2,-0.486,0.306,1.800,2,-0.452,0.276,1.862,0,0,0,0,0
3.431|kb,95467276516330000,6,25,1,72057594037963902,2,-0.146,-0.135,2.619,2,-0.231,0.160,2.477,2,-0.328,0.450,2.326,2,-0.416,0.533,2.307,2,-0.418,0.257,2.535,1,-0.555,0.163,2.430,1,-0.546,0.224,2.172,2,-0.553,0.345,1.759,2,-0.162,0.288,2.337,2,-0.301,0.319,2.112,2,-0.440,0.300,1.888,2,-0.501,0.306,1.807,2,-0.208,-0.138,2.608,2,-0.394,-0.275,2.523,2,-0.522,-0.702,2.548,2,-0.539,-0.703,2.452,2,-0.078,-0.132,2.563,2,0.123,-0.281,2.402,2,0.316,-0.672,2.449,2,0.260,-0.718,2.354,2,-0.303,0.378,2.365,2,-0.565,0.394,1.706,2,-0.527,0.332,1.730,2,-0.538,0.320,1.750,2,-0.506,0.287,1.784,0,0,0,0,0
3.456|kb,95467279807430000,6,25,1,72057594037963902,2,-0.149,-0.136,2.617,2,-0.239,0.158,2.476,2,-0.332,0.448,2.325,2,-0.422,0.531,2.310,2,-0.418,0.256,2.537,1,-0.556,0.156,2.439,1,-0.543,0.226,2.184,1,-0.566,0.276,2.164,2,-0.160,0.288,2.337,2,-0.275,0.295,2.094,2,-0.436,0.299,1.886,2,-0.531,0.357,1.796,2,-0.211,-0.138,2.608,2,-0.397,-0.274,2.519,2,-0.524,-0.703,2.549,2,-0.542,-0.704,2.452,2,-0.081,-0.133,2.560,2,0.123,-0.281,2.402,2,0.316,-0.672,2.449,2,0.260,-0.718,2.354,2,-0.308,0.376,2.364,1,-0.578,0.325,2.111,1,-0.541,0.265,2.135,2,-0.558,0.404,1.744,2,-0.530,0.322,1.777,0,0,0,0,0
3.499|kb,95467283215880000,6,25,1,72057594037963902,2,-0.149,-0.136,2.617,2,-0.240,0.157,2.476,2,-0.333,0.445,2.325,2,-0.423,0.529,2.310,2,-0.421,0.254,2.538,1,-0.578,0.210,2.429,1,-0.549,0.301,2.182,2,-0.501,0.418,1.857,2,-0.158,0.288,2.337,2,-0.250,0.283,2.083,2,-0.416,0.310,1.907,2,-0.450,0.329,1.886,2,-0.211,-0.139,2.609,2,-0.398,-0.270,2.512,2,-0.524,-0.691,2.545,2,-0.542,-0.692,2.447,2,-0.082,-0.133,2.559,2,0.122,-0.277,2.403,2,0.317,-0.668,2.448,2,0.261,-0.713,2.352,2,-0.310,0.374,2.364,2,-0.516,0.431,1.799,2,-0.486,0.370,1.838,2,-0.495,0.364,1.818,2,-0.432,0.293,1.841,0,0,0,0,0
3.523|kb,95467286515620000,6,25,1,72057594037963902,2,-0.144,-0.141,2.615,2,-0.238,0.154,2.475,2,-0.331,0.442,2.326,2,-0.417,0.525,2.306,2,-0.420,0.233,2.539,1,-0.423,0.295,2.311,2,-0.324,0.287,2.065,2,-0.349,0.317,1.977,2,-0.153,0.290,2.334,2,-0.219,0.265,2.073,2,-0.387,0.341,1.960,2,-0.405,0.358,1.953,2,-0.207,-0.145,2.608,2,-0.398,-0.267,2.505,2,-0.525,-0.684,2.537,2,-0.540,-0.683,2.437,2,-0.077,-0.135,2.556,2,0.124,-0.273,2.405,2,0.319,-0.665,2.447,2,0.265,-0.710,2.349,2,-0.308,0.371,2.365,2,-0.367,0.314,1.956,2,-0.303,0.309,1.988,2,-0.433,0.399,1.905,2,-0.398,0.326,1.902,0,0,0,0,0
3.566|kb,95467289807490000,6,25,1,72057594037963902,2,-0.136,-0.141,2.614,2,-0.215,0.147,2.477,2,-0.283,0.422,2.330,2,-0.384,0.482,2.301,2,-0.364,0.258,2.466,2,-0.482,0.135,2.534,2,-0.338,0.159,2.312,1,-0.261,0.211,2.334,2,-0.123,0.291,2.312,2,-0.156,0.238,2.084,2,-0.363,0.348,1.985,2,-0.353,0.393,2.033,2,-0.201,-0.146,2.606,2,-0.394,-0.266,2.495,2,-0.524,-0.681,2.529,2,-0.536,-0.678,2.425,2,-0.067,-0.134,2.559,2,0.129,-0.271,2.407,2,0.321,-0.666,2.446,2,0.270,-0.709,2.345,2,-0.266,0.354,2.369,2,-0.249,0.205,2.314,2,-0.269,0.218,2.317,2,-0.373,0.448,2.033,2,-0.364,0.393,1.995,0,0,0,0,0
3.591|kb,95467293215560000,6,25,1,72057594037963902,2,-0.129,-0.129,2.603,2,-0.203,0.141,2.467,2,-0.264,0.394,2.315,2,-0.361,0.477,2.269,2,-0.359,0.262,2.457,2,-0.474,0.136,2.524,1,-0.332,0.159,2.303,2,-0.285,0.167,2.232,2,-0.118,0.355,2.238,2,-0.111,0.211,2.097,2,-0.280,0.401,2.108,1,-0.298,0.459,2.126,2,-0.184,-0.133,2.577,2,-0.391,-0.265,2.479,2,-0.522,-0.678,2.505,2,-0.536,-0.671,2.406,2,-0.065,-0.120,2.557,2,0.138,-0.271,2.410,2,0.328,-0.666,2.446,2,0.271,-0.708,2.350,2,-0.250,0.333,2.355,1,-0.273,0.161,2.213,1,-0.292,0.175,2.216,2,-0.326,0.519,2.153,2,-0.301,0.442,2.080,0,0,0,0,0
3.632|kb,95467296515340000,6,25,1,72057594037963902,2,-0.124,-0.108,2.594,2,-0.194,0.140,2.463,2,-0.247,0.376,2.316,2,-0.337,0.473,2.264,2,-0.360,0.270,2.451,2,-0.466,0.126,2.500,1,-0.322,0.155,2.280,1,-0.131,0.242,2.120,2,-0.097,0.362,2.251,2,-0.069,0.203,2.132,2,-0.232,0.398,2.153,1,-0.245,0.445,2.164,2,-0.183,-0.119,2.575,2,-0.390,-0.271,2.465,2,-0.521,-0.681,2.502,2,-0.529,-0.676,2.399,2,-0.061,-0.096,2.547,2,0.146,-0.268,2.414,2,0.335,-0.666,2.446,2,0.283,-0.706,2.347,2,-0.235,0.319,2.355,2,-0.103,0.236,2.103,2,-0.170,0.284,2.108,2,-0.273,0.502,2.177,2,-0.220,0.467,2.146,0,0,0,0,0
3.658|kb,95467299810290000,6,25,1,72057594037963902,2,-0.118,-0.104,2.573,2,-0.175,0.136,2.451,2,-0.225,0.369,2.316,2,-0.288,0.472,2.259,2,-0.356,0.278,2.439,2,-0.458,0.120,2.453,1,-0.311,0.155,2.236,1,-0.262,0.167,2.167,2,-0.060,0.358,2.279,2,-0.026,0.196,2.167,2,-0.175,0.378,2.169,1,-0.205,0.434,2.191,2,-0.180,-0.114,2.548,2,-0.388,-0.273,2.455,2,-0.518,-0.674,2.497,2,-0.520,-0.672,2.388,2,-0.053,-0.093,2.533,2,0.154,-0.264,2.423,2,0.347,-0.666,2.447,2,0.301,-0.700,2.342,2,-0.213,0.312,2.352,1,-0.234,0.161,2.150,1,-0.301,0.209,2.155,2,-0.216,0.491,2.182,2,-0.169,0.473,2.178,0,0,0,0,0
3.700|kb,95467303215660000,6,25,1,72057594037963902,2,-0.120,-0.094,2.580,2,-0.167,0.141,2.451,2,-0.197,0.373,2.307,2,-0.241,0.478,2.247,2,-0.338,0.306,2.399,2,-0.426,0.142,2.423,1,-0.282,0.175,2.204,1,-0.114,0.248,1.989,2,-0.038,0.353,2.295,2,0.028,0.193,2.196,1,-0.136,0.376,2.177,1,-0.164,0.428,2.199,2,-0.186,-0.103,2.555,2,-0.373,-0.353,2.441,2,-0.529,-0.693,2.502,2,-0.524,-0.712,2.389,2,-0.052,-0.082,2.541,2,0.166,-0.303,2.442,2,0.359,-0.660,2.445,2,0.318,-0.688,2.339,2,-0.191,0.316,2.346,1,-0.086,0.242,1.972,1,-0.153,0.289,1.977,2,-0.176,0.489,2.189,2,-0.126,0.471,2.181,0,0,0,0,0
3.733|kb,95467306515650000,6,25,1,72057594037963902,2,-0.117,-0.095,2.585,2,-0.144,0.143,2.455,2,-0.158,0.378,2.308,2,-0.194,0.476,2.243,2,-0.323,0.306,2.383,2,-0.416,0.148,2.313,1,-0.265,0.186,2.100,1,-0.096,0.262,1.903,2,0.000,0.346,2.331,2,0.068,0.189,2.228,2,-0.081,0.372,2.190,1,-0.112,0.424,2.204,2,-0.186,-0.103,2.556,2,-0.366,-0.275,2.428,2,-0.503,-0.642,2.479,2,-0.487,-0.667,2.364,2,-0.043,-0.084,2.558,2,0.182,-0.253,2.449,2,0.366,-0.671,2.444,2,0.335,-0.687,2.336,2,-0.155,0.320,2.347,1,-0.068,0.256,1.887,1,-0.136,0.303,1.891,2,-0.129,0.482,2.195,2,-0.088,0.459,2.169,0,0,0,0,0
3.758|kb,95467309807570000,6,25,1,72057594037963902,2,-0.114,-0.096,2.589,2,-0.125,0.143,2.459,2,-0.129,0.378,2.313,2,-0.153,0.477,2.246,2,-0.284,0.306,2.351,2,-0.419,0.171,2.327,1,-0.263,0.169,2.113,1,-0.113,0.198,1.948,2,0.017,0.348,2.348,2,0.106,0.192,2.265,1,-0.049,0.389,2.200,1,-0.078,0.431,2.201,2,-0.184,-0.103,2.555,2,-0.365,-0.276,2.427,2,-0.495,-0.633,2.474,2,-0.469,-0.662,2.359,2,-0.038,-0.086,2.565,2,0.183,-0.253,2.451,2,0.369,-0.655,2.440,2,0.348,-0.664,2.332,2,-0.128,0.320,2.351,1,-0.085,0.192,1.932,1,-0.152,0.240,1.936,2,-0.087,0.493,2.188,2,-0.040,0.474,2.187,0,0,0,0,0
3.799|kb,95467313215550000,6,25,1,72057594037963902,2,-0.107,-0.098,2.594,2,-0.115,0.142,2.462,2,-0.120,0.377,2.316,2,-0.106,0.479,2.253,2,-0.276,0.303,2.348,2,-0.419,0.188,2.282,1,-0.258,0.184,2.073,1,-0.084,0.210,1.890,2,0.020,0.348,2.350,2,0.135,0.197,2.303,1,-0.013,0.394,2.222,1,-0.038,0.427,2.210,2,-0.179,-0.105,2.555,2,-0.361,-0.277,2.425,2,-0.491,-0.635,2.473,2,-0.464,-0.666,2.359,2,-0.031,-0.088,2.575,2,0.185,-0.254,2.457,2,0.380,-0.670,2.444,2,0.358,-0.675,2.338,2,-0.119,0.319,2.355,1,-0.057,0.204,1.873,1,-0.124,0.251,1.877,2,-0.027,0.485,2.206,2,0.000,0.459,2.218,0,0,0,0,0
3.824|kb,95467316515460000,6,25,1,72057594037963902,2,-0.098,-0.100,2.601,2,-0.093,0.138,2.477,2,-0.081,0.368,2.346,2,-0.075,0.481,2.261,2,-0.211,0.284,2.322,2,-0.378,0.219,2.228,2,-0.264,0.240,2.067,2,-0.265,0.322,2.109,2,0.077,0.344,2.400,2,0.163,0.184,2.323,1,0.020,0.385,2.242,1,-0.003,0.418,2.225,2,-0.169,-0.107,2.555,2,-0.355,-0.278,2.422,2,-0.479,-0.628,2.466,2,-0.433,-0.661,2.356,2,-0.025,-0.090,2.586,2,0.187,-0.255,2.462,2,0.381,-0.657,2.446,2,0.379,-0.655,2.344,2,-0.084,0.311,2.380,2,-0.249,0.351,2.076,2,-0.255,0.310,2.119,2,0.025,0.495,2.229,2,0.013,0.416,2.259,0,0,0,0,0
3.866|kb,95467319808230000,6,25,1,72057594037963902,2,-0.092,-0.101,2.604,2,-0.084,0.138,2.479,2,-0.072,0.369,2.344,2,-0.043,0.483,2.268,2,-0.199,0.279,2.317,2,-0.349,0.222,2.173,2,-0.224,0.289,2.036,2,-0.224,0.312,2.067,2,0.082,0.346,2.404,2,0.188,0.187,2.366,2,0.095,0.325,2.265,1,0.068,0.353,2.288,2,-0.159,-0.109,2.555,2,-0.350,-0.279,2.420,2,-0.475,-0.629,2.468,2,-0.426,-0.665,2.360,2,-0.021,-0.090,2.591,2,0.190,-0.255,2.467,2,0.382,-0.658,2.447,2,0.383,-0.654,2.346,2,-0.075,0.312,2.380,2,-0.192,0.373,2.039,2,-0.185,0.294,2.105,2,0.031,0.437,2.254,2,0.094,0.384,2.357,0,0,0,0,0
3.890|kb,95467323215520000,6,25,1,72057594037963902,2,-0.088,-0.102,2.606,2,-0.075,0.139,2.481,2,-0.057,0.375,2.344,2,-0.016,0.484,2.277,2,-0.193,0.268,2.321,2,-0.348,0.219,2.158,2,-0.208,0.280,2.012,2,-0.185,0.303,2.012,2,0.083,0.344,2.406,2,0.195,0.188,2.380,2,0.100,0.319,2.270,1,0.077,0.367,2.289,2,-0.155,-0.111,2.554,2,-0.347,-0.280,2.419,2,-0.471,-0.664,2.483,2,-0.427,-0.713,2.377,2,-0.018,-0.091,2.597,2,0.192,-0.256,2.471,2,0.382,-0.658,2.449,2,0.383,-0.653,2.349,2,-0.062,0.317,2.380,2,-0.176,0.369,1.974,2,-0.144,0.296,2.052,2,0.052,0.435,2.271,2,0.068,0.359,2.349,0,0,0,0,0
3.932|kb,95467326515390000,6,25,1,72057594037963902,2,-0.075,-0.109,2.608,2,-0.055,0.136,2.482,2,-0.033,0.378,2.344,2,0.006,0.483,2.281,2,-0.169,0.251,2.320,2,-0.292,0.237,2.093,2,-0.155,0.286,1.961,2,-0.138,0.316,1.956,2,0.085,0.341,2.408,2,0.202,0.188,2.393,1,0.108,0.320,2.283,1,0.091,0.371,2.297,2,-0.138,-0.122,2.553,2,-0.344,-0.282,2.417,2,-0.470,-0.662,2.482,2,-0.422,-0.712,2.379,2,-0.010,-0.094,2.600,2,0.194,-0.257,2.474,2,0.385,-0.674,2.453,2,0.390,-0.667,2.356,2,-0.039,0.318,2.381,2,-0.136,0.376,1.917,2,-0.094,0.316,1.991,2,0.077,0.436,2.275,2,0.062,0.374,2.363,0,0,0,0,0
3.956|kb,95467329807130000,6,25,1,72057594037963902,2,-0.070,-0.116,2.612,2,-0.046,0.131,2.484,2,-0.018,0.372,2.344,2,0.029,0.483,2.290,2,-0.125,0.230,2.330,2,-0.253,0.242,2.094,2,-0.116,0.284,1.912,2,-0.097,0.324,1.906,2,0.103,0.328,2.427,2,0.221,0.177,2.414,1,0.124,0.311,2.312,1,0.100,0.353,2.342,2,-0.134,-0.128,2.555,2,-0.341,-0.282,2.416,2,-0.471,-0.671,2.489,2,-0.416,-0.722,2.390,2,-0.005,-0.102,2.606,2,0.195,-0.258,2.479,2,0.386,-0.681,2.460,2,0.399,-0.674,2.366,2,-0.025,0.313,2.381,2,-0.099,0.382,1.864,2,-0.050,0.335,1.937,2,0.092,0.420,2.294,2,0.075,0.336,2.385,0,0,0,0,0
4.001|kb,95467333215970000,6,25,1,72057594037963902,2,-0.066,-0.127,2.614,2,-0.030,0.117,2.489,2,0.013,0.354,2.354,2,0.053,0.482,2.294,2,-0.124,0.229,2.330,2,-0.211,0.245,2.075,2,-0.077,0.317,1.870,2,-0.057,0.343,1.854,2,0.109,0.316,2.439,2,0.231,0.168,2.424,1,0.131,0.304,2.328,1,0.109,0.343,2.358,2,-0.127,-0.139,2.555,2,-0.339,-0.283,2.416,2,-0.472,-0.676,2.492,2,-0.416,-0.727,2.394,2,-0.003,-0.112,2.608,2,0.197,-0.260,2.481,2,0.386,-0.686,2.465,2,0.400,-0.680,2.372,2,0.002,0.296,2.390,2,-0.060,0.404,1.815,2,-0.010,0.345,1.881,2,0.104,0.410,2.306,2,0.081,0.327,2.392,0,0,0,0,0
4.026|kb,95467336515660000,6,25,1,72057594037963902,2,-0.065,-0.127,2.615,2,-0.025,0.115,2.491,2,0.019,0.352,2.356,2,0.079,0.477,2.301,2,-0.120,0.231,2.331,2,-0.176,0.256,2.068,2,-0.063,0.319,1.840,2,-0.023,0.351,1.813,2,0.111,0.305,2.444,2,0.239,0.163,2.438,2,0.137,0.345,2.309,1,0.120,0.386,2.314,2,-0.127,-0.139,2.556,2,-0.330,-0.275,2.415,2,-0.473,-0.678,2.492,2,-0.417,-0.727,2.395,2,-0.001,-0.113,2.610,2,0.198,-0.261,2.483,2,0.386,-0.688,2.468,2,0.400,-0.684,2.375,2,0.008,0.293,2.392,2,-0.027,0.411,1.771,2,0.026,0.353,1.834,2,0.132,0.453,2.301,2,0.097,0.363,2.388,0,0,0,0,0
4.068|kb,95467339809500000,6,25,1,72057594037963902,2,-0.065,-0.129,2.615,2,-0.024,0.115,2.491,2,0.021,0.354,2.357,2,0.099,0.472,2.308,2,-0.117,0.231,2.333,2,-0.164,0.241,2.067,2,-0.051,0.316,1.840,2,0.008,0.365,1.780,2,0.112,0.303,2.445,2,0.239,0.161,2.447,1,0.140,0.355,2.302,1,0.129,0.397,2.307,2,-0.127,-0.140,2.556,2,-0.329,-0.274,2.416,2,-0.473,-0.679,2.493,2,-0.417,-0.727,2.395,2,0.000,-0.116,2.611,2,0.198,-0.263,2.484,2,0.385,-0.689,2.472,2,0.400,-0.685,2.378,2,0.009,0.295,2.393,2,0.007,0.427,1.740,2,0.059,0.368,1.800,2,0.146,0.463,2.287,2,0.140,0.431,2.301,0,0,0,0,0
4.092|kb,95467343215640000,6,25,1,72057594037963902,2,-0.067,-0.126,2.616,2,-0.023,0.117,2.491,2,0.026,0.358,2.354,2,0.141,0.455,2.342,2,-0.115,0.230,2.335,2,-0.114,0.270,2.068,2,-0.022,0.333,1.828,2,0.040,0.389,1.751,2,0.113,0.301,2.446,2,0.236,0.158,2.464,1,0.143,0.349,2.310,1,0.136,0.386,2.315,2,-0.132,-0.130,2.563,2,-0.326,-0.271,2.416,2,-0.473,-0.680,2.493,2,-0.417,-0.728,2.395,2,-0.002,-0.115,2.609,2,0.199,-0.263,2.485,2,0.384,-0.692,2.477,2,0.399,-0.688,2.382,2,0.013,0.298,2.391,2,0.035,0.451,1.707,2,0.095,0.388,1.769,2,0.156,0.453,2.295,2,0.159,0.428,2.297,0,0,0,0,0
