0.000|kb,95495776523730000,6,25,1,72057594037964220,2,-0.144,-0.185,2.339,2,-0.152,0.098,2.189,2,-0.159,0.374,2.026,2,-0.169,0.458,1.967,2,-0.311,0.268,2.096,2,-0.387,0.050,2.121,2,-0.301,0.221,1.930,2,-0.310,0.279,1.910,2,0.015,0.290,2.072,2,0.087,0.078,2.063,2,0.000,0.216,1.906,2,-0.033,0.291,1.887,2,-0.213,-0.184,2.303,2,-0.496,-0.342,2.129,2,-0.632,-0.693,2.136,2,-0.554,-0.720,2.158,2,-0.070,-0.181,2.305,2,0.216,-0.305,2.096,2,0.375,-0.664,2.104,2,0.310,-0.700,2.117,2,-0.157,0.306,2.069,2,-0.315,0.340,1.849,2,-0.274,0.315,1.929,2,-0.043,0.365,1.833,2,-0.054,0.310,1.923,0,0,0,0,0
0.043|kb,95495779827020000,6,25,1,72057594037964220,2,-0.144,-0.185,2.339,2,-0.152,0.098,2.189,2,-0.159,0.373,2.026,2,-0.169,0.457,1.967,2,-0.311,0.268,2.096,2,-0.388,0.051,2.120,2,-0.302,0.222,1.929,2,-0.311,0.280,1.909,2,0.015,0.290,2.072,2,0.087,0.078,2.063,2,-0.001,0.217,1.905,2,-0.033,0.290,1.886,2,-0.214,-0.184,2.303,2,-0.496,-0.342,2.128,2,-0.632,-0.693,2.136,2,-0.547,-0.716,2.152,2,-0.070,-0.181,2.305,2,0.215,-0.305,2.096,2,0.375,-0.665,2.100,2,0.312,-0.698,2.118,2,-0.158,0.306,2.069,2,-0.317,0.340,1.843,2,-0.274,0.327,1.935,2,-0.043,0.363,1.827,2,-0.053,0.308,1.926,0,0,0,0,0
0.076|kb,95495783230210000,6,25,1,72057594037964220,2,-0.144,-0.186,2.339,2,-0.152,0.098,2.189,2,-0.159,0.373,2.026,2,-0.169,0.457,1.967,2,-0.311,0.269,2.097,2,-0.389,0.051,2.119,2,-0.301,0.223,1.930,2,-0.310,0.281,1.908,2,0.015,0.290,2.072,2,0.087,0.076,2.061,2,0.000,0.217,1.906,2,-0.032,0.289,1.886,2,-0.213,-0.184,2.303,2,-0.496,-0.342,2.128,2,-0.631,-0.692,2.136,2,-0.551,-0.718,2.156,2,-0.070,-0.181,2.304,2,0.215,-0.305,2.096,2,0.375,-0.665,2.100,2,0.311,-0.698,2.118,2,-0.158,0.306,2.069,2,-0.317,0.338,1.842,2,-0.273,0.319,1.934,2,-0.043,0.363,1.825,2,-0.056,0.305,1.917,0,0,0,0,0
0.099|kb,95495786526520000,6,25,1,72057594037964220,2,-0.144,-0.185,2.339,2,-0.152,0.098,2.189,2,-0.160,0.373,2.026,2,-0.170,0.457,1.967,2,-0.311,0.269,2.097,2,-0.389,0.051,2.119,2,-0.302,0.224,1.929,2,-0.310,0.284,1.908,2,0.014,0.289,2.072,2,0.098,0.062,2.077,2,0.000,0.215,1.903,2,-0.031,0.279,1.886,2,-0.213,-0.184,2.303,2,-0.496,-0.341,2.128,2,-0.631,-0.692,2.136,2,-0.551,-0.718,2.156,2,-0.070,-0.181,2.304,2,0.216,-0.305,2.095,2,0.376,-0.666,2.100,2,0.318,-0.699,2.123,2,-0.158,0.306,2.069,2,-0.310,0.348,1.850,2,-0.274,0.315,1.931,2,-0.039,0.352,1.837,2,-0.054,0.308,1.920,0,0,0,0,0
0.143|kb,95495789825670000,6,25,1,72057594037964220,2,-0.144,-0.186,2.339,2,-0.152,0.098,2.189,2,-0.160,0.373,2.026,2,-0.170,0.457,1.967,2,-0.311,0.269,2.097,2,-0.391,0.049,2.120,2,-0.302,0.221,1.930,2,-0.308,0.278,1.904,2,0.014,0.289,2.072,2,0.099,0.061,2.078,2,-0.003,0.216,1.897,2,-0.031,0.269,1.880,2,-0.214,-0.184,2.303,2,-0.496,-0.341,2.128,2,-0.631,-0.691,2.136,2,-0.551,-0.718,2.156,2,-0.070,-0.182,2.304,2,0.216,-0.305,2.095,2,0.376,-0.667,2.100,2,0.319,-0.699,2.123,2,-0.158,0.306,2.069,2,-0.307,0.338,1.832,2,-0.272,0.316,1.927,2,-0.037,0.340,1.833,2,-0.053,0.303,1.919,0,0,0,0,0
0.165|kb,95495793229920000,6,25,1,72057594037964220,2,-0.144,-0.185,2.339,2,-0.152,0.098,2.189,2,-0.160,0.373,2.026,2,-0.170,0.457,1.967,2,-0.311,0.269,2.097,2,-0.394,0.047,2.124,2,-0.304,0.212,1.924,2,-0.302,0.265,1.901,2,0.014,0.289,2.072,2,0.099,0.060,2.078,2,0.000,0.207,1.891,2,-0.032,0.254,1.871,2,-0.213,-0.184,2.303,2,-0.496,-0.340,2.128,2,-0.631,-0.690,2.136,2,-0.551,-0.717,2.155,2,-0.070,-0.181,2.304,2,0.216,-0.306,2.095,2,0.377,-0.667,2.099,2,0.304,-0.695,2.112,2,-0.158,0.306,2.069,2,-0.299,0.320,1.846,2,-0.270,0.294,1.922,2,-0.041,0.321,1.828,2,-0.049,0.294,1.912,0,0,0,0,0
0.210|kb,95495796523850000,6,25,1,72057594037964220,2,-0.143,-0.183,2.340,2,-0.152,0.099,2.189,2,-0.161,0.374,2.026,2,-0.170,0.457,1.967,2,-0.317,0.276,2.102,2,-0.407,0.056,2.125,2,-0.325,0.179,1.893,2,-0.295,0.236,1.896,2,0.014,0.291,2.071,2,0.100,0.057,2.086,2,-0.001,0.169,1.853,2,-0.035,0.231,1.857,2,-0.213,-0.181,2.305,2,-0.495,-0.338,2.129,2,-0.631,-0.688,2.135,2,-0.553,-0.717,2.154,2,-0.069,-0.179,2.303,2,0.215,-0.306,2.095,2,0.376,-0.666,2.098,2,0.295,-0.687,2.109,2,-0.159,0.306,2.069,2,-0.285,0.286,1.858,2,-0.265,0.265,1.916,2,-0.055,0.291,1.820,2,-0.057,0.245,1.881,0,0,0,0,0
0.236|kb,95495799827950000,6,25,1,72057594037964220,2,-0.143,-0.178,2.338,2,-0.153,0.104,2.188,2,-0.161,0.378,2.025,2,-0.170,0.461,1.965,2,-0.322,0.286,2.106,2,-0.394,0.074,2.102,2,-0.296,0.181,1.891,1,-0.280,0.205,1.872,2,0.012,0.299,2.071,2,0.102,0.058,2.085,2,0.004,0.145,1.878,2,-0.035,0.187,1.829,2,-0.212,-0.176,2.304,2,-0.493,-0.337,2.131,2,-0.630,-0.686,2.136,2,-0.553,-0.718,2.155,2,-0.070,-0.174,2.300,2,0.214,-0.307,2.096,2,0.376,-0.665,2.098,2,0.297,-0.686,2.113,2,-0.159,0.311,2.068,2,-0.261,0.236,1.836,2,-0.252,0.227,1.869,2,-0.063,0.236,1.788,2,-0.066,0.204,1.868,0,0,0,0,0
0.276|kb,95495803235590000,6,25,1,72057594037964220,2,-0.143,-0.163,2.337,2,-0.153,0.113,2.186,2,-0.161,0.382,2.023,2,-0.172,0.469,1.965,2,-0.335,0.313,2.122,2,-0.398,0.123,2.119,2,-0.290,0.115,1.890,2,-0.271,0.143,1.856,2,0.008,0.305,2.072,2,0.104,0.072,2.074,2,0.000,0.120,1.867,2,-0.037,0.135,1.801,2,-0.210,-0.159,2.307,2,-0.487,-0.330,2.136,2,-0.628,-0.679,2.135,2,-0.554,-0.716,2.153,2,-0.071,-0.160,2.295,2,0.212,-0.306,2.100,2,0.374,-0.662,2.100,2,0.296,-0.689,2.111,2,-0.159,0.316,2.066,2,-0.247,0.161,1.821,2,-0.243,0.176,1.842,2,-0.070,0.167,1.765,2,-0.053,0.127,1.813,0,0,0,0,0
0.299|kb,95495806521980000,6,25,1,72057594037964220,2,-0.143,-0.156,2.335,2,-0.153,0.121,2.185,2,-0.162,0.391,2.023,2,-0.175,0.477,1.964,2,-0.334,0.315,2.122,2,-0.396,0.125,2.129,2,-0.313,0.061,1.950,2,-0.261,0.075,1.853,2,0.003,0.309,2.071,2,0.106,0.090,2.039,2,0.000,0.063,1.862,2,-0.037,0.072,1.785,2,-0.210,-0.153,2.305,2,-0.484,-0.331,2.138,2,-0.623,-0.682,2.140,2,-0.547,-0.717,2.155,2,-0.073,-0.153,2.293,2,0.210,-0.305,2.103,2,0.372,-0.661,2.104,2,0.303,-0.696,2.115,2,-0.160,0.324,2.065,2,-0.254,0.044,1.790,2,-0.225,0.084,1.848,2,-0.068,0.078,1.752,2,-0.072,0.093,1.776,0,0,0,0,0
0.343|kb,95495809824720000,6,25,1,72057594037964220,2,-0.142,-0.154,2.333,2,-0.153,0.126,2.184,2,-0.164,0.402,2.023,2,-0.179,0.488,1.965,2,-0.334,0.315,2.122,2,-0.397,0.126,2.136,2,-0.305,0.046,1.968,2,-0.263,-0.003,1.894,2,-0.001,0.314,2.072,2,0.110,0.104,2.063,2,0.019,0.001,1.908,2,-0.024,-0.001,1.803,2,-0.208,-0.152,2.303,2,-0.484,-0.332,2.143,2,-0.623,-0.684,2.146,2,-0.542,-0.714,2.160,2,-0.072,-0.151,2.292,2,0.210,-0.306,2.105,2,0.372,-0.662,2.106,2,0.306,-0.698,2.120,2,-0.161,0.334,2.066,2,-0.232,-0.022,1.856,2,-0.235,0.021,1.895,2,-0.050,-0.007,1.759,2,-0.057,0.023,1.794,0,0,0,0,0
0.366|kb,95495813229920000,6,25,1,72057594037964220,2,-0.142,-0.150,2.331,2,-0.155,0.134,2.183,2,-0.167,0.411,2.023,2,-0.183,0.498,1.965,2,-0.334,0.316,2.121,2,-0.387,0.130,2.162,2,-0.312,0.005,2.002,2,-0.272,-0.056,1.946,2,-0.006,0.323,2.072,2,0.077,0.143,2.095,2,0.046,0.003,1.947,2,0.001,-0.051,1.847,2,-0.207,-0.149,2.300,2,-0.483,-0.335,2.150,2,-0.619,-0.688,2.154,2,-0.535,-0.714,2.168,2,-0.072,-0.146,2.290,2,0.209,-0.308,2.108,2,0.371,-0.663,2.113,2,0.292,-0.695,2.116,2,-0.164,0.343,2.065,2,-0.233,-0.098,1.914,2,-0.247,-0.037,1.914,2,-0.023,-0.079,1.794,2,-0.044,-0.066,1.814,0,0,0,0,0
0.409|kb,95495816526060000,6,25,1,72057594037964220,2,-0.143,-0.145,2.329,2,-0.157,0.142,2.181,2,-0.170,0.422,2.022,2,-0.189,0.512,1.965,2,-0.335,0.323,2.122,2,-0.384,0.137,2.164,2,-0.306,-0.051,2.015,2,-0.281,-0.098,1.992,2,-0.010,0.331,2.071,2,0.077,0.143,2.097,2,0.050,-0.026,1.966,2,0.012,-0.097,1.883,2,-0.207,-0.144,2.298,2,-0.482,-0.338,2.157,2,-0.615,-0.692,2.163,2,-0.530,-0.718,2.175,2,-0.075,-0.141,2.289,2,0.204,-0.313,2.115,2,0.365,-0.666,2.122,2,0.280,-0.694,2.120,2,-0.167,0.354,2.064,2,-0.245,-0.159,1.980,2,-0.254,-0.089,1.957,2,-0.008,-0.134,1.842,2,-0.024,-0.073,1.894,0,0,0,0,0
0.432|kb,95495819828970000,6,25,1,72057594037964220,2,-0.139,-0.131,2.328,2,-0.158,0.154,2.182,2,-0.175,0.433,2.023,2,-0.195,0.526,1.968,2,-0.337,0.328,2.123,2,-0.382,0.144,2.172,2,-0.315,-0.060,2.064,2,-0.293,-0.127,2.042,2,-0.014,0.340,2.070,2,0.075,0.147,2.101,2,0.056,-0.057,1.992,2,0.030,-0.129,1.924,2,-0.203,-0.132,2.296,2,-0.476,-0.331,2.159,2,-0.610,-0.687,2.170,2,-0.534,-0.718,2.187,2,-0.071,-0.126,2.289,2,0.198,-0.321,2.124,2,0.354,-0.669,2.134,2,0.265,-0.695,2.126,2,-0.171,0.364,2.065,2,-0.264,-0.195,2.040,2,-0.268,-0.119,2.003,2,0.013,-0.173,1.895,2,-0.007,-0.107,1.921,0,0,0,0,0
0.477|kb,95495823232410000,6,25,1,72057594037964220,2,-0.139,-0.126,2.328,2,-0.159,0.162,2.181,2,-0.179,0.443,2.022,2,-0.201,0.536,1.968,2,-0.338,0.331,2.123,2,-0.383,0.142,2.184,2,-0.327,-0.062,2.084,2,-0.306,-0.135,2.081,2,-0.017,0.349,2.070,2,0.073,0.149,2.108,2,0.063,-0.083,2.007,2,0.047,-0.151,1.960,2,-0.202,-0.128,2.296,2,-0.472,-0.332,2.162,2,-0.607,-0.687,2.172,2,-0.525,-0.712,2.188,2,-0.072,-0.119,2.289,2,0.193,-0.323,2.129,2,0.344,-0.665,2.142,2,0.253,-0.693,2.128,2,-0.174,0.374,2.064,2,-0.281,-0.206,2.076,2,-0.322,-0.116,2.044,2,0.031,-0.198,1.940,2,0.030,-0.139,1.922,0,0,0,0,0
0.502|kb,95495826524240000,6,25,1,72057594037964220,2,-0.139,-0.112,2.328,2,-0.162,0.174,2.181,2,-0.184,0.452,2.022,2,-0.207,0.547,1.968,2,-0.340,0.335,2.125,2,-0.385,0.143,2.200,2,-0.335,-0.071,2.105,2,-0.321,-0.135,2.101,2,-0.023,0.359,2.069,2,0.069,0.153,2.121,2,0.075,-0.075,2.050,2,0.066,-0.151,2.003,2,-0.205,-0.116,2.295,2,-0.470,-0.328,2.164,2,-0.599,-0.689,2.178,2,-0.526,-0.723,2.192,2,-0.067,-0.103,2.290,2,0.184,-0.327,2.138,2,0.329,-0.665,2.155,2,0.239,-0.698,2.132,2,-0.179,0.383,2.064,2,-0.303,-0.204,2.100,2,-0.354,-0.152,2.093,2,0.057,-0.208,1.986,2,0.029,-0.134,1.986,0,0,0,0,0
0.543|kb,95495829829800000,6,25,1,72057594037964220,2,-0.139,-0.101,2.326,2,-0.165,0.184,2.180,2,-0.188,0.461,2.022,2,-0.212,0.556,1.969,2,-0.355,0.369,2.137,2,-0.389,0.146,2.210,2,-0.340,-0.073,2.115,2,-0.322,-0.130,2.134,2,-0.026,0.370,2.069,2,0.070,0.155,2.129,2,0.081,-0.080,2.056,2,0.081,-0.150,2.032,2,-0.208,-0.103,2.293,2,-0.475,-0.311,2.160,2,-0.598,-0.683,2.177,2,-0.540,-0.722,2.193,2,-0.066,-0.094,2.287,2,0.178,-0.330,2.143,2,0.324,-0.660,2.159,2,0.237,-0.690,2.157,2,-0.183,0.393,2.064,2,-0.316,-0.201,2.119,2,-0.384,-0.165,2.138,2,0.077,-0.207,2.026,2,0.085,-0.154,1.985,0,0,0,0,0
0.566|kb,95495833232260000,6,25,1,72057594037964220,2,-0.139,-0.095,2.323,2,-0.166,0.192,2.179,2,-0.193,0.471,2.023,2,-0.219,0.568,1.971,2,-0.357,0.374,2.139,2,-0.393,0.156,2.230,2,-0.363,-0.031,2.156,2,-0.345,-0.103,2.130,2,-0.030,0.380,2.069,2,0.070,0.159,2.138,2,0.088,-0.084,2.073,2,0.086,-0.139,2.069,2,-0.208,-0.097,2.291,2,-0.472,-0.312,2.162,2,-0.596,-0.689,2.185,2,-0.536,-0.725,2.197,2,-0.065,-0.088,2.285,2,0.174,-0.333,2.150,2,0.320,-0.680,2.175,2,0.275,-0.724,2.204,2,-0.187,0.402,2.064,2,-0.332,-0.171,2.110,2,-0.377,-0.097,2.107,2,0.094,-0.198,2.050,2,0.104,-0.131,2.018,0,0,0,0,0
