0.000|kb,95604453277620000,6,25,0,1,72057594037972009,2,0.058,-0.119,2.375,2,0.034,0.140,2.266,2,0.008,0.392,2.144,2,-0.041,0.544,2.095,2,-0.135,0.290,2.178,2,-0.293,0.288,1.964,2,-0.087,0.357,1.874,1,-0.046,0.383,1.889,2,0.150,0.321,2.131,2,0.278,0.135,2.205,2,0.296,-0.066,2.168,2,0.298,-0.140,2.123,2,-0.022,-0.126,2.350,2,-0.053,-0.401,2.512,2,0.014,-0.648,2.077,2,-0.012,-0.645,2.059,2,0.136,-0.109,2.331,2,0.062,-0.389,2.072,2,0.049,-0.745,2.013,1,0.039,-0.735,1.906,2,0.015,0.330,2.177,2,0.008,0.406,1.867,2,-0.031,0.366,1.906,2,0.300,-0.201,2.121,2,0.294,-0.158,2.136,0,0,0,0
0.032|kb,95604456577110000,6,25,0,1,72057594037972009,2,0.060,-0.118,2.372,2,0.035,0.141,2.262,2,0.009,0.392,2.140,2,-0.040,0.542,2.089,2,-0.134,0.290,2.174,2,-0.294,0.288,1.962,2,-0.088,0.353,1.870,1,-0.046,0.381,1.877,2,0.150,0.320,2.126,2,0.279,0.135,2.200,2,0.296,-0.066,2.160,2,0.298,-0.143,2.111,2,-0.020,-0.125,2.347,2,-0.054,-0.392,2.497,2,0.014,-0.647,2.071,1,-0.012,-0.644,2.050,2,0.139,-0.108,2.328,2,0.066,-0.378,2.074,2,0.047,-0.746,2.012,1,0.037,-0.735,1.905,2,0.016,0.330,2.173,2,0.009,0.401,1.858,2,-0.029,0.366,1.891,2,0.298,-0.203,2.110,2,0.294,-0.191,2.118,0,0,0,0
0.058|kb,95604459883690000,6,25,0,1,72057594037972009,2,0.063,-0.117,2.369,2,0.037,0.141,2.260,2,0.010,0.391,2.138,2,-0.038,0.540,2.084,2,-0.133,0.290,2.172,2,-0.295,0.291,1.950,2,-0.087,0.352,1.866,1,-0.047,0.380,1.871,2,0.151,0.319,2.123,2,0.280,0.134,2.197,2,0.297,-0.065,2.147,2,0.299,-0.141,2.101,2,-0.017,-0.124,2.345,2,-0.051,-0.393,2.490,2,0.028,-0.617,2.051,2,-0.001,-0.621,2.031,2,0.141,-0.107,2.326,2,0.066,-0.375,2.075,2,0.045,-0.746,2.010,1,0.036,-0.735,1.903,2,0.016,0.330,2.170,2,0.010,0.401,1.855,2,-0.028,0.364,1.887,2,0.297,-0.204,2.096,2,0.270,-0.140,2.114,0,0,0,0
0.101|kb,95604463279650000,6,25,0,1,72057594037972009,2,0.066,-0.117,2.366,2,0.039,0.141,2.257,2,0.012,0.392,2.134,2,-0.036,0.540,2.081,2,-0.131,0.290,2.169,2,-0.295,0.292,1.947,2,-0.085,0.353,1.861,1,-0.043,0.381,1.872,2,0.153,0.318,2.121,2,0.282,0.133,2.193,2,0.299,-0.066,2.140,2,0.300,-0.142,2.093,2,-0.015,-0.124,2.342,2,-0.049,-0.394,2.486,2,0.032,-0.583,2.029,2,0.039,-0.631,2.032,2,0.144,-0.106,2.323,2,0.066,-0.377,2.075,2,0.044,-0.745,2.008,1,0.036,-0.734,1.900,2,0.019,0.330,2.167,2,0.011,0.402,1.848,2,-0.027,0.364,1.894,2,0.297,-0.202,2.087,2,0.276,-0.131,2.116,0,0,0,0
0.124|kb,95604466579310000,6,25,0,1,72057594037972009,2,0.068,-0.117,2.366,2,0.040,0.141,2.256,2,0.013,0.392,2.134,2,-0.034,0.541,2.081,2,-0.131,0.290,2.169,2,-0.286,0.286,1.964,2,-0.108,0.341,1.869,1,-0.066,0.368,1.873,2,0.156,0.319,2.122,2,0.282,0.133,2.193,2,0.300,-0.066,2.138,2,0.305,-0.141,2.093,2,-0.013,-0.124,2.341,2,-0.045,-0.394,2.485,2,0.032,-0.639,2.052,2,0.002,-0.646,2.037,2,0.146,-0.106,2.323,2,0.068,-0.370,2.079,2,0.045,-0.743,2.005,1,0.038,-0.729,1.899,2,0.020,0.330,2.167,2,-0.022,0.398,1.881,2,-0.035,0.354,1.894,2,0.304,-0.202,2.085,2,0.276,-0.109,2.124,0,0,0,0
0.167|kb,95604469885720000,6,25,0,1,72057594037972009,2,0.069,-0.116,2.367,2,0.041,0.141,2.257,2,0.014,0.392,2.135,2,-0.029,0.544,2.084,2,-0.130,0.290,2.169,2,-0.276,0.281,2.013,2,-0.108,0.341,1.872,1,-0.058,0.373,1.884,2,0.161,0.319,2.128,2,0.284,0.132,2.195,2,0.302,-0.067,2.138,2,0.311,-0.143,2.097,2,-0.012,-0.124,2.341,2,-0.038,-0.385,2.499,2,0.033,-0.671,2.076,2,0.003,-0.662,2.067,2,0.149,-0.106,2.325,2,0.067,-0.374,2.081,2,0.045,-0.743,2.003,1,0.040,-0.727,1.898,2,0.020,0.330,2.168,2,-0.005,0.409,1.880,2,-0.031,0.360,1.900,2,0.308,-0.202,2.088,2,0.283,-0.146,2.118,0,0,0,0
0.192|kb,95604473276760000,6,25,0,1,72057594037972009,2,0.074,-0.117,2.372,2,0.050,0.141,2.268,2,0.027,0.393,2.153,2,-0.019,0.541,2.099,2,-0.121,0.289,2.183,2,-0.274,0.283,2.007,2,-0.112,0.340,1.885,2,-0.062,0.370,1.899,2,0.168,0.317,2.140,2,0.288,0.128,2.207,2,0.306,-0.069,2.142,2,0.317,-0.145,2.108,2,-0.008,-0.125,2.346,1,-0.038,-0.387,2.501,2,0.033,-0.683,2.080,2,0.002,-0.663,2.068,2,0.153,-0.106,2.331,2,0.069,-0.370,2.087,2,0.062,-0.757,2.011,1,0.055,-0.739,1.905,2,0.033,0.331,2.183,2,-0.017,0.409,1.897,2,-0.038,0.352,1.912,2,0.316,-0.205,2.102,2,0.287,-0.141,2.133,0,0,0,0
0.234|kb,95604476580090000,6,25,0,1,72057594037972009,2,0.082,-0.120,2.379,2,0.058,0.138,2.279,2,0.034,0.390,2.170,2,-0.012,0.539,2.117,2,-0.114,0.289,2.200,2,-0.268,0.275,2.053,2,-0.108,0.340,1.901,2,-0.060,0.371,1.913,2,0.175,0.316,2.155,2,0.293,0.123,2.219,2,0.313,-0.071,2.152,2,0.324,-0.146,2.120,2,0.001,-0.128,2.352,1,-0.034,-0.389,2.507,2,0.032,-0.688,2.088,2,0.001,-0.663,2.073,2,0.162,-0.109,2.337,2,0.071,-0.378,2.092,1,0.069,-0.732,2.019,2,0.000,-0.679,1.936,2,0.040,0.328,2.199,2,-0.013,0.413,1.909,2,-0.034,0.351,1.923,2,0.325,-0.203,2.112,2,0.316,-0.214,2.115,0,0,0,0
0.258|kb,95604479883900000,6,25,0,1,72057594037972009,2,0.089,-0.123,2.390,2,0.062,0.137,2.291,2,0.036,0.390,2.180,2,-0.009,0.545,2.135,2,-0.112,0.289,2.211,2,-0.262,0.275,2.060,2,-0.103,0.342,1.923,2,-0.056,0.373,1.936,2,0.180,0.314,2.175,2,0.300,0.113,2.245,2,0.323,-0.077,2.167,2,0.332,-0.150,2.136,2,0.007,-0.130,2.364,1,-0.027,-0.392,2.519,2,0.033,-0.689,2.097,2,0.006,-0.663,2.082,2,0.168,-0.112,2.347,2,0.073,-0.373,2.101,1,0.073,-0.719,2.026,1,0.004,-0.678,1.940,2,0.043,0.328,2.210,2,-0.003,0.415,1.933,2,-0.027,0.355,1.950,2,0.331,-0.208,2.129,2,0.299,-0.118,2.173,0,0,0,0
0.299|kb,95604483277630000,6,25,0,1,72057594037972009,2,0.095,-0.125,2.400,2,0.069,0.136,2.308,2,0.042,0.391,2.207,2,-0.006,0.540,2.156,2,-0.107,0.293,2.243,2,-0.251,0.275,2.085,1,-0.085,0.378,1.883,2,-0.030,0.412,1.819,2,0.185,0.313,2.190,2,0.304,0.111,2.257,2,0.330,-0.080,2.183,2,0.340,-0.152,2.151,2,0.014,-0.132,2.376,1,-0.021,-0.394,2.531,2,0.032,-0.687,2.106,2,0.002,-0.661,2.091,2,0.174,-0.115,2.356,2,0.074,-0.374,2.102,1,0.075,-0.711,2.031,1,0.006,-0.679,1.943,2,0.049,0.328,2.234,1,0.023,0.454,1.816,1,-0.001,0.393,1.833,2,0.339,-0.209,2.144,2,0.317,-0.212,2.138,0,0,0,0
0.323|kb,95604486577200000,6,25,0,1,72057594037972009,2,0.099,-0.126,2.408,2,0.071,0.137,2.320,2,0.042,0.393,2.222,2,-0.007,0.543,2.172,2,-0.107,0.296,2.258,2,-0.254,0.275,2.101,1,-0.090,0.375,1.896,2,-0.035,0.409,1.831,2,0.187,0.313,2.205,2,0.308,0.112,2.269,2,0.339,-0.080,2.200,2,0.350,-0.151,2.168,2,0.018,-0.133,2.385,1,-0.017,-0.395,2.539,2,0.031,-0.686,2.112,2,0.002,-0.660,2.097,2,0.177,-0.116,2.363,2,0.075,-0.374,2.104,2,0.104,-0.722,2.054,1,0.034,-0.724,1.960,2,0.050,0.330,2.248,1,0.018,0.452,1.828,1,-0.006,0.391,1.845,2,0.350,-0.208,2.159,2,0.327,-0.172,2.166,0,0,0,0
0.367|kb,95604489883780000,6,25,0,1,72057594037972009,2,0.103,-0.126,2.417,2,0.073,0.139,2.333,2,0.043,0.397,2.238,2,-0.005,0.547,2.189,2,-0.104,0.297,2.276,2,-0.256,0.277,2.121,2,-0.094,0.355,1.990,2,-0.048,0.387,1.999,2,0.188,0.316,2.215,2,0.312,0.115,2.281,2,0.346,-0.078,2.218,2,0.359,-0.142,2.187,2,0.022,-0.132,2.397,1,-0.014,-0.396,2.549,2,0.030,-0.684,2.119,2,0.000,-0.658,2.106,2,0.180,-0.116,2.369,2,0.077,-0.376,2.107,1,0.104,-0.715,2.055,1,0.034,-0.724,1.960,2,0.051,0.333,2.263,2,0.003,0.419,2.000,2,-0.025,0.367,2.015,2,0.366,-0.197,2.174,2,0.324,-0.114,2.212,0,0,0,0
0.391|kb,95604493276880000,6,25,0,1,72057594037972009,2,0.104,-0.126,2.421,2,0.073,0.141,2.338,2,0.042,0.400,2.245,2,-0.008,0.552,2.197,2,-0.103,0.301,2.284,2,-0.258,0.284,2.122,2,-0.085,0.364,1.990,2,-0.040,0.398,2.008,2,0.189,0.317,2.223,2,0.316,0.117,2.289,2,0.355,-0.076,2.232,2,0.369,-0.139,2.200,2,0.024,-0.132,2.401,1,-0.012,-0.396,2.553,2,0.028,-0.683,2.122,2,0.000,-0.658,2.109,2,0.182,-0.116,2.373,2,0.079,-0.388,2.105,1,0.104,-0.726,2.055,1,0.035,-0.736,1.960,2,0.050,0.336,2.270,2,0.018,0.426,2.000,2,-0.023,0.377,2.021,2,0.373,-0.200,2.193,2,0.339,-0.124,2.216,0,0,0,0
0.432|kb,95604496577690000,6,25,0,1,72057594037972009,2,0.106,-0.124,2.425,2,0.074,0.144,2.347,2,0.042,0.405,2.259,2,-0.011,0.558,2.218,2,-0.104,0.308,2.298,2,-0.258,0.294,2.142,1,-0.047,0.393,1.986,2,0.000,0.430,2.017,2,0.189,0.320,2.231,2,0.319,0.124,2.298,2,0.362,-0.070,2.246,2,0.380,-0.135,2.217,2,0.026,-0.131,2.406,1,-0.011,-0.395,2.557,2,0.028,-0.680,2.124,2,-0.002,-0.656,2.112,2,0.183,-0.115,2.376,2,0.077,-0.412,2.099,1,0.105,-0.731,2.056,1,0.036,-0.739,1.961,2,0.050,0.341,2.283,2,0.012,0.425,1.993,2,0.014,0.419,1.982,2,0.388,-0.199,2.212,2,0.402,-0.196,2.210,0,0,0,0
0.456|kb,95604499883590000,6,25,0,1,72057594037972009,2,0.106,-0.122,2.428,2,0.074,0.148,2.353,2,0.041,0.410,2.268,2,-0.012,0.563,2.227,2,-0.105,0.318,2.308,2,-0.259,0.299,2.154,2,-0.051,0.415,2.019,1,-0.016,0.433,2.023,2,0.189,0.325,2.239,2,0.323,0.133,2.305,2,0.370,-0.061,2.258,2,0.393,-0.128,2.230,2,0.027,-0.128,2.410,1,-0.007,-0.395,2.559,2,0.030,-0.678,2.125,1,0.000,-0.654,2.113,2,0.183,-0.113,2.378,2,0.084,-0.397,2.109,1,0.105,-0.732,2.057,1,0.036,-0.739,1.962,2,0.049,0.346,2.292,2,0.002,0.435,2.006,2,-0.005,0.416,2.014,2,0.404,-0.190,2.225,2,0.383,-0.122,2.240,0,0,0,0
0.499|kb,95604503277200000,6,25,0,1,72057594037972009,2,0.107,-0.120,2.430,2,0.074,0.151,2.357,2,0.040,0.415,2.274,2,-0.015,0.567,2.235,2,-0.106,0.323,2.313,2,-0.260,0.305,2.167,2,-0.051,0.415,2.019,1,-0.020,0.439,2.020,2,0.189,0.329,2.245,2,0.326,0.137,2.308,2,0.381,-0.056,2.266,2,0.406,-0.120,2.235,2,0.028,-0.126,2.413,1,-0.006,-0.394,2.559,2,0.031,-0.678,2.126,2,0.001,-0.654,2.114,2,0.183,-0.111,2.380,2,0.087,-0.393,2.111,1,0.106,-0.733,2.057,1,0.037,-0.738,1.963,2,0.048,0.350,2.297,2,-0.006,0.440,2.000,2,-0.006,0.423,2.017,2,0.422,-0.180,2.233,2,0.378,-0.116,2.244,0,0,0,0
0.523|kb,95604506577070000,6,25,0,1,72057594037972009,2,0.107,-0.118,2.431,2,0.073,0.154,2.360,2,0.038,0.419,2.279,2,-0.016,0.570,2.240,2,-0.106,0.328,2.317,2,-0.261,0.307,2.172,2,-0.154,0.381,2.007,1,-0.099,0.403,2.011,2,0.190,0.333,2.248,2,0.329,0.143,2.310,2,0.388,-0.049,2.269,2,0.418,-0.111,2.238,2,0.029,-0.124,2.414,1,-0.005,-0.393,2.558,2,0.031,-0.677,2.125,1,0.002,-0.653,2.113,2,0.183,-0.109,2.380,2,0.088,-0.391,2.111,1,0.108,-0.731,2.058,1,0.038,-0.735,1.964,2,0.047,0.354,2.301,2,-0.069,0.442,1.995,2,-0.069,0.381,2.016,2,0.433,-0.175,2.231,2,0.381,-0.092,2.264,0,0,0,0
0.566|kb,95604509883560000,6,25,0,1,72057594037972009,2,0.112,-0.114,2.430,2,0.074,0.156,2.361,2,0.038,0.420,2.281,2,-0.017,0.573,2.248,2,-0.106,0.329,2.318,2,-0.265,0.310,2.177,2,-0.154,0.380,2.012,1,-0.100,0.409,2.012,2,0.190,0.335,2.252,2,0.333,0.148,2.312,2,0.399,-0.042,2.273,2,0.430,-0.101,2.241,2,0.033,-0.121,2.413,1,-0.003,-0.391,2.557,2,0.032,-0.674,2.124,2,0.004,-0.651,2.112,2,0.188,-0.104,2.379,2,0.089,-0.389,2.112,1,0.109,-0.730,2.059,1,0.040,-0.734,1.965,2,0.047,0.355,2.303,2,-0.059,0.451,1.998,2,-0.067,0.387,2.018,2,0.451,-0.163,2.233,2,0.393,-0.084,2.258,0,0,0,0
0.590|kb,95604513276830000,6,25,0,1,72057594037972009,2,0.115,-0.111,2.428,2,0.075,0.158,2.362,2,0.037,0.423,2.287,2,-0.017,0.575,2.252,2,-0.107,0.331,2.319,2,-0.268,0.313,2.182,2,-0.156,0.379,2.016,2,-0.103,0.410,2.010,2,0.190,0.338,2.255,2,0.337,0.156,2.313,2,0.406,-0.033,2.275,2,0.441,-0.092,2.241,2,0.036,-0.119,2.412,1,-0.001,-0.387,2.557,2,0.034,-0.673,2.126,2,0.006,-0.650,2.113,2,0.190,-0.101,2.377,2,0.090,-0.387,2.112,1,0.111,-0.733,2.059,1,0.041,-0.736,1.965,2,0.047,0.358,2.307,2,-0.072,0.450,1.992,2,-0.065,0.395,2.018,2,0.461,-0.158,2.235,2,0.405,-0.082,2.252,0,0,0,0
0.632|kb,95604516576870000,6,25,0,1,72057594037972009,2,0.117,-0.108,2.427,2,0.076,0.162,2.363,2,0.036,0.427,2.289,2,-0.018,0.577,2.255,2,-0.107,0.332,2.319,2,-0.268,0.317,2.182,2,-0.156,0.380,2.015,2,-0.103,0.412,2.008,2,0.190,0.341,2.257,2,0.340,0.163,2.312,2,0.414,-0.024,2.275,2,0.449,-0.083,2.236,2,0.037,-0.117,2.411,1,0.000,-0.385,2.557,2,0.035,-0.672,2.127,2,0.008,-0.649,2.114,2,0.193,-0.097,2.376,2,0.095,-0.369,2.121,1,0.114,-0.731,2.060,1,0.043,-0.731,1.966,2,0.046,0.361,2.310,2,-0.066,0.453,1.995,2,-0.062,0.396,2.018,2,0.473,-0.144,2.226,2,0.436,-0.111,2.239,0,0,0,0
0.656|kb,95604519883880000,6,25,0,1,72057594037972009,2,0.117,-0.107,2.427,2,0.076,0.162,2.363,2,0.036,0.427,2.290,2,-0.019,0.580,2.258,2,-0.107,0.333,2.320,2,-0.268,0.320,2.181,2,-0.127,0.396,2.002,2,-0.073,0.427,2.010,2,0.190,0.344,2.259,2,0.342,0.170,2.311,2,0.421,-0.018,2.272,2,0.459,-0.080,2.230,2,0.038,-0.116,2.411,1,0.001,-0.384,2.557,1,0.035,-0.667,2.124,2,0.008,-0.644,2.111,2,0.193,-0.095,2.375,2,0.096,-0.373,2.119,1,0.114,-0.731,2.060,1,0.044,-0.729,1.967,2,0.046,0.362,2.310,2,-0.017,0.456,1.985,2,-0.049,0.404,2.019,2,0.483,-0.137,2.221,2,0.426,-0.078,2.239,0,0,0,0
0.701|kb,95604523277490000,6,25,0,1,72057594037972009,2,0.118,-0.105,2.428,2,0.076,0.164,2.364,2,0.036,0.427,2.290,2,-0.019,0.582,2.261,2,-0.107,0.333,2.320,2,-0.268,0.322,2.182,2,-0.127,0.396,2.002,1,-0.073,0.426,2.007,2,0.190,0.346,2.260,2,0.344,0.174,2.310,2,0.426,-0.013,2.269,2,0.465,-0.074,2.226,2,0.039,-0.114,2.411,1,0.002,-0.383,2.557,1,0.035,-0.665,2.125,2,0.009,-0.642,2.111,2,0.195,-0.091,2.377,2,0.096,-0.375,2.118,2,0.113,-0.733,2.058,1,0.042,-0.728,1.965,2,0.046,0.362,2.310,2,-0.017,0.459,1.992,2,-0.046,0.403,2.023,2,0.489,-0.129,2.215,2,0.466,-0.082,2.233,0,0,0,0
0.725|kb,95604526577100000,6,25,0,1,72057594037972009,2,0.119,-0.104,2.428,2,0.077,0.166,2.365,2,0.036,0.430,2.293,2,-0.019,0.583,2.262,2,-0.106,0.338,2.324,2,-0.266,0.325,2.184,2,-0.127,0.396,2.002,2,-0.071,0.425,2.005,2,0.190,0.347,2.261,2,0.346,0.177,2.309,2,0.429,-0.010,2.267,2,0.468,-0.070,2.219,2,0.040,-0.113,2.411,1,0.003,-0.381,2.557,1,0.040,-0.674,2.133,2,0.013,-0.651,2.119,2,0.195,-0.091,2.377,2,0.096,-0.376,2.118,2,0.114,-0.734,2.056,1,0.043,-0.725,1.964,2,0.047,0.365,2.313,2,-0.013,0.462,1.988,2,-0.041,0.407,2.018,2,0.493,-0.126,2.204,2,0.438,-0.075,2.237,0,0,0,0
0.768|kb,95604529887020000,6,25,0,1,72057594037972009,2,0.119,-0.103,2.428,2,0.078,0.167,2.366,2,0.037,0.431,2.294,2,-0.018,0.585,2.263,2,-0.105,0.342,2.325,2,-0.266,0.329,2.186,2,-0.127,0.396,2.001,2,-0.071,0.423,1.999,2,0.190,0.348,2.262,2,0.347,0.178,2.309,2,0.432,-0.006,2.264,2,0.470,-0.067,2.214,2,0.040,-0.112,2.412,1,0.004,-0.381,2.557,2,0.043,-0.665,2.128,2,0.015,-0.643,2.114,2,0.195,-0.090,2.377,2,0.096,-0.377,2.118,1,0.114,-0.727,2.054,1,0.043,-0.716,1.962,2,0.047,0.366,2.314,2,-0.016,0.461,1.983,2,-0.039,0.403,2.012,2,0.497,-0.123,2.196,2,0.434,-0.062,2.231,0,0,0,0
0.791|kb,95604533276950000,6,25,0,1,72057594037972009,2,0.119,-0.103,2.429,2,0.078,0.167,2.367,2,0.037,0.431,2.294,2,-0.018,0.586,2.263,2,-0.105,0.341,2.324,2,-0.253,0.340,2.170,2,-0.047,0.422,2.005,2,-0.012,0.451,2.002,2,0.190,0.349,2.262,2,0.348,0.179,2.308,2,0.434,-0.002,2.261,2,0.470,-0.065,2.209,2,0.040,-0.112,2.412,1,0.005,-0.380,2.558,2,0.045,-0.664,2.129,2,0.017,-0.643,2.114,2,0.194,-0.091,2.378,2,0.096,-0.380,2.117,1,0.115,-0.725,2.055,1,0.044,-0.713,1.963,2,0.047,0.366,2.314,2,0.013,0.452,1.977,2,0.002,0.435,2.000,2,0.495,-0.123,2.188,2,0.458,-0.076,2.220,0,0,0,0
0.832|kb,95604536577500000,6,25,0,1,72057594037972009,2,0.118,-0.103,2.430,2,0.077,0.167,2.367,2,0.037,0.430,2.293,2,-0.017,0.587,2.262,2,-0.105,0.341,2.323,2,-0.253,0.339,2.169,2,-0.054,0.439,1.999,2,-0.011,0.450,1.994,2,0.191,0.349,2.262,2,0.349,0.179,2.308,2,0.435,-0.001,2.258,2,0.471,-0.064,2.206,2,0.039,-0.111,2.413,1,0.005,-0.381,2.558,2,0.046,-0.665,2.130,2,0.018,-0.643,2.115,2,0.194,-0.091,2.379,2,0.098,-0.377,2.118,1,0.115,-0.722,2.055,1,0.044,-0.709,1.963,2,0.047,0.366,2.314,2,0.017,0.454,1.975,2,0.004,0.433,1.999,2,0.498,-0.123,2.187,2,0.444,-0.073,2.228,0,0,0,0
0.857|kb,95604539883740000,6,25,0,1,72057594037972009,2,0.117,-0.102,2.431,2,0.077,0.167,2.367,2,0.038,0.429,2.293,2,-0.016,0.588,2.261,2,-0.104,0.340,2.323,2,-0.251,0.338,2.167,2,-0.078,0.403,1.990,2,-0.069,0.416,1.985,2,0.191,0.349,2.262,2,0.349,0.180,2.307,2,0.435,0.001,2.256,2,0.471,-0.063,2.201,2,0.039,-0.111,2.413,1,0.005,-0.380,2.558,2,0.047,-0.665,2.131,2,0.019,-0.644,2.115,2,0.193,-0.089,2.381,2,0.099,-0.374,2.120,1,0.115,-0.723,2.055,1,0.044,-0.710,1.963,2,0.047,0.365,2.313,2,-0.001,0.460,1.970,2,-0.019,0.406,2.006,2,0.499,-0.120,2.180,2,0.450,-0.066,2.214,0,0,0,0
0.900|kb,95604543278080000,6,25,0,1,72057594037972009,2,0.118,-0.101,2.431,2,0.078,0.167,2.367,2,0.038,0.429,2.292,2,-0.015,0.588,2.258,2,-0.104,0.340,2.322,2,-0.249,0.337,2.165,2,-0.077,0.403,1.990,2,-0.065,0.416,1.980,2,0.192,0.349,2.262,2,0.350,0.180,2.307,2,0.437,0.001,2.253,2,0.474,-0.063,2.198,2,0.039,-0.110,2.413,1,0.005,-0.379,2.558,2,0.046,-0.665,2.131,2,0.018,-0.644,2.116,2,0.194,-0.088,2.382,2,0.098,-0.375,2.119,1,0.115,-0.724,2.055,1,0.043,-0.710,1.964,2,0.048,0.365,2.313,2,0.000,0.459,1.964,2,-0.012,0.409,2.006,2,0.502,-0.121,2.174,2,0.458,-0.075,2.207,0,0,0,0
0.924|kb,95604546576580000,6,25,0,1,72057594037972009,2,0.119,-0.100,2.430,2,0.078,0.167,2.366,2,0.038,0.428,2.291,2,-0.012,0.587,2.254,2,-0.103,0.340,2.319,2,-0.248,0.336,2.162,2,-0.076,0.402,1.985,2,-0.061,0.415,1.971,2,0.193,0.349,2.260,2,0.351,0.180,2.305,2,0.438,0.002,2.249,2,0.477,-0.062,2.194,2,0.039,-0.110,2.412,1,0.004,-0.379,2.557,2,0.046,-0.665,2.131,2,0.018,-0.644,2.115,2,0.195,-0.088,2.381,2,0.098,-0.375,2.119,1,0.113,-0.719,2.056,1,0.042,-0.705,1.965,2,0.048,0.364,2.312,2,0.005,0.458,1.957,2,-0.013,0.403,1.992,2,0.505,-0.123,2.171,2,0.449,-0.073,2.220,0,0,0,0
0.967|kb,95604549884740000,6,25,0,1,72057594037972009,2,0.119,-0.100,2.430,2,0.078,0.167,2.365,2,0.039,0.427,2.288,2,-0.009,0.585,2.249,2,-0.102,0.339,2.317,2,-0.230,0.347,2.138,2,-0.075,0.402,1.977,2,-0.061,0.414,1.963,2,0.194,0.349,2.258,2,0.352,0.179,2.302,2,0.440,0.002,2.246,2,0.481,-0.062,2.192,2,0.039,-0.109,2.412,1,0.005,-0.379,2.556,2,0.045,-0.663,2.128,2,0.017,-0.642,2.113,2,0.195,-0.088,2.381,2,0.098,-0.376,2.117,2,0.072,-0.655,2.036,1,0.001,-0.623,1.947,2,0.049,0.363,2.310,2,0.004,0.454,1.955,2,-0.012,0.403,1.983,2,0.511,-0.121,2.166,2,0.515,-0.101,2.171,0,0,0,0
0.991|kb,95604553276770000,6,25,0,1,72057594037972009,2,0.119,-0.100,2.429,2,0.079,0.166,2.363,2,0.039,0.426,2.285,2,-0.005,0.581,2.241,2,-0.102,0.339,2.313,2,-0.234,0.339,2.145,2,-0.076,0.399,1.965,2,-0.060,0.412,1.951,2,0.194,0.348,2.255,2,0.353,0.179,2.299,2,0.443,0.003,2.243,2,0.487,-0.061,2.185,2,0.040,-0.110,2.411,1,0.005,-0.381,2.553,2,0.045,-0.662,2.125,2,0.017,-0.642,2.108,2,0.195,-0.088,2.379,2,0.097,-0.377,2.114,2,0.070,-0.665,2.032,1,0.001,-0.622,1.947,2,0.049,0.362,2.307,2,0.000,0.454,1.942,2,-0.010,0.398,1.974,2,0.517,-0.117,2.158,2,0.466,-0.077,2.197,0,0,0,0
1.034|kb,95604556578520000,6,25,0,1,72057594037972009,2,0.120,-0.101,2.425,2,0.079,0.165,2.360,2,0.040,0.424,2.282,2,-0.002,0.578,2.234,2,-0.101,0.337,2.310,2,-0.240,0.337,2.120,2,-0.109,0.390,1.993,2,-0.052,0.416,1.938,2,0.195,0.346,2.250,2,0.355,0.178,2.295,2,0.449,0.004,2.236,2,0.495,-0.057,2.181,2,0.040,-0.110,2.406,1,0.005,-0.382,2.548,2,0.043,-0.663,2.120,2,0.016,-0.643,2.104,2,0.196,-0.089,2.377,2,0.096,-0.378,2.111,2,0.069,-0.666,2.029,1,0.001,-0.618,1.945,2,0.050,0.361,2.304,2,0.012,0.456,1.924,2,-0.008,0.400,1.960,2,0.529,-0.115,2.151,2,0.520,-0.073,2.168,0,0,0,0
1.059|kb,95604559884420000,6,25,0,1,72057594037972009,2,0.111,-0.103,2.416,2,0.074,0.163,2.346,2,0.038,0.421,2.263,2,0.001,0.580,2.220,2,-0.099,0.342,2.278,2,-0.239,0.338,2.116,2,-0.108,0.393,1.972,2,-0.056,0.416,1.916,2,0.195,0.345,2.242,2,0.357,0.185,2.280,2,0.455,0.010,2.226,2,0.504,-0.048,2.167,2,0.032,-0.110,2.397,1,0.006,-0.381,2.540,2,0.041,-0.663,2.114,2,0.021,-0.644,2.096,2,0.187,-0.094,2.367,2,0.092,-0.379,2.102,2,0.053,-0.705,2.003,2,0.050,-0.697,1.899,2,0.047,0.357,2.286,2,0.008,0.459,1.900,2,0.005,0.416,1.965,2,0.540,-0.110,2.127,2,0.536,-0.079,2.142,0,0,0,0
1.099|kb,95604563280720000,6,25,0,1,72057594037972009,2,0.102,-0.103,2.404,2,0.066,0.161,2.332,2,0.030,0.416,2.246,2,0.004,0.576,2.202,2,-0.099,0.340,2.263,2,-0.232,0.361,2.046,2,-0.078,0.416,1.927,2,-0.026,0.435,1.884,2,0.194,0.345,2.229,2,0.362,0.188,2.263,2,0.467,0.019,2.203,2,0.515,-0.038,2.143,2,0.022,-0.107,2.382,1,0.004,-0.381,2.523,2,0.038,-0.665,2.102,2,0.019,-0.648,2.081,2,0.180,-0.095,2.359,2,0.088,-0.379,2.084,2,0.049,-0.726,1.994,1,0.049,-0.700,1.894,2,0.039,0.353,2.270,2,0.039,0.466,1.867,2,0.005,0.408,1.928,2,0.560,-0.096,2.100,2,0.567,-0.082,2.101,0,0,0,0
1.123|kb,95604566577130000,6,25,0,1,72057594037972009,2,0.098,-0.101,2.390,2,0.061,0.161,2.320,2,0.024,0.415,2.237,2,0.003,0.575,2.191,2,-0.101,0.346,2.244,2,-0.230,0.365,2.074,2,-0.070,0.422,1.850,2,-0.034,0.446,1.843,2,0.189,0.346,2.219,2,0.365,0.199,2.241,2,0.477,0.040,2.175,2,0.520,-0.017,2.118,2,0.018,-0.104,2.367,1,0.000,-0.377,2.510,2,0.035,-0.661,2.093,2,0.019,-0.645,2.069,2,0.175,-0.094,2.345,2,0.085,-0.375,2.073,2,0.048,-0.729,1.982,2,0.052,-0.696,1.881,2,0.033,0.353,2.260,2,0.033,0.487,1.818,2,0.006,0.412,1.890,2,0.564,-0.060,2.052,2,0.552,-0.020,2.079,0,0,0,0
1.168|kb,95604569884220000,6,25,0,1,72057594037972009,2,0.087,-0.096,2.371,2,0.049,0.164,2.297,2,0.011,0.417,2.211,2,-0.004,0.575,2.165,2,-0.104,0.348,2.222,2,-0.226,0.390,1.984,2,-0.067,0.444,1.798,2,-0.028,0.471,1.790,2,0.182,0.353,2.197,2,0.367,0.215,2.202,2,0.481,0.058,2.135,2,0.524,0.009,2.080,2,0.007,-0.099,2.347,1,-0.002,-0.375,2.486,2,0.032,-0.660,2.076,2,0.017,-0.647,2.048,2,0.165,-0.090,2.327,2,0.079,-0.369,2.053,2,0.052,-0.724,1.979,1,0.053,-0.693,1.873,2,0.020,0.355,2.234,2,0.044,0.503,1.769,2,-0.012,0.425,1.827,2,0.571,-0.022,2.012,2,0.567,0.000,2.020,0,0,0,0
1.194|kb,95604573277100000,6,25,0,1,72057594037972009,2,0.069,-0.085,2.340,2,0.043,0.176,2.270,2,0.016,0.430,2.185,2,-0.001,0.581,2.146,2,-0.111,0.362,2.190,2,-0.217,0.399,1.991,2,-0.072,0.475,1.761,2,-0.042,0.497,1.733,2,0.177,0.365,2.177,2,0.363,0.229,2.170,2,0.482,0.083,2.084,2,0.538,0.026,2.008,2,-0.011,-0.086,2.312,1,-0.011,-0.360,2.454,2,0.030,-0.659,2.056,2,0.019,-0.644,2.024,2,0.147,-0.081,2.299,2,0.077,-0.365,2.036,2,0.068,-0.726,1.978,1,0.024,-0.712,1.954,2,0.023,0.368,2.209,2,0.025,0.530,1.681,2,0.010,0.493,1.752,2,0.586,0.000,1.940,2,0.590,0.018,1.953,0,0,0,0
1.234|kb,95604576578720000,6,25,0,1,72057594037972009,2,0.055,-0.066,2.306,2,0.033,0.195,2.236,2,0.012,0.447,2.156,2,-0.002,0.609,2.108,2,-0.117,0.389,2.152,2,-0.185,0.445,1.955,2,-0.090,0.505,1.697,2,-0.067,0.523,1.682,2,0.176,0.374,2.161,2,0.357,0.249,2.124,2,0.475,0.112,2.024,2,0.535,0.055,1.927,2,-0.026,-0.066,2.277,1,-0.024,-0.339,2.420,2,0.027,-0.668,2.048,1,0.020,-0.645,2.010,2,0.135,-0.064,2.268,2,0.079,-0.345,2.027,1,0.070,-0.700,1.982,1,0.076,-0.671,1.867,2,0.017,0.386,2.178,2,-0.012,0.557,1.610,2,-0.010,0.527,1.693,2,0.579,0.029,1.844,2,0.586,0.049,1.870,0,0,0,0
1.258|kb,95604579883810000,6,25,0,1,72057594037972009,2,0.046,-0.056,2.290,2,0.030,0.206,2.220,2,0.015,0.461,2.137,2,-0.002,0.621,2.092,1,-0.114,0.399,2.139,2,-0.200,0.455,1.881,2,-0.127,0.519,1.657,2,-0.094,0.553,1.631,2,0.177,0.379,2.140,2,0.349,0.268,2.080,2,0.464,0.130,1.949,2,0.507,0.091,1.855,2,-0.035,-0.056,2.261,2,-0.017,-0.321,2.417,2,0.027,-0.622,2.013,1,0.016,-0.597,1.981,2,0.126,-0.054,2.251,2,0.073,-0.352,2.004,1,0.072,-0.706,1.976,2,0.025,-0.696,1.922,2,0.018,0.398,2.160,2,-0.046,0.585,1.550,2,-0.026,0.582,1.648,2,0.549,0.078,1.774,2,0.554,0.093,1.779,0,0,0,0
1.299|kb,95604583280200000,6,25,0,1,72057594037972009,2,0.043,-0.053,2.276,2,0.031,0.210,2.207,2,0.018,0.465,2.126,2,0.000,0.627,2.081,2,-0.111,0.404,2.113,2,-0.200,0.472,1.849,2,-0.140,0.560,1.607,2,-0.127,0.584,1.593,2,0.180,0.385,2.120,2,0.345,0.286,2.037,2,0.437,0.162,1.895,2,0.481,0.119,1.769,2,-0.038,-0.053,2.248,2,-0.037,-0.339,2.372,2,0.023,-0.690,2.026,1,0.012,-0.662,1.981,2,0.122,-0.052,2.236,2,0.075,-0.346,2.001,1,0.073,-0.700,1.972,2,0.026,-0.700,1.928,2,0.021,0.402,2.148,2,-0.079,0.615,1.482,2,-0.065,0.554,1.625,2,0.523,0.114,1.697,2,0.523,0.125,1.712,0,0,0,0
1.323|kb,95604586576770000,6,25,0,1,72057594037972009,2,0.032,-0.053,2.260,2,0.029,0.214,2.192,2,0.026,0.474,2.108,2,0.000,0.617,2.073,2,-0.111,0.409,2.103,2,-0.204,0.478,1.841,2,-0.183,0.566,1.602,2,-0.168,0.611,1.571,2,0.180,0.398,2.091,2,0.351,0.281,1.974,2,0.419,0.176,1.804,2,0.436,0.153,1.698,2,-0.047,-0.051,2.231,2,-0.045,-0.372,2.315,2,0.032,-0.688,1.932,2,0.011,-0.658,1.893,2,0.110,-0.054,2.220,2,0.075,-0.344,1.998,1,0.072,-0.701,1.972,2,0.019,-0.709,1.933,2,0.027,0.410,2.132,2,-0.132,0.654,1.484,2,-0.108,0.582,1.591,2,0.470,0.161,1.621,2,0.377,0.142,1.660,0,0,0,0
1.368|kb,95604589884250000,6,25,0,1,72057594037972009,2,0.022,-0.048,2.252,2,0.027,0.220,2.180,2,0.033,0.482,2.093,2,0.001,0.612,2.060,2,-0.109,0.418,2.090,2,-0.207,0.485,1.842,2,-0.213,0.600,1.588,2,-0.207,0.631,1.564,2,0.178,0.403,2.074,2,0.330,0.310,1.923,2,0.386,0.227,1.737,2,0.378,0.188,1.640,2,-0.056,-0.047,2.222,2,-0.007,-0.371,2.137,2,0.041,-0.729,1.897,2,0.031,-0.744,1.946,2,0.100,-0.048,2.213,2,0.074,-0.341,1.996,1,0.072,-0.701,1.971,2,0.021,-0.712,1.932,2,0.031,0.418,2.117,2,-0.183,0.683,1.497,2,-0.149,0.591,1.555,2,0.410,0.198,1.556,2,0.311,0.183,1.602,0,0,0,0
1.391|kb,95604593276800000,6,25,0,1,72057594037972009,2,0.009,-0.038,2.237,2,0.024,0.228,2.165,2,0.037,0.486,2.079,2,0.003,0.614,2.046,2,-0.111,0.442,2.073,2,-0.214,0.494,1.851,2,-0.247,0.592,1.604,2,-0.246,0.639,1.568,2,0.178,0.408,2.054,2,0.311,0.344,1.900,1,0.325,0.263,1.704,2,0.308,0.222,1.596,2,-0.069,-0.035,2.206,2,-0.092,-0.364,2.202,2,0.040,-0.697,1.920,1,0.033,-0.725,1.940,2,0.087,-0.039,2.200,2,0.071,-0.331,1.996,2,0.046,-0.724,1.959,2,0.040,-0.699,1.840,2,0.034,0.423,2.103,2,-0.230,0.694,1.508,2,-0.181,0.601,1.541,2,0.327,0.240,1.514,2,0.236,0.230,1.567,0,0,0,0
1.446|kb,95604596579530000,6,25,0,1,72057594037972009,2,0.002,-0.031,2.227,2,0.022,0.233,2.155,2,0.040,0.490,2.069,2,0.006,0.615,2.035,2,-0.110,0.447,2.071,2,-0.221,0.503,1.865,2,-0.272,0.590,1.621,2,-0.285,0.639,1.584,2,0.177,0.408,2.054,2,0.283,0.423,1.867,1,0.277,0.253,1.744,2,0.238,0.253,1.580,2,-0.076,-0.026,2.197,2,-0.125,-0.353,2.153,2,0.046,-0.711,1.917,2,0.065,-0.730,1.931,2,0.079,-0.035,2.189,2,0.071,-0.332,1.996,2,0.044,-0.720,1.960,2,0.040,-0.700,1.840,2,0.036,0.427,2.093,2,-0.280,0.689,1.526,2,-0.219,0.607,1.551,2,0.232,0.272,1.542,2,0.197,0.249,1.586,0,0,0,0
1.472|kb,95604599883800000,6,25,0,1,72057594037972009,2,-0.001,-0.029,2.217,2,0.020,0.234,2.146,2,0.040,0.489,2.062,2,0.008,0.614,2.026,2,-0.108,0.452,2.069,2,-0.233,0.505,1.873,2,-0.310,0.581,1.644,2,-0.323,0.632,1.603,1,0.176,0.407,2.052,2,0.276,0.400,1.862,2,0.217,0.263,1.621,2,0.184,0.283,1.575,2,-0.079,-0.021,2.190,2,-0.167,-0.332,2.081,2,-0.062,-0.555,2.230,2,-0.100,-0.605,2.137,2,0.075,-0.036,2.174,2,0.070,-0.335,1.994,2,0.044,-0.717,1.960,2,0.039,-0.700,1.841,2,0.035,0.426,2.085,2,-0.320,0.685,1.552,2,-0.258,0.610,1.566,2,0.181,0.308,1.522,2,0.130,0.300,1.568,0,0,0,0
1.501|kb,95604603278740000,6,25,0,1,72057594037972009,2,-0.001,-0.031,2.202,2,0.017,0.236,2.127,2,0.034,0.495,2.040,2,0.009,0.615,2.015,2,-0.106,0.457,2.067,2,-0.246,0.500,1.895,2,-0.340,0.581,1.660,2,-0.360,0.626,1.617,1,0.167,0.411,2.037,2,0.261,0.322,1.780,2,0.108,0.320,1.582,1,0.097,0.340,1.568,2,-0.079,-0.021,2.179,2,-0.243,-0.251,1.970,2,-0.116,-0.472,2.147,2,-0.146,-0.541,2.073,2,0.076,-0.040,2.157,2,0.070,-0.344,1.988,2,0.044,-0.715,1.959,2,0.034,-0.701,1.841,2,0.030,0.431,2.064,2,-0.374,0.679,1.567,2,-0.292,0.608,1.569,2,0.057,0.372,1.518,2,0.038,0.353,1.600,0,0,0,0
1.524|kb,95604606579500000,6,25,0,1,72057594037972009,2,0.002,-0.024,2.205,2,0.047,0.266,2.110,2,0.088,0.540,1.996,2,-0.003,0.634,1.992,2,-0.104,0.458,2.066,2,-0.255,0.497,1.900,2,-0.380,0.562,1.688,2,-0.403,0.615,1.633,1,0.218,0.456,1.992,2,0.268,0.314,1.750,2,0.095,0.352,1.623,2,0.059,0.358,1.606,2,-0.076,-0.014,2.183,2,-0.268,-0.136,1.909,2,-0.169,-0.383,2.058,2,-0.209,-0.438,1.973,2,0.080,-0.033,2.159,2,0.069,-0.336,1.982,2,0.043,-0.717,1.960,2,0.026,-0.707,1.844,2,0.079,0.473,2.026,2,-0.428,0.666,1.576,2,-0.338,0.600,1.589,2,-0.004,0.406,1.562,2,0.018,0.363,1.642,0,0,0,0
1.567|kb,95604609887240000,6,25,0,1,72057594037972009,2,-0.004,-0.025,2.184,2,0.045,0.259,2.103,2,0.091,0.527,2.001,2,0.010,0.627,1.991,2,-0.104,0.457,2.061,2,-0.267,0.486,1.908,2,-0.399,0.551,1.698,2,-0.444,0.599,1.649,2,0.175,0.379,1.984,2,0.249,0.320,1.745,2,0.060,0.350,1.663,2,0.012,0.385,1.649,2,-0.082,-0.011,2.170,2,-0.276,0.016,1.869,2,-0.209,-0.286,1.988,2,-0.240,-0.342,1.895,2,0.074,-0.040,2.127,2,0.059,-0.312,1.902,2,0.041,-0.741,1.910,2,0.036,-0.743,1.946,2,0.080,0.463,2.028,2,-0.475,0.649,1.594,2,-0.382,0.587,1.606,2,-0.057,0.436,1.610,2,-0.013,0.386,1.687,0,0,0,0
1.590|kb,95604613276700000,6,25,0,1,72057594037972009,2,-0.003,-0.019,2.156,2,0.042,0.254,2.084,2,0.086,0.519,1.995,2,0.014,0.625,1.982,2,-0.105,0.445,2.053,2,-0.283,0.480,1.901,2,-0.440,0.523,1.725,2,-0.483,0.571,1.669,2,0.173,0.480,1.955,2,0.244,0.323,1.743,2,0.032,0.377,1.701,2,-0.018,0.405,1.690,2,-0.080,-0.013,2.138,2,-0.283,0.037,1.848,2,-0.239,-0.225,1.924,2,-0.256,-0.304,1.852,2,0.074,-0.026,2.105,2,0.039,-0.339,1.940,2,0.050,-0.724,1.940,1,0.020,-0.721,1.820,2,0.075,0.455,2.020,2,-0.523,0.621,1.619,2,-0.431,0.555,1.631,2,-0.086,0.453,1.659,2,-0.037,0.406,1.738,0,0,0,0
1.632|kb,95604616579430000,6,25,0,1,72057594037972009,2,-0.011,-0.021,2.142,2,0.026,0.241,2.070,2,0.054,0.484,1.986,2,0.019,0.618,1.978,2,-0.115,0.443,2.036,2,-0.300,0.466,1.899,2,-0.453,0.481,1.758,2,-0.518,0.543,1.688,2,0.172,0.424,1.960,2,0.236,0.328,1.742,2,0.026,0.381,1.727,2,-0.026,0.412,1.728,2,-0.091,-0.014,2.125,2,-0.296,0.031,1.835,1,-0.258,-0.174,1.887,2,-0.246,-0.138,1.897,2,0.071,-0.027,2.089,2,0.034,-0.336,1.937,2,0.044,-0.727,1.949,2,0.019,-0.728,1.827,2,0.048,0.426,2.009,2,-0.564,0.592,1.637,2,-0.458,0.534,1.638,2,-0.100,0.465,1.709,2,-0.030,0.376,1.796,0,0,0,0
1.657|kb,95604619885250000,6,25,0,1,72057594037972009,2,-0.002,-0.014,2.112,2,0.021,0.236,2.062,2,0.038,0.473,1.987,2,0.019,0.615,1.971,2,-0.142,0.441,2.011,2,-0.381,0.433,1.859,2,-0.530,0.483,1.724,2,-0.548,0.512,1.711,2,0.174,0.482,1.948,2,0.220,0.336,1.746,2,0.018,0.385,1.753,2,-0.040,0.424,1.767,2,-0.084,-0.013,2.096,2,-0.221,0.224,1.845,1,-0.247,-0.059,1.870,2,-0.307,-0.081,1.816,2,0.081,-0.015,2.060,2,0.024,-0.333,1.925,2,0.042,-0.723,1.951,2,0.024,-0.726,1.825,2,0.035,0.416,2.007,2,-0.600,0.555,1.664,2,-0.492,0.520,1.643,2,-0.110,0.471,1.753,2,-0.030,0.417,1.795,0,0,0,0
1.700|kb,95604623278130000,6,25,0,1,72057594037972009,2,0.003,-0.012,2.103,2,0.022,0.236,2.054,2,0.038,0.474,1.986,2,0.021,0.612,1.965,2,-0.148,0.431,1.997,2,-0.363,0.381,1.906,2,-0.510,0.442,1.771,2,-0.570,0.479,1.738,2,0.174,0.482,1.948,2,0.219,0.339,1.748,2,0.022,0.374,1.785,1,-0.036,0.419,1.802,2,-0.080,-0.014,2.082,1,-0.223,0.227,1.841,1,-0.263,-0.048,1.861,1,-0.302,-0.060,1.812,2,0.085,-0.010,2.054,2,0.010,-0.315,1.907,2,0.030,-0.708,1.952,2,0.016,-0.715,1.824,2,0.035,0.416,2.005,2,-0.620,0.516,1.681,2,-0.519,0.494,1.682,2,-0.105,0.470,1.786,2,-0.031,0.397,1.859,0,0,0,0
1.724|kb,95604626576840000,6,25,0,1,72057594037972009,2,0.002,-0.011,2.086,2,0.020,0.236,2.040,2,0.037,0.473,1.981,2,0.026,0.610,1.961,2,-0.169,0.401,1.935,2,-0.368,0.357,1.922,2,-0.526,0.410,1.799,2,-0.581,0.443,1.772,2,0.175,0.478,1.944,2,0.200,0.341,1.760,2,0.006,0.374,1.802,1,-0.028,0.413,1.826,2,-0.085,-0.013,2.049,1,-0.268,0.306,1.839,1,-0.299,0.033,1.812,1,-0.345,0.009,1.741,2,0.086,-0.009,2.049,2,0.008,-0.314,1.903,2,0.017,-0.704,1.954,2,0.021,-0.712,1.824,2,0.033,0.416,1.998,2,-0.629,0.478,1.715,2,-0.533,0.460,1.708,2,-0.098,0.468,1.818,2,-0.027,0.380,1.877,0,0,0,0
1.767|kb,95604629884320000,6,25,0,1,72057594037972009,2,-0.007,-0.012,2.066,2,0.021,0.238,2.034,2,0.044,0.478,1.979,2,0.033,0.609,1.959,2,-0.166,0.401,1.937,2,-0.417,0.364,1.914,2,-0.542,0.387,1.747,2,-0.593,0.447,1.774,2,0.176,0.478,1.943,2,0.199,0.342,1.763,2,0.011,0.360,1.828,1,-0.005,0.398,1.846,2,-0.091,-0.014,2.036,1,-0.266,0.309,1.835,1,-0.301,0.034,1.804,1,-0.347,0.013,1.727,2,0.079,-0.011,2.029,2,0.005,-0.320,1.894,2,0.005,-0.713,1.955,2,-0.042,-0.730,1.946,2,0.037,0.419,1.996,2,-0.634,0.446,1.737,2,-0.632,0.440,1.725,2,-0.075,0.451,1.841,2,0.011,0.367,1.893,0,0,0,0
1.791|kb,95604633277890000,6,25,0,1,72057594037972009,2,-0.004,-0.015,2.051,2,0.031,0.237,2.020,2,0.067,0.481,1.973,2,0.046,0.609,1.958,2,-0.137,0.406,1.941,2,-0.408,0.355,1.927,1,-0.510,0.374,1.884,2,-0.584,0.384,1.868,2,0.194,0.476,1.939,2,0.199,0.341,1.767,2,0.012,0.362,1.836,1,0.002,0.393,1.866,2,-0.089,-0.016,2.024,1,-0.257,0.303,1.821,1,-0.326,-0.099,1.777,2,-0.313,-0.124,1.651,2,0.082,-0.015,2.009,2,-0.001,-0.324,1.882,2,0.000,-0.714,1.950,2,-0.051,-0.726,1.925,2,0.057,0.421,1.987,2,-0.645,0.413,1.848,2,-0.553,0.411,1.783,2,-0.071,0.452,1.860,2,0.001,0.355,1.901,0,0,0,0
1.833|kb,95604636577930000,6,25,0,1,72057594037972009,2,-0.007,-0.020,2.041,2,0.034,0.237,2.018,2,0.082,0.485,1.979,2,0.061,0.611,1.961,2,-0.139,0.407,1.937,2,-0.262,0.320,1.768,2,-0.368,0.179,1.633,2,-0.419,0.134,1.599,2,0.199,0.416,1.942,2,0.202,0.321,1.747,1,-0.020,0.373,1.890,1,-0.059,0.411,1.947,2,-0.092,-0.018,2.017,1,-0.255,0.300,1.812,1,-0.336,-0.148,1.759,2,-0.310,-0.126,1.641,2,0.080,-0.022,1.996,2,-0.006,-0.331,1.871,2,-0.002,-0.712,1.937,2,-0.055,-0.712,1.926,2,0.068,0.424,1.990,2,-0.449,0.075,1.577,2,-0.442,0.190,1.527,2,-0.167,0.421,1.976,2,-0.057,0.425,1.958,0,0,0,0
1.857|kb,95604639886260000,6,25,0,1,72057594037972009,2,-0.012,-0.026,2.024,2,0.034,0.236,2.014,2,0.081,0.485,1.980,2,0.076,0.615,1.965,2,-0.121,0.414,1.971,2,-0.269,0.306,1.751,2,-0.370,0.185,1.612,2,-0.411,0.173,1.581,2,0.201,0.417,1.942,2,0.205,0.313,1.751,1,-0.018,0.371,1.890,1,-0.048,0.408,1.955,2,-0.097,-0.021,2.003,1,-0.252,0.295,1.800,1,-0.340,-0.178,1.742,1,-0.319,-0.128,1.628,2,0.074,-0.031,1.976,2,-0.017,-0.341,1.860,2,-0.009,-0.718,1.934,1,-0.066,-0.710,1.921,2,0.068,0.424,1.990,2,-0.455,0.133,1.514,2,-0.439,0.205,1.512,2,-0.095,0.461,1.943,2,-0.057,0.363,1.964,0,0,0,0
1.899|kb,95604643277910000,6,25,0,1,72057594037972009,2,-0.016,-0.027,2.014,2,0.038,0.235,2.010,2,0.099,0.486,1.985,2,0.088,0.617,1.973,2,-0.059,0.424,2.013,2,-0.221,0.359,1.786,2,-0.397,0.257,1.592,2,-0.450,0.228,1.522,2,0.213,0.419,1.942,2,0.209,0.301,1.761,1,-0.015,0.363,1.896,1,-0.040,0.404,1.959,2,-0.100,-0.020,1.996,2,-0.254,0.309,1.756,1,-0.341,-0.170,1.701,1,-0.337,-0.113,1.586,2,0.068,-0.035,1.963,2,-0.022,-0.347,1.855,2,-0.018,-0.726,1.924,2,-0.073,-0.723,1.895,2,0.082,0.424,1.992,2,-0.494,0.233,1.439,2,-0.418,0.274,1.502,2,-0.060,0.422,1.990,2,-0.043,0.342,1.952,0,0,0,0
1.923|kb,95604646576830000,6,25,0,1,72057594037972009,2,-0.024,-0.031,1.999,2,0.039,0.234,2.007,2,0.105,0.485,1.990,2,0.099,0.618,1.983,2,-0.057,0.422,2.014,2,-0.211,0.314,1.798,2,-0.371,0.232,1.581,2,-0.545,0.266,1.419,2,0.231,0.428,1.950,2,0.218,0.295,1.780,1,-0.012,0.354,1.907,1,-0.031,0.398,1.955,2,-0.105,-0.020,1.984,2,-0.284,0.277,1.704,1,-0.366,-0.191,1.652,1,-0.363,-0.144,1.533,2,0.056,-0.042,1.946,2,-0.030,-0.357,1.849,2,-0.022,-0.734,1.914,2,-0.075,-0.734,1.880,2,0.087,0.423,1.994,2,-0.580,0.273,1.406,2,-0.543,0.335,1.386,2,-0.055,0.420,1.982,2,-0.037,0.333,1.945,0,0,0,0
1.968|kb,95604649886750000,6,25,0,1,72057594037972009,2,-0.032,-0.032,1.981,2,0.041,0.232,2.002,2,0.112,0.483,1.996,2,0.110,0.619,1.994,2,-0.044,0.414,2.015,1,-0.211,0.357,1.788,2,-0.363,0.265,1.570,2,-0.563,0.341,1.387,2,0.238,0.426,1.955,2,0.237,0.288,1.788,1,0.006,0.348,1.915,1,-0.019,0.384,1.959,2,-0.116,-0.013,1.957,2,-0.290,0.264,1.701,1,-0.368,-0.195,1.651,1,-0.369,-0.156,1.529,2,0.051,-0.048,1.934,2,-0.040,-0.363,1.842,2,-0.023,-0.733,1.912,1,-0.075,-0.736,1.877,2,0.092,0.422,1.997,2,-0.617,0.315,1.358,2,-0.548,0.410,1.374,2,-0.040,0.402,1.995,2,-0.028,0.325,1.941,0,0,0,0
1.991|kb,95604653277580000,6,25,0,1,72057594037972009,2,-0.038,-0.033,1.978,2,0.041,0.231,2.001,2,0.118,0.481,2.001,2,0.119,0.619,2.005,2,-0.076,0.412,2.072,2,-0.207,0.267,2.118,2,-0.325,0.286,1.863,2,-0.571,0.380,1.371,2,0.247,0.422,1.964,2,0.239,0.287,1.795,1,0.003,0.338,1.915,1,-0.013,0.370,1.963,2,-0.116,-0.015,1.958,2,-0.305,0.231,1.695,1,-0.383,-0.234,1.645,2,-0.435,-0.207,1.701,2,0.034,-0.048,1.923,2,-0.043,-0.367,1.835,2,-0.027,-0.737,1.913,1,-0.079,-0.741,1.878,2,0.097,0.420,2.001,2,-0.609,0.353,1.344,2,-0.592,0.448,1.378,2,-0.036,0.390,1.999,2,-0.027,0.315,1.944,0,0,0,0
2.033|kb,95604656579500000,6,25,0,1,72057594037972009,2,-0.074,-0.026,1.955,2,0.037,0.231,1.998,2,0.124,0.480,2.006,2,0.129,0.619,2.012,2,-0.075,0.412,2.073,2,-0.200,0.263,2.123,2,-0.320,0.290,1.869,2,-0.577,0.396,1.356,2,0.254,0.415,1.972,2,0.242,0.286,1.799,1,0.005,0.337,1.919,1,-0.012,0.367,1.967,2,-0.138,-0.009,1.938,2,-0.311,0.224,1.694,1,-0.388,-0.237,1.644,1,-0.397,-0.197,1.525,2,-0.002,-0.043,1.907,2,-0.042,-0.371,1.834,2,-0.029,-0.738,1.913,1,-0.081,-0.744,1.878,2,0.100,0.419,2.004,2,-0.620,0.375,1.323,2,-0.529,0.466,1.351,2,-0.034,0.387,2.004,2,-0.021,0.313,1.939,0,0,0,0
2.060|kb,95604659887670000,6,25,0,1,72057594037972009,2,-0.077,-0.029,1.949,2,0.034,0.229,1.992,2,0.126,0.479,2.009,2,0.137,0.619,2.019,1,-0.074,0.412,2.073,2,-0.190,0.256,2.125,2,-0.310,0.294,1.873,1,-0.323,0.354,1.854,1,0.254,0.415,1.972,2,0.246,0.277,1.806,1,0.009,0.329,1.926,1,-0.010,0.357,1.970,2,-0.143,-0.012,1.932,2,-0.322,0.217,1.685,1,-0.398,-0.239,1.635,1,-0.408,-0.203,1.516,2,-0.007,-0.046,1.899,2,-0.045,-0.374,1.833,2,-0.042,-0.744,1.914,1,-0.092,-0.752,1.878,2,0.101,0.418,2.005,1,-0.369,0.334,1.820,1,-0.280,0.426,1.847,2,-0.032,0.376,2.008,2,-0.029,0.304,1.949,0,0,0,0
2.100|kb,95604663284870000,6,25,0,1,72057594037972009,2,-0.078,-0.033,1.942,2,0.032,0.221,1.989,2,0.131,0.459,2.020,2,0.144,0.599,2.035,2,-0.070,0.404,2.087,2,-0.191,0.247,2.126,1,-0.311,0.289,1.874,1,-0.322,0.349,1.853,1,0.255,0.400,1.977,2,0.237,0.275,1.801,1,0.000,0.325,1.920,1,-0.016,0.344,1.979,2,-0.144,-0.017,1.924,2,-0.326,0.215,1.682,1,-0.402,-0.237,1.632,1,-0.413,-0.208,1.515,2,-0.007,-0.049,1.892,2,-0.048,-0.378,1.831,2,-0.044,-0.742,1.915,1,-0.094,-0.752,1.880,2,0.105,0.402,2.012,1,-0.367,0.329,1.819,1,-0.279,0.423,1.847,2,-0.031,0.377,2.014,2,-0.030,0.299,1.950,0,0,0,0
2.124|kb,95604666577300000,6,25,0,1,72057594037972009,2,-0.079,-0.035,1.938,2,0.031,0.220,1.987,2,0.131,0.460,2.020,2,0.153,0.600,2.041,1,-0.071,0.406,2.086,2,-0.187,0.243,2.120,1,-0.308,0.287,1.870,1,-0.317,0.348,1.849,1,0.254,0.404,1.975,2,0.256,0.261,1.813,1,0.018,0.310,1.930,1,-0.003,0.337,1.964,2,-0.144,-0.019,1.920,2,-0.336,0.202,1.677,1,-0.411,-0.246,1.627,1,-0.423,-0.221,1.510,2,-0.010,-0.051,1.888,2,-0.052,-0.380,1.828,2,-0.049,-0.742,1.918,1,-0.098,-0.754,1.882,2,0.105,0.402,2.012,1,-0.362,0.327,1.816,1,-0.274,0.419,1.843,2,-0.028,0.352,2.005,2,-0.033,0.281,1.937,0,0,0,0
2.167|kb,95604669885200000,6,25,0,1,72057594037972009,2,-0.078,-0.040,1.934,2,0.032,0.212,1.987,2,0.136,0.448,2.029,2,0.161,0.588,2.052,1,-0.068,0.397,2.091,2,-0.188,0.234,2.117,1,-0.309,0.282,1.867,1,-0.317,0.343,1.847,1,0.255,0.397,1.978,2,0.253,0.251,1.819,1,0.017,0.305,1.939,1,-0.008,0.334,1.967,2,-0.143,-0.023,1.916,2,-0.334,0.178,1.686,2,-0.320,-0.091,1.886,1,-0.345,-0.172,1.783,2,-0.009,-0.055,1.884,2,-0.054,-0.383,1.825,2,-0.052,-0.742,1.922,1,-0.101,-0.756,1.886,2,0.110,0.390,2.020,1,-0.363,0.323,1.813,1,-0.274,0.414,1.840,2,-0.030,0.351,2.013,2,-0.057,0.279,1.970,0,0,0,0
2.193|kb,95604673277660000,6,25,0,1,72057594037972009,2,-0.084,-0.041,1.927,2,0.030,0.212,1.985,2,0.135,0.449,2.028,2,0.167,0.589,2.055,2,-0.067,0.396,2.082,2,-0.184,0.233,2.114,1,-0.308,0.277,1.865,1,-0.311,0.340,1.850,1,0.253,0.404,1.974,2,0.254,0.245,1.828,1,0.018,0.302,1.948,1,-0.009,0.332,1.967,2,-0.148,-0.025,1.908,2,-0.338,0.171,1.685,1,-0.320,-0.091,1.882,1,-0.343,-0.176,1.787,2,-0.018,-0.057,1.877,2,-0.055,-0.386,1.823,2,-0.058,-0.743,1.922,1,-0.106,-0.759,1.886,2,0.109,0.391,2.019,1,-0.357,0.320,1.816,1,-0.269,0.411,1.843,2,-0.031,0.349,2.020,2,-0.045,0.272,1.949,0,0,0,0
2.234|kb,95604676579540000,6,25,0,1,72057594037972009,2,-0.082,-0.043,1.926,2,0.031,0.210,1.985,2,0.136,0.448,2.031,2,0.173,0.586,2.059,1,-0.067,0.396,2.082,2,-0.183,0.231,2.110,1,-0.308,0.274,1.861,1,-0.313,0.337,1.846,1,0.253,0.404,1.974,2,0.251,0.239,1.837,1,0.015,0.295,1.955,1,-0.010,0.328,1.965,2,-0.143,-0.026,1.904,2,-0.337,0.171,1.685,1,-0.311,-0.142,1.929,2,-0.297,-0.247,1.893,2,-0.015,-0.059,1.880,2,-0.055,-0.388,1.821,2,-0.061,-0.744,1.920,1,-0.109,-0.760,1.883,2,0.110,0.389,2.021,1,-0.359,0.317,1.813,1,-0.270,0.408,1.839,2,-0.034,0.342,2.024,2,-0.047,0.266,1.951,0,0,0,0
2.258|kb,95604679884070000,6,25,0,1,72057594037972009,2,-0.090,-0.057,1.924,2,0.027,0.195,1.989,2,0.139,0.434,2.043,2,0.169,0.571,2.060,1,-0.067,0.389,2.085,2,-0.185,0.224,2.102,1,-0.311,0.266,1.853,1,-0.321,0.327,1.836,2,0.268,0.340,2.000,2,0.241,0.224,1.819,1,0.014,0.283,1.951,1,-0.016,0.318,1.964,2,-0.151,-0.034,1.902,2,-0.361,0.188,1.642,1,-0.232,0.104,1.891,1,-0.220,0.020,1.830,2,-0.025,-0.080,1.876,2,-0.056,-0.409,1.817,2,-0.062,-0.742,1.916,1,-0.109,-0.759,1.878,2,0.111,0.376,2.031,1,-0.367,0.307,1.802,1,-0.278,0.398,1.829,2,-0.035,0.335,2.023,2,-0.052,0.257,1.955,0,0,0,0
2.299|kb,95604683278490000,6,25,0,1,72057594037972009,2,-0.090,-0.059,1.923,2,0.027,0.195,1.989,2,0.139,0.435,2.042,2,0.169,0.573,2.060,1,-0.067,0.391,2.084,2,-0.184,0.224,2.102,1,-0.311,0.261,1.853,2,-0.594,0.398,1.333,2,0.268,0.340,2.000,2,0.239,0.223,1.820,1,0.010,0.282,1.951,1,-0.017,0.318,1.961,2,-0.152,-0.036,1.902,2,-0.331,0.169,1.677,1,-0.213,0.072,1.919,1,-0.191,0.001,1.865,2,-0.025,-0.082,1.876,2,-0.057,-0.411,1.814,2,-0.061,-0.740,1.914,1,-0.108,-0.758,1.876,2,0.111,0.376,2.031,2,-0.633,0.376,1.269,2,-0.577,0.466,1.334,2,-0.036,0.335,2.027,2,-0.054,0.257,1.954,0,0,0,0
2.323|kb,95604686576950000,6,25,0,1,72057594037972009,2,-0.092,-0.064,1.922,2,0.026,0.194,1.988,2,0.139,0.436,2.042,2,0.168,0.574,2.059,2,-0.041,0.373,2.041,2,-0.181,0.228,2.102,1,-0.308,0.262,1.853,2,-0.594,0.389,1.333,2,0.268,0.340,2.000,2,0.239,0.220,1.822,1,0.011,0.280,1.953,1,-0.020,0.312,1.962,2,-0.156,-0.040,1.902,2,-0.339,0.161,1.676,1,-0.231,0.062,1.902,1,-0.190,-0.004,1.862,2,-0.025,-0.087,1.874,2,-0.058,-0.416,1.811,2,-0.060,-0.739,1.913,1,-0.108,-0.757,1.874,2,0.111,0.376,2.030,2,-0.633,0.367,1.268,2,-0.576,0.456,1.334,2,-0.039,0.328,2.025,2,-0.055,0.252,1.959,0,0,0,0
2.368|kb,95604689883830000,6,25,0,1,72057594037972009,2,-0.092,-0.064,1.922,2,0.026,0.194,1.988,2,0.138,0.438,2.041,2,0.165,0.576,2.057,2,-0.019,0.355,2.013,2,-0.181,0.230,2.102,1,-0.308,0.261,1.853,2,-0.594,0.381,1.334,2,0.267,0.341,2.000,2,0.240,0.219,1.823,1,0.011,0.279,1.954,1,-0.020,0.312,1.961,2,-0.157,-0.041,1.902,2,-0.339,0.164,1.680,1,-0.235,0.064,1.903,1,-0.184,0.000,1.865,2,-0.025,-0.087,1.873,2,-0.058,-0.416,1.811,2,-0.059,-0.737,1.912,1,-0.106,-0.756,1.873,2,0.110,0.378,2.030,2,-0.632,0.356,1.270,2,-0.576,0.449,1.334,2,-0.041,0.323,2.028,2,-0.053,0.253,1.956,0,0,0,0
2.391|kb,95604693277440000,6,25,0,1,72057594037972009,2,-0.091,-0.066,1.923,2,0.026,0.194,1.988,2,0.137,0.439,2.040,2,0.155,0.577,2.051,2,-0.020,0.355,2.014,2,-0.180,0.233,2.102,1,-0.308,0.261,1.852,2,-0.592,0.375,1.336,2,0.265,0.333,1.999,2,0.208,0.222,1.804,1,-0.034,0.266,1.916,2,-0.013,0.322,1.941,2,-0.158,-0.043,1.905,2,-0.338,0.163,1.682,1,-0.237,0.063,1.901,1,-0.182,-0.001,1.867,2,-0.019,-0.090,1.872,2,-0.059,-0.418,1.812,2,-0.059,-0.737,1.908,1,-0.106,-0.754,1.868,2,0.110,0.378,2.029,2,-0.631,0.345,1.270,2,-0.574,0.441,1.345,2,-0.098,0.404,1.959,2,-0.046,0.282,1.979,0,0,0,0
2.433|kb,95604696578840000,6,25,0,1,72057594037972009,2,-0.090,-0.066,1.925,2,0.026,0.194,1.988,2,0.136,0.441,2.039,2,0.144,0.578,2.043,2,-0.020,0.355,2.014,2,-0.182,0.244,2.100,1,-0.310,0.266,1.850,1,-0.330,0.323,1.827,2,0.263,0.339,1.997,2,0.216,0.231,1.810,2,0.018,0.333,1.876,2,-0.040,0.382,1.907,2,-0.159,-0.044,1.915,2,-0.335,0.160,1.685,1,-0.233,0.065,1.905,1,-0.181,-0.003,1.870,2,-0.017,-0.088,1.872,2,-0.059,-0.416,1.815,2,-0.058,-0.738,1.908,1,-0.106,-0.754,1.868,2,0.109,0.380,2.028,1,-0.371,0.294,1.760,1,-0.316,0.391,1.835,2,-0.105,0.413,1.936,2,-0.010,0.332,1.955,0,0,0,0
2.460|kb,95604699883800000,6,25,0,1,72057594037972009,2,-0.084,-0.062,1.939,2,0.026,0.195,1.990,2,0.134,0.443,2.037,2,0.130,0.576,2.032,2,-0.032,0.362,2.027,2,-0.184,0.245,2.098,1,-0.314,0.258,1.848,2,-0.600,0.330,1.343,2,0.263,0.338,1.996,2,0.212,0.224,1.805,2,0.017,0.332,1.873,2,-0.044,0.379,1.893,2,-0.155,-0.041,1.929,2,-0.329,0.155,1.691,1,-0.226,0.063,1.912,1,-0.179,-0.008,1.876,2,-0.010,-0.082,1.883,2,-0.060,-0.409,1.818,2,-0.058,-0.740,1.908,1,-0.106,-0.754,1.868,2,0.108,0.382,2.028,2,-0.639,0.296,1.276,2,-0.583,0.403,1.354,2,-0.109,0.408,1.929,2,-0.011,0.330,1.953,0,0,0,0
2.505|kb,95604703280750000,6,25,0,1,72057594037972009,2,-0.070,-0.055,1.956,2,0.027,0.198,1.994,2,0.128,0.445,2.034,2,0.117,0.575,2.024,2,-0.071,0.380,2.072,2,-0.222,0.244,2.087,2,-0.346,0.241,1.834,2,-0.609,0.275,1.359,2,0.248,0.370,1.975,2,0.242,0.228,1.812,2,0.008,0.360,1.862,2,-0.043,0.369,1.870,2,-0.143,-0.039,1.944,2,-0.320,0.155,1.698,1,-0.216,0.066,1.918,1,-0.190,-0.009,1.887,2,0.005,-0.069,1.900,2,-0.058,-0.393,1.826,2,-0.054,-0.740,1.914,1,-0.101,-0.752,1.874,2,0.105,0.383,2.027,2,-0.644,0.240,1.294,2,-0.607,0.344,1.349,2,-0.117,0.399,1.903,2,-0.011,0.324,1.935,0,0,0,0
2.534|kb,95604706576890000,6,25,0,1,72057594037972009,2,-0.061,-0.051,1.974,2,0.031,0.202,2.000,2,0.127,0.448,2.030,2,0.103,0.580,2.009,2,-0.072,0.380,2.073,2,-0.224,0.250,2.101,2,-0.349,0.226,1.850,2,-0.606,0.227,1.394,2,0.250,0.367,1.976,2,0.242,0.231,1.809,2,0.040,0.296,1.828,2,-0.025,0.340,1.841,2,-0.135,-0.035,1.963,2,-0.337,0.191,1.666,1,-0.232,0.106,1.888,1,-0.207,0.027,1.854,2,0.016,-0.064,1.917,2,-0.055,-0.386,1.837,2,-0.051,-0.741,1.916,1,-0.099,-0.751,1.878,2,0.104,0.386,2.025,2,-0.630,0.199,1.354,2,-0.615,0.297,1.392,2,-0.097,0.386,1.841,2,-0.029,0.364,1.849,0,0,0,0
2.559|kb,95604709883900000,6,25,0,1,72057594037972009,2,-0.044,-0.046,1.993,2,0.033,0.206,2.003,2,0.114,0.459,2.012,2,0.082,0.586,1.987,2,-0.074,0.383,2.072,1,-0.224,0.250,2.100,2,-0.340,0.191,1.850,2,-0.575,0.121,1.452,2,0.248,0.368,1.974,2,0.238,0.232,1.806,2,0.036,0.264,1.795,2,-0.025,0.318,1.807,2,-0.121,-0.033,1.981,2,-0.323,0.200,1.679,1,-0.216,0.118,1.902,1,-0.194,0.037,1.867,2,0.034,-0.058,1.937,2,-0.050,-0.374,1.843,2,-0.050,-0.744,1.918,1,-0.098,-0.750,1.881,2,0.097,0.395,2.015,2,-0.607,0.077,1.411,2,-0.609,0.189,1.424,2,-0.101,0.357,1.813,2,-0.015,0.336,1.804,0,0,0,0
2.600|kb,95604713280340000,6,25,0,1,72057594037972009,2,-0.038,-0.039,2.020,2,0.032,0.212,2.008,2,0.103,0.464,2.002,2,0.063,0.587,1.968,2,-0.098,0.414,2.058,2,-0.232,0.264,2.083,2,-0.314,0.172,1.828,2,-0.300,0.136,1.736,2,0.219,0.383,1.942,2,0.240,0.223,1.800,2,-0.025,0.297,1.766,2,-0.066,0.316,1.766,2,-0.113,-0.025,2.016,2,-0.308,0.210,1.689,1,-0.156,0.094,2.003,1,-0.124,-0.022,2.019,2,0.039,-0.051,1.957,2,-0.045,-0.366,1.855,2,-0.043,-0.745,1.919,1,-0.091,-0.748,1.885,2,0.088,0.401,2.009,2,-0.300,0.136,1.719,1,-0.337,0.203,1.706,2,-0.093,0.325,1.783,2,-0.076,0.333,1.779,0,0,0,0
2.625|kb,95604716577170000,6,25,0,1,72057594037972009,2,-0.031,-0.035,2.040,2,0.030,0.217,2.014,2,0.089,0.470,1.990,2,0.045,0.589,1.950,2,-0.103,0.415,2.056,1,-0.250,0.275,2.071,2,-0.300,0.170,1.813,2,-0.281,0.139,1.720,2,0.215,0.383,1.940,2,0.258,0.227,1.798,2,0.059,0.208,1.741,2,0.020,0.240,1.720,2,-0.107,-0.025,2.035,2,-0.255,0.234,1.731,1,-0.076,0.091,2.106,1,-0.073,0.002,2.060,2,0.046,-0.044,1.977,2,-0.034,-0.358,1.866,2,-0.040,-0.746,1.917,2,-0.087,-0.746,1.890,2,0.077,0.407,2.001,2,-0.283,0.130,1.703,1,-0.319,0.206,1.690,2,-0.019,0.255,1.693,2,0.015,0.263,1.711,0,0,0,0
2.670|kb,95604719886190000,6,25,0,1,72057594037972009,2,-0.021,-0.028,2.068,2,0.028,0.220,2.019,2,0.073,0.469,1.977,2,0.029,0.589,1.936,2,-0.109,0.416,2.050,2,-0.315,0.287,1.917,2,-0.265,0.129,1.703,2,-0.298,0.073,1.665,2,0.205,0.383,1.936,2,0.292,0.237,1.806,2,0.122,0.163,1.708,2,0.078,0.185,1.686,2,-0.098,-0.020,2.064,2,-0.230,0.230,1.777,1,-0.038,0.076,2.181,1,-0.049,-0.002,2.106,2,0.056,-0.035,2.004,2,-0.023,-0.345,1.878,2,-0.030,-0.719,1.912,2,-0.061,-0.716,1.786,2,0.065,0.409,1.993,2,-0.276,0.050,1.612,2,-0.265,0.136,1.641,2,0.037,0.193,1.644,2,0.082,0.202,1.688,0,0,0,0
2.700|kb,95604723277530000,6,25,0,1,72057594037972009,2,-0.019,-0.029,2.081,2,0.022,0.222,2.025,2,0.054,0.470,1.967,2,0.012,0.587,1.923,2,-0.126,0.418,2.037,2,-0.387,0.340,1.978,2,-0.538,0.405,1.852,2,-0.555,0.433,1.847,2,0.195,0.387,1.930,2,0.296,0.241,1.812,2,0.187,0.109,1.690,2,0.132,0.128,1.653,2,-0.096,-0.021,2.077,2,-0.218,0.217,1.799,1,-0.024,0.064,2.206,1,-0.037,-0.014,2.128,2,0.058,-0.035,2.018,2,-0.012,-0.346,1.889,2,-0.018,-0.702,1.906,2,-0.047,-0.709,1.783,2,0.048,0.410,1.986,2,-0.591,0.457,1.787,2,-0.576,0.444,1.837,2,0.100,0.126,1.604,2,0.153,0.132,1.655,0,0,0,0
2.725|kb,95604726577660000,6,25,0,1,72057594037972009,2,-0.020,-0.031,2.109,2,0.016,0.222,2.033,2,0.047,0.468,1.962,2,0.001,0.583,1.914,2,-0.136,0.417,2.031,2,-0.395,0.371,1.935,2,-0.470,0.422,1.852,2,-0.522,0.453,1.810,2,0.184,0.383,1.924,2,0.305,0.242,1.821,2,0.227,0.104,1.684,2,0.168,0.097,1.619,2,-0.100,-0.020,2.107,2,-0.228,0.185,1.815,1,-0.034,0.038,2.216,1,-0.047,-0.046,2.145,2,0.060,-0.040,2.044,2,-0.002,-0.349,1.901,2,-0.009,-0.704,1.908,2,-0.038,-0.712,1.787,2,0.041,0.408,1.984,2,-0.559,0.493,1.746,2,-0.545,0.445,1.802,2,0.124,0.086,1.571,2,0.104,0.124,1.610,0,0,0,0
2.768|kb,95604729885610000,6,25,0,1,72057594037972009,2,-0.029,-0.031,2.139,2,0.011,0.221,2.041,2,0.043,0.465,1.953,2,-0.011,0.577,1.903,2,-0.138,0.418,2.027,2,-0.330,0.364,1.973,2,-0.464,0.421,1.824,2,-0.492,0.471,1.771,2,0.176,0.373,1.918,2,0.313,0.240,1.826,2,0.287,0.076,1.697,2,0.207,0.050,1.601,2,-0.106,-0.016,2.132,2,-0.246,0.098,1.820,2,-0.250,-0.227,1.983,2,-0.290,-0.262,1.888,2,0.049,-0.047,2.080,2,0.007,-0.349,1.914,2,0.002,-0.724,1.908,2,-0.019,-0.741,1.913,2,0.037,0.406,1.979,2,-0.520,0.519,1.708,2,-0.429,0.463,1.729,2,0.177,0.022,1.554,2,0.153,0.075,1.614,0,0,0,0
2.792|kb,95604733276910000,6,25,0,1,72057594037972009,2,-0.030,-0.032,2.158,2,0.007,0.218,2.049,2,0.039,0.461,1.947,2,-0.016,0.573,1.899,2,-0.139,0.418,2.023,2,-0.331,0.344,1.991,2,-0.444,0.431,1.794,2,-0.456,0.480,1.739,2,0.173,0.369,1.916,2,0.316,0.235,1.841,2,0.310,0.068,1.714,2,0.269,0.007,1.623,2,-0.107,-0.015,2.153,2,-0.277,-0.007,1.835,2,-0.213,-0.269,2.048,2,-0.276,-0.315,1.980,2,0.049,-0.049,2.095,2,0.018,-0.355,1.935,2,0.007,-0.733,1.911,2,-0.010,-0.740,1.918,2,0.033,0.402,1.976,2,-0.473,0.528,1.676,2,-0.390,0.463,1.701,2,0.253,-0.036,1.573,2,0.209,0.024,1.633,0,0,0,0
2.832|kb,95604736578780000,6,25,0,1,72057594037972009,2,-0.027,-0.033,2.179,2,0.004,0.215,2.057,2,0.034,0.455,1.941,2,-0.024,0.567,1.894,2,-0.141,0.418,2.019,2,-0.346,0.333,1.986,2,-0.408,0.431,1.766,2,-0.413,0.479,1.711,2,0.167,0.365,1.912,2,0.327,0.224,1.858,2,0.349,0.040,1.741,2,0.333,-0.028,1.665,2,-0.103,-0.015,2.170,2,-0.284,-0.118,1.878,2,-0.160,-0.318,2.152,1,-0.191,-0.409,2.125,2,0.051,-0.050,2.121,2,0.024,-0.351,1.946,2,0.016,-0.734,1.908,2,-0.002,-0.737,1.919,2,0.028,0.398,1.974,2,-0.417,0.532,1.649,2,-0.349,0.459,1.679,2,0.327,-0.082,1.610,2,0.270,-0.020,1.663,0,0,0,0
2.857|kb,95604739884470000,6,25,0,1,72057594037972009,2,-0.021,-0.034,2.187,2,0.005,0.213,2.061,2,0.029,0.449,1.936,2,-0.029,0.561,1.888,2,-0.143,0.416,2.011,2,-0.347,0.333,1.978,2,-0.368,0.431,1.732,2,-0.364,0.477,1.683,2,0.164,0.359,1.907,2,0.334,0.214,1.873,2,0.382,0.014,1.770,2,0.388,-0.060,1.706,2,-0.095,-0.016,2.174,2,-0.231,-0.283,1.997,2,-0.139,-0.444,2.236,2,-0.156,-0.541,2.210,2,0.054,-0.052,2.133,2,0.027,-0.349,1.951,2,0.032,-0.728,1.909,2,0.003,-0.726,1.917,2,0.025,0.393,1.971,2,-0.347,0.530,1.619,2,-0.302,0.453,1.664,2,0.394,-0.116,1.663,2,0.315,-0.058,1.680,0,0,0,0
2.899|kb,95604743277780000,6,25,0,1,72057594037972009,2,-0.010,-0.031,2.246,2,0.005,0.208,2.084,2,0.026,0.444,1.934,2,-0.032,0.556,1.886,2,-0.146,0.411,2.005,2,-0.348,0.332,1.954,2,-0.330,0.427,1.700,2,-0.312,0.477,1.664,2,0.162,0.354,1.907,2,0.350,0.189,1.908,2,0.420,-0.012,1.818,2,0.441,-0.085,1.764,2,-0.081,-0.014,2.227,2,-0.215,-0.296,2.082,2,-0.120,-0.408,2.173,1,-0.112,-0.390,2.150,2,0.060,-0.048,2.196,2,0.034,-0.353,1.954,2,0.041,-0.721,1.913,2,0.009,-0.711,1.815,2,0.022,0.388,1.972,2,-0.287,0.529,1.603,2,-0.255,0.446,1.654,2,0.460,-0.145,1.737,2,0.369,-0.089,1.719,0,0,0,0
2.924|kb,95604746576750000,6,25,0,1,72057594037972009,2,-0.006,-0.073,2.222,2,0.008,0.192,2.082,2,0.026,0.437,1.931,2,-0.035,0.547,1.884,2,-0.146,0.402,1.996,2,-0.319,0.351,1.887,2,-0.283,0.433,1.685,2,-0.256,0.475,1.650,2,0.160,0.342,1.910,2,0.347,0.189,1.919,2,0.447,-0.018,1.874,2,0.480,-0.089,1.834,2,-0.079,-0.070,2.197,2,-0.244,-0.356,2.152,1,-0.193,-0.466,2.216,2,-0.153,-0.451,2.196,2,0.066,-0.069,2.183,2,0.041,-0.322,1.936,2,0.048,-0.733,1.920,2,0.017,-0.720,1.817,2,0.023,0.378,1.970,2,-0.224,0.528,1.585,2,-0.202,0.441,1.652,2,0.511,-0.150,1.812,2,0.419,-0.101,1.777,0,0,0,0
2.968|kb,95604749883890000,6,25,0,1,72057594037972009,2,-0.004,-0.056,2.248,2,0.005,0.189,2.089,2,0.014,0.425,1.933,2,-0.037,0.541,1.884,2,-0.146,0.387,1.987,2,-0.350,0.319,1.863,2,-0.236,0.424,1.665,2,-0.197,0.471,1.645,2,0.154,0.336,1.915,2,0.344,0.187,1.965,2,0.454,0.000,1.947,2,0.500,-0.072,1.916,2,-0.077,-0.044,2.227,2,-0.133,-0.366,2.237,1,-0.068,-0.431,2.327,1,-0.103,-0.511,2.294,2,0.068,-0.064,2.200,2,0.036,-0.389,1.957,2,0.051,-0.743,1.918,1,0.027,-0.741,1.927,2,0.013,0.368,1.974,2,-0.154,0.519,1.575,2,-0.148,0.434,1.657,2,0.544,-0.132,1.889,2,0.459,-0.095,1.869,0,0,0,0
2.991|kb,95604753277580000,6,25,0,1,72057594037972009,2,0.009,-0.094,2.240,2,0.002,0.167,2.095,2,-0.001,0.410,1.941,2,-0.036,0.524,1.881,2,-0.151,0.374,1.978,2,-0.296,0.342,1.825,2,-0.156,0.459,1.646,2,-0.127,0.493,1.647,2,0.145,0.331,1.924,2,0.335,0.196,1.985,2,0.469,-0.004,2.005,2,0.517,-0.069,1.983,2,-0.065,-0.096,2.220,2,-0.132,-0.392,2.309,1,-0.088,-0.451,2.382,1,-0.085,-0.509,2.359,2,0.082,-0.091,2.193,2,0.045,-0.320,1.922,2,0.050,-0.738,1.924,2,0.027,-0.733,1.936,2,0.000,0.351,1.981,2,-0.093,0.520,1.593,2,-0.073,0.530,1.684,2,0.559,-0.129,1.951,2,0.487,-0.096,1.936,0,0,0,0
3.033|kb,95604756579670000,6,25,0,1,72057594037972009,2,0.009,-0.093,2.240,2,0.003,0.161,2.098,2,-0.002,0.396,1.949,2,-0.027,0.506,1.889,2,-0.141,0.346,1.981,2,-0.284,0.338,1.822,2,-0.102,0.460,1.669,2,-0.065,0.490,1.678,2,0.150,0.321,1.940,2,0.346,0.178,2.044,2,0.466,0.014,2.064,2,0.521,-0.053,2.051,2,-0.065,-0.096,2.218,2,-0.091,-0.419,2.368,1,-0.041,-0.493,2.441,1,-0.065,-0.574,2.426,2,0.084,-0.089,2.194,2,0.031,-0.374,1.958,2,0.052,-0.740,1.921,1,0.026,-0.734,1.938,2,-0.001,0.339,1.988,2,-0.028,0.515,1.664,2,-0.043,0.544,1.709,2,0.574,-0.111,2.032,2,0.504,-0.088,2.005,0,0,0,0
3.057|kb,95604759883990000,6,25,0,1,72057594037972009,2,0.013,-0.095,2.241,2,0.005,0.155,2.102,2,-0.003,0.391,1.953,2,-0.024,0.500,1.892,2,-0.138,0.326,1.984,2,-0.260,0.332,1.808,2,-0.076,0.455,1.687,2,-0.029,0.481,1.704,2,0.149,0.320,1.943,2,0.341,0.180,2.065,2,0.472,0.014,2.109,2,0.527,-0.051,2.104,2,-0.063,-0.098,2.217,2,-0.073,-0.372,2.413,1,-0.015,-0.452,2.491,1,-0.047,-0.529,2.471,2,0.089,-0.090,2.199,2,0.032,-0.372,1.957,2,0.050,-0.738,1.918,1,0.024,-0.732,1.939,2,0.000,0.333,1.992,2,0.015,0.499,1.684,2,-0.040,0.541,1.731,2,0.581,-0.111,2.087,2,0.504,-0.076,2.073,0,0,0,0
3.099|kb,95604763277560000,6,25,0,1,72057594037972009,2,0.026,-0.104,2.244,2,0.011,0.146,2.107,2,-0.002,0.385,1.959,2,-0.024,0.497,1.895,2,-0.136,0.315,1.989,2,-0.244,0.326,1.803,2,-0.085,0.401,1.690,1,-0.048,0.425,1.710,2,0.148,0.317,1.951,2,0.325,0.183,2.096,2,0.473,0.012,2.147,2,0.529,-0.051,2.149,2,-0.052,-0.109,2.216,1,-0.064,-0.372,2.407,1,-0.002,-0.459,2.492,1,-0.038,-0.528,2.466,2,0.104,-0.095,2.204,2,0.032,-0.371,1.957,2,0.037,-0.718,1.940,2,0.023,-0.712,1.831,2,0.001,0.327,1.998,2,0.020,0.487,1.706,2,-0.015,0.395,1.747,2,0.584,-0.117,2.143,2,0.525,-0.091,2.100,0,0,0,0
3.122|kb,95604766576910000,6,25,0,1,72057594037972009,2,0.037,-0.122,2.256,2,0.022,0.118,2.134,2,0.004,0.352,2.002,2,-0.020,0.480,1.920,2,-0.123,0.275,2.023,2,-0.232,0.314,1.804,2,-0.046,0.376,1.738,1,-0.005,0.422,1.753,2,0.163,0.292,2.017,2,0.354,0.157,2.145,2,0.479,0.007,2.185,2,0.533,-0.055,2.188,2,-0.044,-0.129,2.226,1,-0.061,-0.373,2.407,1,0.006,-0.466,2.496,1,-0.035,-0.529,2.465,2,0.118,-0.112,2.220,2,0.031,-0.371,1.960,2,0.036,-0.715,1.940,2,0.034,-0.710,1.827,2,0.009,0.294,2.038,2,0.069,0.464,1.750,2,0.007,0.382,1.803,2,0.595,-0.125,2.203,2,0.530,-0.091,2.138,0,0,0,0
3.161|kb,95604769884090000,6,25,0,1,72057594037972009,2,0.058,-0.138,2.269,2,0.031,0.108,2.147,2,0.007,0.344,2.015,2,-0.015,0.477,1.937,2,-0.121,0.260,2.041,2,-0.211,0.294,1.815,2,-0.015,0.374,1.756,1,0.022,0.413,1.794,2,0.166,0.283,2.035,2,0.350,0.152,2.175,2,0.477,0.004,2.216,2,0.535,-0.058,2.222,2,-0.026,-0.148,2.238,1,-0.059,-0.387,2.420,2,0.059,-0.516,2.650,1,0.093,-0.621,2.591,2,0.141,-0.123,2.232,2,0.029,-0.380,1.969,2,0.034,-0.722,1.940,2,-0.025,-0.719,1.896,2,0.013,0.286,2.050,2,0.084,0.451,1.781,2,0.036,0.389,1.827,2,0.600,-0.122,2.233,2,0.537,-0.096,2.171,0,0,0,0
3.200|kb,95604773277100000,6,25,0,1,72057594037972009,2,0.065,-0.154,2.286,2,0.042,0.087,2.177,2,0.021,0.322,2.058,2,-0.005,0.457,1.984,2,-0.112,0.235,2.076,2,-0.195,0.280,1.831,2,0.014,0.369,1.801,1,0.052,0.409,1.841,2,0.172,0.270,2.069,2,0.351,0.135,2.211,2,0.484,-0.009,2.246,2,0.542,-0.067,2.253,2,-0.022,-0.164,2.254,1,-0.051,-0.397,2.441,2,0.078,-0.541,2.683,1,0.103,-0.630,2.609,2,0.149,-0.138,2.251,2,0.026,-0.383,1.981,2,0.034,-0.726,1.941,2,-0.025,-0.723,1.901,2,0.026,0.264,2.090,2,0.097,0.426,1.820,2,0.045,0.404,1.858,2,0.607,-0.132,2.261,2,0.545,-0.104,2.199,0,0,0,0
3.224|kb,95604776576890000,6,25,0,1,72057594037972009,2,0.075,-0.171,2.320,2,0.037,0.090,2.182,2,-0.020,0.355,2.042,2,-0.003,0.458,2.000,2,-0.107,0.221,2.100,2,-0.199,0.255,1.870,2,0.012,0.355,1.821,1,0.056,0.383,1.872,2,0.177,0.260,2.095,2,0.360,0.124,2.230,2,0.491,-0.022,2.267,2,0.548,-0.080,2.274,2,-0.012,-0.183,2.290,1,-0.045,-0.416,2.476,2,0.104,-0.557,2.714,1,0.129,-0.645,2.640,2,0.160,-0.153,2.283,2,0.027,-0.397,1.990,2,0.034,-0.738,1.936,1,-0.034,-0.729,1.902,2,-0.003,0.287,2.082,2,0.093,0.405,1.873,2,0.058,0.372,1.887,2,0.608,-0.144,2.284,2,0.546,-0.109,2.225,0,0,0,0
3.268|kb,95604779885650000,6,25,0,1,72057594037972009,2,0.078,-0.188,2.355,2,0.036,0.082,2.216,2,-0.009,0.346,2.065,2,0.004,0.456,2.030,2,-0.102,0.207,2.140,2,-0.191,0.242,1.892,2,0.015,0.322,1.861,1,0.054,0.353,1.900,2,0.183,0.249,2.126,2,0.363,0.110,2.263,2,0.498,-0.035,2.293,2,0.554,-0.096,2.293,2,-0.008,-0.200,2.323,1,-0.036,-0.430,2.513,2,0.217,-0.561,2.814,1,0.225,-0.617,2.837,2,0.162,-0.170,2.320,2,0.030,-0.396,1.994,2,0.029,-0.737,1.937,1,-0.034,-0.731,1.903,2,0.002,0.281,2.102,2,0.106,0.396,1.887,2,0.072,0.354,1.920,2,0.614,-0.164,2.302,2,0.544,-0.115,2.245,0,0,0,0
3.291|kb,95604783277800000,6,25,0,1,72057594037972009,2,0.077,-0.197,2.372,2,0.038,0.072,2.245,2,0.001,0.334,2.112,2,0.009,0.443,2.075,2,-0.100,0.199,2.170,2,-0.199,0.225,1.923,1,0.006,0.312,1.881,1,0.047,0.331,1.924,2,0.188,0.240,2.160,2,0.374,0.097,2.285,2,0.502,-0.053,2.316,2,0.559,-0.113,2.309,2,-0.010,-0.208,2.338,1,-0.037,-0.438,2.529,2,0.259,-0.589,2.873,1,0.230,-0.629,2.845,2,0.161,-0.180,2.339,2,0.033,-0.371,2.015,2,0.026,-0.713,1.937,1,0.028,-0.703,1.834,2,0.010,0.269,2.149,2,0.084,0.367,1.952,2,0.046,0.288,1.930,2,0.617,-0.177,2.310,2,0.552,-0.142,2.257,0,0,0,0
3.332|kb,95604786578780000,6,25,0,1,72057594037972009,2,0.076,-0.205,2.384,2,0.043,0.067,2.261,2,0.011,0.332,2.128,2,0.012,0.448,2.100,2,-0.093,0.181,2.208,2,-0.187,0.220,1.966,1,0.016,0.305,1.930,1,0.058,0.329,1.958,2,0.195,0.238,2.184,2,0.379,0.089,2.306,2,0.507,-0.065,2.324,2,0.562,-0.127,2.317,2,-0.010,-0.216,2.349,1,-0.038,-0.443,2.542,2,0.276,-0.605,2.886,1,0.231,-0.643,2.839,2,0.160,-0.189,2.351,1,0.033,-0.376,2.026,2,0.025,-0.717,1.933,2,-0.026,-0.714,1.904,2,0.018,0.267,2.163,2,0.122,0.381,1.965,2,0.063,0.318,1.999,2,0.615,-0.190,2.314,2,0.553,-0.155,2.266,0,0,0,0
3.357|kb,95604789884170000,6,25,0,1,72057594037972009,2,0.059,-0.207,2.408,2,0.042,0.059,2.282,2,0.026,0.317,2.152,2,0.016,0.443,2.137,2,-0.093,0.183,2.212,2,-0.175,0.225,1.974,1,0.027,0.310,1.936,1,0.066,0.335,1.984,2,0.200,0.239,2.207,2,0.381,0.084,2.326,2,0.508,-0.072,2.334,2,0.559,-0.137,2.325,2,-0.025,-0.214,2.372,1,-0.037,-0.449,2.558,2,0.197,-0.587,2.793,2,0.207,-0.651,2.683,2,0.142,-0.195,2.377,1,-0.009,-0.381,2.071,2,0.031,-0.710,1.925,2,-0.020,-0.701,1.891,2,0.029,0.254,2.186,2,0.103,0.364,2.008,2,0.066,0.314,1.987,2,0.614,-0.198,2.320,2,0.550,-0.159,2.274,0,0,0,0
3.401|kb,95604793278720000,6,25,0,1,72057594037972009,2,0.056,-0.207,2.411,2,0.041,0.065,2.296,2,0.031,0.333,2.178,2,0.022,0.451,2.155,2,-0.088,0.212,2.242,2,-0.168,0.231,1.981,1,0.034,0.316,1.943,1,0.071,0.342,2.001,2,0.207,0.242,2.231,2,0.380,0.083,2.341,2,0.502,-0.077,2.346,2,0.551,-0.144,2.335,2,-0.029,-0.211,2.377,1,-0.036,-0.447,2.563,2,0.194,-0.592,2.773,2,0.210,-0.660,2.671,2,0.139,-0.196,2.379,1,0.013,-0.350,1.993,2,0.032,-0.705,1.934,2,-0.019,-0.691,1.891,2,0.033,0.266,2.210,2,0.109,0.372,2.020,2,0.063,0.315,1.992,2,0.603,-0.204,2.323,2,0.546,-0.170,2.280,0,0,0,0
3.434|kb,95604796577430000,6,25,0,1,72057594037972009,2,0.055,-0.204,2.414,2,0.040,0.071,2.309,2,0.030,0.339,2.197,2,0.028,0.460,2.176,2,-0.087,0.214,2.248,2,-0.170,0.235,2.010,1,0.033,0.320,1.972,1,0.075,0.343,2.017,2,0.210,0.247,2.245,2,0.379,0.082,2.352,2,0.498,-0.081,2.354,2,0.544,-0.149,2.340,2,-0.031,-0.206,2.381,1,-0.038,-0.438,2.571,2,0.166,-0.583,2.757,2,0.206,-0.662,2.673,2,0.138,-0.196,2.381,1,0.012,-0.350,1.996,2,0.033,-0.707,1.949,2,-0.013,-0.682,1.882,2,0.032,0.273,2.227,2,0.112,0.370,2.040,2,0.085,0.339,2.037,2,0.591,-0.211,2.327,2,0.533,-0.172,2.284,0,0,0,0
3.468|kb,95604799883970000,6,25,0,1,72057594037972009,2,0.052,-0.201,2.420,2,0.041,0.076,2.323,2,0.032,0.346,2.217,2,0.033,0.467,2.196,2,-0.085,0.221,2.261,2,-0.163,0.245,2.020,1,0.039,0.330,1.981,1,0.081,0.353,2.032,2,0.213,0.251,2.262,2,0.377,0.081,2.370,2,0.493,-0.084,2.363,2,0.537,-0.152,2.349,2,-0.033,-0.202,2.386,1,-0.039,-0.433,2.577,2,0.145,-0.585,2.763,2,0.191,-0.669,2.683,2,0.136,-0.194,2.387,1,0.009,-0.350,2.003,2,0.040,-0.704,1.952,2,-0.015,-0.688,1.900,2,0.034,0.280,2.245,2,0.118,0.380,2.049,2,0.077,0.330,2.039,2,0.584,-0.219,2.342,2,0.518,-0.163,2.303,0,0,0,0
3.491|kb,95604803280490000,6,25,0,1,72057594037972009,2,0.058,-0.199,2.419,2,0.063,0.068,2.342,2,0.071,0.318,2.267,2,0.036,0.465,2.211,2,-0.085,0.224,2.268,2,-0.164,0.246,2.021,1,0.038,0.331,1.982,1,0.077,0.356,2.035,2,0.215,0.256,2.274,2,0.374,0.083,2.380,2,0.486,-0.086,2.371,2,0.530,-0.153,2.356,2,-0.029,-0.200,2.385,1,-0.039,-0.429,2.579,2,0.131,-0.574,2.771,2,0.180,-0.659,2.694,2,0.143,-0.191,2.384,1,0.033,-0.338,1.992,2,0.040,-0.693,1.958,2,-0.004,-0.691,1.925,2,0.071,0.256,2.290,2,0.116,0.384,2.057,2,0.062,0.309,2.018,2,0.574,-0.219,2.347,2,0.515,-0.174,2.294,0,0,0,0
3.532|kb,95604806580190000,6,25,0,1,72057594037972009,2,0.054,-0.195,2.424,2,0.060,0.071,2.348,2,0.068,0.325,2.269,2,0.037,0.477,2.218,2,-0.085,0.226,2.276,2,-0.165,0.262,2.035,1,0.038,0.347,1.997,1,0.081,0.368,2.044,2,0.215,0.260,2.284,2,0.370,0.083,2.392,2,0.480,-0.086,2.380,2,0.523,-0.154,2.366,2,-0.032,-0.196,2.389,1,-0.039,-0.425,2.582,2,0.121,-0.566,2.778,2,0.172,-0.655,2.705,2,0.138,-0.189,2.391,2,0.043,-0.391,2.071,2,0.038,-0.716,1.933,2,-0.017,-0.699,1.969,2,0.067,0.262,2.292,2,0.128,0.410,2.032,2,0.098,0.367,2.060,2,0.567,-0.218,2.354,2,0.512,-0.173,2.303,0,0,0,0
3.557|kb,95604809883730000,6,25,0,1,72057594037972009,2,0.052,-0.192,2.426,2,0.061,0.073,2.357,2,0.071,0.327,2.281,2,0.038,0.482,2.235,2,-0.086,0.230,2.284,2,-0.164,0.267,2.042,1,0.038,0.352,2.004,1,0.080,0.374,2.051,2,0.214,0.265,2.291,2,0.366,0.085,2.402,2,0.471,-0.088,2.397,2,0.516,-0.151,2.376,2,-0.033,-0.192,2.392,1,-0.039,-0.422,2.585,2,0.175,-0.607,2.844,2,0.204,-0.698,2.857,2,0.136,-0.186,2.393,2,0.043,-0.392,2.071,2,0.039,-0.704,1.934,2,-0.011,-0.699,1.975,2,0.069,0.264,2.302,2,0.118,0.401,2.071,2,0.067,0.328,2.038,2,0.559,-0.218,2.367,2,0.499,-0.162,2.325,0,0,0,0
3.600|kb,95604813277940000,6,25,0,1,72057594037972009,2,0.051,-0.189,2.430,2,0.059,0.075,2.363,2,0.068,0.329,2.288,2,0.037,0.486,2.245,2,-0.087,0.232,2.291,2,-0.164,0.273,2.057,1,0.039,0.358,2.018,1,0.082,0.383,2.063,2,0.214,0.270,2.300,2,0.364,0.086,2.411,2,0.468,-0.088,2.402,2,0.512,-0.153,2.386,2,-0.033,-0.189,2.395,1,-0.039,-0.419,2.588,2,0.207,-0.633,2.890,2,0.201,-0.697,2.861,2,0.135,-0.184,2.396,2,0.043,-0.393,2.072,2,0.042,-0.694,1.937,2,-0.005,-0.700,1.978,2,0.066,0.266,2.309,2,0.135,0.425,2.051,2,0.106,0.382,2.083,2,0.552,-0.219,2.385,2,0.492,-0.152,2.343,0,0,0,0
3.624|kb,95604816577640000,6,25,0,1,72057594037972009,2,0.051,-0.186,2.431,2,0.057,0.079,2.366,2,0.063,0.338,2.292,2,0.034,0.494,2.246,2,-0.088,0.235,2.294,2,-0.167,0.279,2.066,1,0.036,0.364,2.027,1,0.082,0.391,2.066,2,0.213,0.275,2.304,2,0.361,0.089,2.415,2,0.464,-0.085,2.407,2,0.507,-0.149,2.391,2,-0.034,-0.187,2.396,1,-0.040,-0.416,2.589,2,0.218,-0.643,2.907,2,0.198,-0.694,2.864,2,0.134,-0.181,2.397,2,0.044,-0.392,2.074,2,0.045,-0.687,1.941,2,-0.003,-0.700,1.978,2,0.062,0.274,2.313,2,0.126,0.427,2.056,2,0.104,0.387,2.089,2,0.547,-0.216,2.384,2,0.489,-0.157,2.347,0,0,0,0
3.668|kb,95604819884730000,6,25,0,1,72057594037972009,2,0.051,-0.184,2.432,2,0.057,0.080,2.366,2,0.063,0.337,2.291,2,0.032,0.498,2.253,2,-0.088,0.234,2.291,2,-0.169,0.283,2.073,1,0.033,0.368,2.035,1,0.077,0.394,2.071,2,0.211,0.280,2.308,2,0.359,0.093,2.418,2,0.461,-0.081,2.415,2,0.505,-0.143,2.399,2,-0.033,-0.184,2.398,1,-0.041,-0.413,2.591,2,0.224,-0.647,2.919,2,0.198,-0.693,2.864,2,0.134,-0.178,2.399,2,0.044,-0.391,2.076,2,0.046,-0.681,1.944,2,-0.003,-0.701,1.977,2,0.062,0.274,2.312,2,0.123,0.430,2.064,2,0.099,0.391,2.090,2,0.545,-0.212,2.394,2,0.486,-0.146,2.353,0,0,0,0
3.691|kb,95604823277150000,6,25,0,1,72057594037972009,2,0.050,-0.181,2.434,2,0.055,0.086,2.372,2,0.058,0.347,2.299,2,0.028,0.507,2.258,2,-0.090,0.242,2.303,2,-0.170,0.285,2.072,1,0.032,0.370,2.034,1,0.076,0.399,2.075,2,0.210,0.283,2.310,2,0.359,0.097,2.422,2,0.461,-0.077,2.419,2,0.508,-0.135,2.405,2,-0.033,-0.181,2.400,1,-0.042,-0.410,2.594,2,0.227,-0.647,2.926,2,0.200,-0.691,2.860,2,0.133,-0.176,2.401,2,0.045,-0.391,2.078,2,0.038,-0.685,1.961,2,-0.014,-0.712,1.978,2,0.057,0.283,2.319,2,0.127,0.426,2.069,2,0.093,0.391,2.095,2,0.546,-0.202,2.401,2,0.490,-0.144,2.359,0,0,0,0
3.734|kb,95604826578850000,6,25,0,1,72057594037972009,2,0.052,-0.178,2.436,2,0.054,0.090,2.374,2,0.055,0.351,2.302,2,0.022,0.511,2.263,2,-0.091,0.245,2.308,2,-0.172,0.286,2.073,1,0.030,0.371,2.035,1,0.074,0.404,2.079,2,0.208,0.288,2.313,2,0.359,0.103,2.425,2,0.463,-0.070,2.425,2,0.514,-0.123,2.410,2,-0.031,-0.179,2.403,1,-0.042,-0.408,2.595,2,0.224,-0.642,2.921,2,0.203,-0.696,2.840,2,0.135,-0.172,2.402,2,0.054,-0.364,2.089,2,0.033,-0.686,1.965,2,0.040,-0.675,1.865,2,0.055,0.287,2.322,2,0.120,0.431,2.065,2,0.084,0.393,2.085,2,0.556,-0.194,2.411,2,0.497,-0.128,2.367,0,0,0,0
3.757|kb,95604829883810000,6,25,0,1,72057594037972009,2,0.052,-0.175,2.440,2,0.053,0.094,2.378,2,0.053,0.356,2.305,2,0.018,0.516,2.267,2,-0.093,0.249,2.312,2,-0.176,0.289,2.078,1,0.027,0.374,2.039,1,0.070,0.407,2.079,2,0.206,0.292,2.316,2,0.360,0.110,2.426,2,0.468,-0.059,2.431,2,0.522,-0.110,2.412,2,-0.031,-0.177,2.408,1,-0.043,-0.407,2.600,2,0.176,-0.612,2.830,2,0.174,-0.657,2.699,2,0.134,-0.169,2.405,2,0.052,-0.380,2.086,2,0.030,-0.717,1.955,2,0.038,-0.690,1.861,2,0.053,0.291,2.325,2,0.115,0.429,2.065,2,0.074,0.391,2.084,2,0.569,-0.181,2.415,2,0.512,-0.130,2.359,0,0,0,0
3.800|kb,95604833279090000,6,25,0,1,72057594037972009,2,0.053,-0.172,2.443,2,0.053,0.095,2.381,2,0.052,0.356,2.309,2,0.014,0.517,2.272,2,-0.095,0.253,2.318,2,-0.180,0.292,2.084,1,0.015,0.369,2.040,1,0.059,0.404,2.077,2,0.204,0.296,2.318,2,0.362,0.119,2.428,2,0.477,-0.047,2.430,2,0.532,-0.096,2.411,2,-0.031,-0.174,2.411,1,-0.043,-0.405,2.602,2,0.181,-0.601,2.843,2,0.217,-0.696,2.834,2,0.135,-0.166,2.407,2,0.051,-0.384,2.087,2,0.029,-0.727,1.954,2,0.037,-0.694,1.862,2,0.052,0.292,2.329,2,0.110,0.434,2.069,2,0.068,0.394,2.085,2,0.583,-0.166,2.428,2,0.525,-0.115,2.364,0,0,0,0
3.824|kb,95604836577290000,6,25,0,1,72057594037972009,2,0.054,-0.170,2.445,2,0.054,0.097,2.385,2,0.053,0.356,2.315,2,0.010,0.516,2.280,2,-0.097,0.256,2.322,2,-0.186,0.293,2.096,1,0.011,0.368,2.042,1,0.053,0.403,2.080,2,0.203,0.299,2.320,2,0.365,0.127,2.428,2,0.483,-0.037,2.429,2,0.542,-0.084,2.411,2,-0.029,-0.172,2.414,1,-0.044,-0.403,2.606,2,0.185,-0.602,2.844,2,0.209,-0.696,2.819,2,0.136,-0.163,2.409,2,0.052,-0.389,2.089,2,0.028,-0.734,1.951,2,0.035,-0.697,1.860,2,0.053,0.292,2.334,2,0.104,0.436,2.069,2,0.063,0.386,2.091,2,0.600,-0.151,2.426,2,0.537,-0.106,2.355,0,0,0,0
3.867|kb,95604839884640000,6,25,0,1,72057594037972009,2,0.056,-0.169,2.446,2,0.055,0.096,2.385,2,0.054,0.354,2.313,2,0.008,0.516,2.282,2,-0.098,0.257,2.323,2,-0.189,0.293,2.100,1,0.010,0.367,2.042,1,0.050,0.404,2.078,2,0.201,0.301,2.320,2,0.366,0.137,2.425,2,0.488,-0.024,2.427,2,0.550,-0.072,2.402,2,-0.027,-0.172,2.415,1,-0.044,-0.402,2.606,2,0.192,-0.614,2.836,2,0.211,-0.694,2.811,2,0.138,-0.161,2.409,2,0.054,-0.390,2.090,2,0.025,-0.736,1.948,2,0.033,-0.697,1.857,2,0.054,0.291,2.333,2,0.104,0.435,2.068,2,0.063,0.396,2.087,2,0.611,-0.138,2.413,2,0.541,-0.084,2.352,0,0,0,0
3.891|kb,95604843277350000,6,25,0,1,72057594037972009,2,0.055,-0.168,2.449,2,0.053,0.097,2.390,2,0.050,0.355,2.318,2,0.005,0.517,2.287,2,-0.100,0.261,2.327,2,-0.190,0.293,2.103,1,0.008,0.367,2.045,1,0.049,0.405,2.081,2,0.200,0.302,2.322,2,0.368,0.139,2.424,2,0.495,-0.017,2.423,2,0.558,-0.065,2.396,2,-0.028,-0.171,2.419,1,-0.046,-0.405,2.613,2,0.215,-0.608,2.872,2,0.238,-0.683,2.844,2,0.137,-0.160,2.412,2,0.056,-0.390,2.090,2,0.025,-0.739,1.950,2,0.033,-0.698,1.860,2,0.051,0.292,2.338,2,0.101,0.435,2.069,2,0.064,0.393,2.093,2,0.617,-0.128,2.402,2,0.552,-0.081,2.350,0,0,0,0
3.933|kb,95604846580730000,6,25,0,1,72057594037972009,2,0.055,-0.167,2.450,2,0.052,0.098,2.391,2,0.048,0.356,2.321,2,0.003,0.517,2.289,2,-0.101,0.262,2.329,2,-0.199,0.290,2.109,1,0.007,0.366,2.046,1,0.048,0.405,2.081,2,0.199,0.303,2.322,2,0.370,0.143,2.421,2,0.500,-0.011,2.417,2,0.561,-0.058,2.388,2,-0.028,-0.171,2.420,1,-0.046,-0.405,2.613,1,0.227,-0.617,2.883,2,0.241,-0.680,2.848,2,0.137,-0.159,2.412,2,0.057,-0.391,2.091,2,0.025,-0.741,1.951,2,0.032,-0.699,1.860,2,0.050,0.292,2.340,2,0.107,0.431,2.072,2,0.057,0.395,2.089,2,0.621,-0.125,2.394,2,0.560,-0.079,2.337,0,0,0,0
3.957|kb,95604849883930000,6,25,0,1,72057594037972009,2,0.056,-0.167,2.450,2,0.052,0.099,2.391,2,0.045,0.359,2.322,2,0.001,0.521,2.289,2,-0.102,0.263,2.331,2,-0.199,0.290,2.109,1,0.006,0.366,2.047,1,0.048,0.403,2.083,2,0.199,0.304,2.323,2,0.371,0.145,2.419,2,0.503,-0.008,2.411,2,0.563,-0.057,2.378,2,-0.027,-0.170,2.420,1,-0.044,-0.404,2.613,2,0.234,-0.621,2.888,2,0.241,-0.683,2.843,2,0.138,-0.158,2.412,2,0.058,-0.392,2.091,2,0.025,-0.742,1.950,2,0.032,-0.699,1.860,2,0.047,0.295,2.341,2,0.105,0.429,2.072,2,0.055,0.385,2.103,2,0.625,-0.126,2.385,2,0.557,-0.073,2.327,0,0,0,0
4.000|kb,95604853278050000,6,25,0,1,72057594037972009,2,0.056,-0.166,2.452,2,0.051,0.101,2.393,2,0.044,0.363,2.323,2,0.000,0.524,2.289,2,-0.102,0.263,2.334,2,-0.199,0.290,2.110,1,0.004,0.365,2.048,1,0.045,0.401,2.083,2,0.198,0.305,2.324,2,0.373,0.147,2.417,2,0.505,-0.006,2.406,2,0.561,-0.055,2.370,2,-0.027,-0.170,2.422,1,-0.045,-0.405,2.616,2,0.191,-0.600,2.833,2,0.186,-0.646,2.704,2,0.138,-0.158,2.413,2,0.059,-0.392,2.092,2,0.025,-0.743,1.952,2,0.032,-0.700,1.862,2,0.046,0.299,2.343,2,0.098,0.432,2.075,2,0.054,0.384,2.096,2,0.622,-0.121,2.363,2,0.552,-0.067,2.323,0,0,0,0
4.024|kb,95604856577150000,6,25,0,1,72057594037972009,2,0.056,-0.167,2.454,2,0.050,0.100,2.396,2,0.044,0.361,2.327,2,0.000,0.521,2.292,2,-0.102,0.264,2.335,2,-0.199,0.290,2.110,1,0.003,0.365,2.049,1,0.046,0.400,2.082,2,0.198,0.305,2.324,2,0.373,0.148,2.415,2,0.505,-0.005,2.398,2,0.558,-0.058,2.360,2,-0.027,-0.171,2.425,1,-0.046,-0.409,2.620,2,0.212,-0.612,2.862,2,0.242,-0.692,2.846,2,0.137,-0.158,2.415,2,0.059,-0.393,2.092,2,0.031,-0.737,1.950,2,-0.014,-0.720,1.945,2,0.046,0.297,2.346,2,0.104,0.426,2.074,2,0.060,0.391,2.091,2,0.619,-0.124,2.354,2,0.548,-0.068,2.313,0,0,0,0
4.068|kb,95604859884070000,6,25,0,1,72057594037972009,2,0.055,-0.167,2.455,2,0.050,0.101,2.397,2,0.043,0.362,2.327,2,-0.001,0.523,2.293,2,-0.103,0.264,2.337,2,-0.200,0.290,2.111,1,0.003,0.365,2.049,1,0.046,0.399,2.082,2,0.198,0.305,2.324,2,0.372,0.149,2.413,2,0.504,-0.005,2.393,2,0.553,-0.060,2.354,2,-0.027,-0.171,2.427,1,-0.047,-0.410,2.622,2,0.225,-0.617,2.875,2,0.242,-0.693,2.840,2,0.137,-0.158,2.416,2,0.059,-0.393,2.093,2,0.031,-0.735,1.952,2,-0.014,-0.721,1.945,2,0.045,0.298,2.347,2,0.101,0.424,2.074,2,0.058,0.386,2.097,2,0.613,-0.123,2.337,2,0.547,-0.080,2.300,0,0,0,0
4.094|kb,95604863277340000,6,25,0,1,72057594037972009,2,0.055,-0.166,2.455,2,0.050,0.101,2.397,2,0.045,0.362,2.329,2,0.000,0.522,2.295,2,-0.103,0.264,2.338,2,-0.200,0.290,2.111,1,0.002,0.365,2.050,1,0.046,0.399,2.081,2,0.198,0.305,2.324,2,0.372,0.148,2.411,2,0.501,-0.007,2.389,2,0.547,-0.066,2.350,2,-0.027,-0.170,2.427,1,-0.046,-0.406,2.621,2,0.225,-0.613,2.876,2,0.223,-0.686,2.795,2,0.137,-0.158,2.416,2,0.063,-0.372,2.100,2,0.032,-0.710,1.963,2,0.037,-0.679,1.868,2,0.046,0.297,2.348,2,0.101,0.425,2.070,2,0.053,0.377,2.095,2,0.605,-0.131,2.335,2,0.540,-0.083,2.297,0,0,0,0
4.134|kb,95604866581440000,6,25,0,1,72057594037972009,2,0.055,-0.166,2.456,2,0.051,0.101,2.398,2,0.046,0.361,2.330,2,0.000,0.521,2.296,2,-0.103,0.264,2.339,2,-0.199,0.290,2.111,1,0.002,0.365,2.050,1,0.046,0.398,2.079,2,0.198,0.306,2.324,2,0.371,0.148,2.409,2,0.497,-0.010,2.385,2,0.540,-0.070,2.344,2,-0.028,-0.170,2.428,1,-0.047,-0.408,2.623,2,0.231,-0.618,2.883,2,0.233,-0.692,2.845,2,0.136,-0.158,2.416,2,0.062,-0.381,2.100,2,0.032,-0.717,1.960,2,0.036,-0.687,1.865,2,0.047,0.297,2.349,2,0.102,0.422,2.069,2,0.057,0.382,2.095,2,0.597,-0.134,2.324,2,0.531,-0.085,2.296,0,0,0,0
4.157|kb,95604869883920000,6,25,0,1,72057594037972009,2,0.055,-0.166,2.456,2,0.050,0.101,2.398,2,0.045,0.363,2.330,2,0.000,0.523,2.296,2,-0.103,0.264,2.340,2,-0.211,0.286,2.125,1,-0.011,0.360,2.065,1,0.040,0.392,2.075,2,0.197,0.306,2.324,2,0.371,0.148,2.409,2,0.493,-0.012,2.381,2,0.534,-0.074,2.345,2,-0.027,-0.170,2.428,2,-0.057,-0.407,2.612,2,0.149,-0.613,2.834,2,0.147,-0.663,2.710,2,0.137,-0.158,2.416,2,0.051,-0.396,2.099,2,0.033,-0.730,1.955,2,-0.017,-0.720,1.955,2,0.047,0.298,2.349,2,0.101,0.420,2.071,2,0.049,0.375,2.100,2,0.591,-0.142,2.325,2,0.519,-0.084,2.299,0,0,0,0
4.201|kb,95604873279330000,6,25,0,1,72057594037972009,2,0.056,-0.166,2.456,2,0.050,0.102,2.398,2,0.044,0.364,2.329,2,0.000,0.525,2.296,2,-0.102,0.264,2.341,2,-0.205,0.288,2.119,1,-0.006,0.363,2.059,1,0.042,0.393,2.075,2,0.198,0.306,2.325,2,0.370,0.147,2.408,2,0.490,-0.015,2.380,2,0.527,-0.076,2.344,2,-0.027,-0.170,2.428,1,-0.058,-0.408,2.611,2,0.128,-0.593,2.810,2,0.148,-0.664,2.708,2,0.137,-0.158,2.416,2,0.053,-0.395,2.099,2,0.031,-0.729,1.956,2,-0.011,-0.724,1.953,2,0.046,0.300,2.349,2,0.101,0.418,2.069,2,0.055,0.382,2.099,2,0.581,-0.138,2.324,2,0.514,-0.092,2.296,0,0,0,0
4.224|kb,95604876577270000,6,25,0,1,72057594037972009,2,0.056,-0.165,2.458,2,0.051,0.103,2.399,2,0.045,0.366,2.330,2,0.000,0.526,2.296,2,-0.102,0.264,2.342,2,-0.210,0.288,2.123,2,-0.033,0.352,2.036,1,0.011,0.374,2.062,2,0.198,0.307,2.326,2,0.369,0.146,2.408,2,0.488,-0.017,2.379,2,0.524,-0.081,2.347,2,-0.026,-0.169,2.429,1,-0.058,-0.407,2.613,2,0.120,-0.585,2.800,2,0.147,-0.665,2.708,2,0.137,-0.157,2.418,2,0.051,-0.421,2.093,2,0.034,-0.712,1.963,2,-0.040,-0.673,1.999,2,0.047,0.301,2.349,2,0.054,0.417,2.072,2,0.021,0.341,2.073,2,0.574,-0.144,2.321,2,0.513,-0.102,2.293,0,0,0,0
4.267|kb,95604879887150000,6,25,0,1,72057594037972009,2,0.058,-0.164,2.458,2,0.053,0.104,2.400,2,0.049,0.365,2.332,2,0.001,0.524,2.297,2,-0.101,0.264,2.344,2,-0.214,0.287,2.123,2,-0.035,0.350,2.042,1,-0.009,0.365,2.055,2,0.198,0.307,2.326,2,0.369,0.146,2.408,2,0.485,-0.019,2.379,2,0.520,-0.083,2.346,2,-0.025,-0.169,2.429,1,-0.056,-0.406,2.613,2,0.115,-0.578,2.796,2,0.147,-0.664,2.710,2,0.139,-0.155,2.419,2,0.077,-0.332,2.113,2,0.037,-0.667,1.983,2,0.038,-0.660,1.879,2,0.050,0.301,2.351,2,0.056,0.423,2.063,2,0.021,0.340,2.071,2,0.569,-0.148,2.320,2,0.507,-0.100,2.297,0,0,0,0
4.290|kb,95604883285070000,6,25,0,1,72057594037972009,2,0.059,-0.163,2.459,2,0.055,0.104,2.401,2,0.050,0.365,2.333,2,0.002,0.524,2.298,2,-0.101,0.264,2.346,2,-0.217,0.287,2.125,2,-0.037,0.349,2.042,1,-0.007,0.366,2.055,2,0.198,0.307,2.327,2,0.368,0.145,2.408,2,0.481,-0.022,2.379,2,0.517,-0.087,2.348,2,-0.023,-0.168,2.430,1,-0.055,-0.406,2.613,2,0.112,-0.571,2.795,1,0.146,-0.661,2.713,2,0.141,-0.154,2.420,2,0.057,-0.398,2.104,2,0.036,-0.716,1.967,2,-0.020,-0.717,1.949,2,0.051,0.301,2.352,2,0.060,0.424,2.063,2,0.021,0.339,2.078,2,0.567,-0.152,2.325,2,0.504,-0.110,2.292,0,0,0,0
4.332|kb,95604886579130000,6,25,0,1,72057594037972009,2,0.060,-0.163,2.459,2,0.056,0.105,2.402,2,0.051,0.365,2.334,2,0.003,0.523,2.298,2,-0.100,0.264,2.346,2,-0.220,0.285,2.129,2,-0.042,0.346,2.042,1,-0.005,0.365,2.056,2,0.198,0.308,2.327,2,0.368,0.144,2.409,2,0.479,-0.024,2.380,2,0.513,-0.086,2.348,2,-0.022,-0.167,2.431,1,-0.055,-0.405,2.613,2,0.111,-0.568,2.795,2,0.147,-0.660,2.714,2,0.141,-0.154,2.420,2,0.060,-0.396,2.106,2,0.034,-0.719,1.967,2,-0.018,-0.717,1.947,2,0.052,0.301,2.353,2,0.062,0.421,2.061,2,0.018,0.337,2.074,2,0.562,-0.151,2.324,2,0.499,-0.097,2.298,0,0,0,0
4.357|kb,95604889883830000,6,25,0,1,72057594037972009,2,0.062,-0.162,2.461,2,0.058,0.105,2.404,2,0.054,0.365,2.335,2,0.005,0.523,2.299,2,-0.099,0.264,2.347,2,-0.219,0.284,2.133,2,-0.043,0.347,2.042,1,0.001,0.366,2.057,2,0.199,0.308,2.328,2,0.367,0.143,2.410,2,0.476,-0.026,2.381,2,0.513,-0.091,2.349,2,-0.021,-0.167,2.432,1,-0.053,-0.405,2.614,2,0.112,-0.567,2.796,2,0.148,-0.659,2.716,2,0.143,-0.153,2.422,2,0.070,-0.369,2.122,2,0.035,-0.697,1.976,2,0.038,-0.672,1.880,2,0.055,0.301,2.354,2,0.074,0.424,2.059,2,0.024,0.342,2.085,2,0.560,-0.158,2.327,2,0.496,-0.096,2.304,0,0,0,0
4.401|kb,95604893278210000,6,25,0,1,72057594037972009,2,0.063,-0.162,2.463,2,0.059,0.105,2.405,2,0.056,0.365,2.336,2,0.006,0.522,2.300,2,-0.099,0.264,2.348,2,-0.220,0.284,2.133,2,-0.043,0.347,2.043,1,0.005,0.366,2.058,2,0.199,0.309,2.328,2,0.367,0.141,2.411,2,0.476,-0.028,2.381,2,0.509,-0.091,2.348,2,-0.020,-0.167,2.434,1,-0.052,-0.406,2.616,2,0.115,-0.548,2.809,1,0.153,-0.638,2.732,2,0.143,-0.153,2.424,2,0.064,-0.388,2.117,2,0.033,-0.723,1.964,2,-0.004,-0.717,1.958,2,0.057,0.301,2.355,2,0.079,0.423,2.057,2,0.027,0.347,2.080,2,0.555,-0.157,2.320,2,0.495,-0.112,2.299,0,0,0,0
4.426|kb,95604896577220000,6,25,0,1,72057594037972009,2,0.065,-0.162,2.466,2,0.062,0.105,2.406,2,0.059,0.366,2.336,2,0.008,0.522,2.300,2,-0.096,0.262,2.348,2,-0.221,0.278,2.134,2,-0.044,0.343,2.046,1,0.007,0.362,2.055,2,0.199,0.309,2.329,2,0.366,0.140,2.412,2,0.474,-0.030,2.382,2,0.508,-0.093,2.349,2,-0.018,-0.167,2.436,1,-0.051,-0.406,2.617,2,0.174,-0.601,2.876,2,0.228,-0.679,2.863,2,0.146,-0.152,2.428,2,0.073,-0.372,2.128,2,0.034,-0.707,1.969,2,0.038,-0.672,1.880,2,0.059,0.301,2.356,2,0.079,0.420,2.059,2,0.024,0.342,2.077,2,0.555,-0.158,2.328,2,0.490,-0.104,2.300,0,0,0,0
4.469|kb,95604899885260000,6,25,0,1,72057594037972009,2,0.067,-0.162,2.469,2,0.062,0.105,2.407,2,0.059,0.364,2.335,2,0.009,0.521,2.299,2,-0.096,0.262,2.348,2,-0.222,0.273,2.129,2,-0.044,0.342,2.049,1,0.012,0.361,2.056,2,0.200,0.309,2.330,2,0.366,0.136,2.414,2,0.474,-0.034,2.382,2,0.508,-0.096,2.345,2,-0.016,-0.168,2.438,1,-0.050,-0.406,2.619,2,0.170,-0.614,2.857,2,0.158,-0.655,2.721,2,0.148,-0.152,2.432,2,0.094,-0.335,2.129,2,0.034,-0.700,1.978,2,0.043,-0.662,1.889,2,0.060,0.300,2.355,2,0.079,0.417,2.061,2,0.033,0.328,2.098,2,0.550,-0.163,2.327,2,0.488,-0.114,2.288,0,0,0,0
4.502|kb,95604903277710000,6,25,0,1,72057594037972009,2,0.069,-0.162,2.471,2,0.062,0.105,2.407,2,0.056,0.366,2.329,2,0.009,0.524,2.293,2,-0.095,0.257,2.346,2,-0.213,0.268,2.122,2,-0.035,0.339,2.045,1,0.015,0.358,2.049,2,0.200,0.308,2.330,2,0.365,0.136,2.414,2,0.470,-0.035,2.381,2,0.502,-0.096,2.339,2,-0.014,-0.168,2.439,1,-0.049,-0.406,2.621,2,0.162,-0.603,2.853,2,0.159,-0.652,2.727,2,0.150,-0.152,2.434,2,0.072,-0.396,2.123,2,0.033,-0.734,1.965,2,0.004,-0.722,1.993,2,0.058,0.301,2.351,2,0.080,0.412,2.056,2,0.039,0.327,2.089,2,0.544,-0.165,2.315,2,0.482,-0.104,2.296,0,0,0,0
4.535|kb,95604906577750000,6,25,0,1,72057594037972009,2,0.070,-0.163,2.473,2,0.063,0.103,2.407,2,0.058,0.361,2.326,2,0.012,0.515,2.283,2,-0.094,0.252,2.340,2,-0.202,0.269,2.110,2,-0.023,0.335,2.031,1,0.014,0.353,2.036,2,0.200,0.308,2.330,2,0.365,0.134,2.414,2,0.468,-0.038,2.378,2,0.501,-0.100,2.331,2,-0.013,-0.169,2.441,1,-0.048,-0.407,2.623,2,0.154,-0.607,2.835,2,0.161,-0.665,2.720,2,0.151,-0.152,2.437,2,0.072,-0.396,2.123,2,0.037,-0.732,1.968,2,0.008,-0.725,1.992,2,0.060,0.298,2.349,2,0.085,0.412,2.046,2,0.040,0.334,2.071,2,0.538,-0.168,2.306,2,0.477,-0.106,2.284,0,0,0,0
4.558|kb,95604909884290000,6,25,0,1,72057594037972009,2,0.070,-0.163,2.473,2,0.063,0.102,2.405,2,0.055,0.356,2.316,2,0.012,0.511,2.273,2,-0.095,0.251,2.334,2,-0.195,0.265,2.080,2,0.014,0.348,2.019,1,0.061,0.379,2.047,2,0.200,0.306,2.327,2,0.363,0.133,2.413,2,0.465,-0.039,2.374,2,0.498,-0.101,2.323,2,-0.013,-0.169,2.441,1,-0.047,-0.407,2.623,2,0.190,-0.641,2.876,1,0.249,-0.690,2.840,2,0.151,-0.152,2.439,2,0.072,-0.396,2.121,2,0.044,-0.731,1.969,2,0.026,-0.732,1.987,2,0.058,0.294,2.341,2,0.117,0.411,2.043,2,0.073,0.363,2.075,2,0.534,-0.170,2.301,2,0.469,-0.106,2.285,0,0,0,0
4.602|kb,95604913280340000,6,25,0,1,72057594037972009,2,0.070,-0.163,2.473,2,0.062,0.101,2.398,2,0.053,0.353,2.306,2,0.014,0.507,2.259,2,-0.096,0.249,2.324,2,-0.197,0.262,2.073,1,0.012,0.347,2.016,1,0.064,0.375,2.028,2,0.198,0.303,2.317,2,0.361,0.131,2.409,2,0.463,-0.041,2.369,2,0.494,-0.098,2.314,2,-0.013,-0.169,2.439,1,-0.047,-0.406,2.622,2,0.204,-0.654,2.891,2,0.249,-0.690,2.839,2,0.152,-0.152,2.438,2,0.073,-0.395,2.119,2,0.049,-0.742,1.966,2,0.059,-0.704,1.883,2,0.055,0.291,2.331,2,0.123,0.408,2.030,2,0.063,0.339,2.072,2,0.531,-0.167,2.296,2,0.465,-0.102,2.266,0,0,0,0
4.634|kb,95604916577080000,6,25,0,1,72057594037972009,2,0.068,-0.161,2.463,2,0.060,0.101,2.383,2,0.051,0.354,2.291,2,0.015,0.500,2.234,2,-0.098,0.246,2.312,2,-0.199,0.259,2.046,1,0.009,0.344,1.994,1,0.066,0.374,2.001,2,0.194,0.301,2.299,2,0.355,0.128,2.399,2,0.458,-0.043,2.356,2,0.489,-0.095,2.300,2,-0.016,-0.168,2.427,1,-0.053,-0.401,2.613,2,0.204,-0.659,2.891,1,0.243,-0.686,2.832,2,0.150,-0.150,2.431,2,0.072,-0.394,2.117,2,0.055,-0.748,1.979,2,0.062,-0.709,1.895,2,0.053,0.291,2.317,2,0.130,0.409,2.012,2,0.080,0.370,2.034,2,0.527,-0.161,2.282,2,0.462,-0.105,2.254,0,0,0,0
4.657|kb,95604919884690000,6,25,0,1,72057594037972009,2,0.066,-0.159,2.452,2,0.049,0.106,2.344,2,0.032,0.362,2.228,2,0.010,0.517,2.199,2,-0.101,0.229,2.249,2,-0.175,0.283,1.979,2,0.022,0.332,1.953,1,0.059,0.366,1.965,2,0.191,0.301,2.282,2,0.345,0.127,2.386,2,0.451,-0.043,2.341,2,0.484,-0.093,2.290,2,-0.018,-0.167,2.414,1,-0.055,-0.399,2.602,2,0.164,-0.622,2.838,2,0.168,-0.667,2.706,2,0.148,-0.146,2.421,2,0.072,-0.392,2.113,2,0.063,-0.739,1.967,2,0.029,-0.728,1.981,2,0.036,0.299,2.258,2,0.129,0.417,1.976,2,0.087,0.381,2.008,2,0.522,-0.162,2.270,2,0.459,-0.097,2.245,0,0,0,0
4.701|kb,95604923279840000,6,25,0,1,72057594037972009,2,0.053,-0.152,2.428,2,0.039,0.112,2.319,2,0.024,0.370,2.196,2,0.009,0.517,2.166,2,-0.105,0.230,2.229,2,-0.175,0.278,1.954,2,0.033,0.337,1.928,1,0.073,0.372,1.943,2,0.184,0.303,2.256,2,0.334,0.129,2.370,2,0.441,-0.040,2.328,2,0.474,-0.089,2.278,2,-0.031,-0.161,2.386,1,-0.071,-0.389,2.578,2,0.121,-0.586,2.791,2,0.148,-0.656,2.685,2,0.136,-0.140,2.401,2,0.069,-0.387,2.105,2,0.065,-0.739,1.969,1,0.084,-0.707,1.886,2,0.028,0.306,2.230,2,0.138,0.418,1.955,2,0.103,0.381,1.992,2,0.514,-0.158,2.265,2,0.454,-0.100,2.223,0,0,0,0
4.724|kb,95604926577060000,6,25,0,1,72057594037972009,2,0.050,-0.147,2.411,2,0.033,0.119,2.292,2,0.016,0.379,2.159,2,0.008,0.519,2.140,2,-0.108,0.222,2.198,2,-0.180,0.275,1.924,2,0.040,0.335,1.901,2,0.086,0.375,1.917,2,0.176,0.306,2.227,2,0.322,0.133,2.351,2,0.431,-0.035,2.316,2,0.459,-0.087,2.267,2,-0.034,-0.157,2.370,1,-0.072,-0.383,2.563,2,0.109,-0.578,2.771,2,0.145,-0.656,2.673,2,0.132,-0.133,2.385,2,0.068,-0.373,2.099,2,0.067,-0.726,1.975,2,0.086,-0.697,1.890,2,0.020,0.315,2.194,2,0.147,0.411,1.951,2,0.066,0.320,1.915,2,0.500,-0.158,2.262,2,0.440,-0.096,2.212,0,0,0,0
4.768|kb,95604929887660000,6,25,0,1,72057594037972009,2,0.040,-0.139,2.392,2,0.020,0.136,2.260,2,0.001,0.404,2.115,2,0.005,0.529,2.097,2,-0.110,0.221,2.176,2,-0.177,0.290,1.924,2,0.041,0.329,1.871,2,0.092,0.375,1.891,2,0.172,0.313,2.203,2,0.309,0.138,2.329,2,0.416,-0.033,2.295,2,0.445,-0.085,2.249,2,-0.043,-0.150,2.347,1,-0.076,-0.373,2.544,2,0.103,-0.567,2.754,2,0.140,-0.647,2.657,2,0.123,-0.125,2.369,2,0.065,-0.364,2.094,2,0.067,-0.719,1.977,2,0.086,-0.690,1.891,2,0.006,0.339,2.152,2,0.150,0.409,1.924,2,0.075,0.328,1.889,2,0.484,-0.151,2.241,2,0.425,-0.095,2.196,0,0,0,0
4.865|kb,95604939886690000,6,25,0,1,72057594037972009,2,0.023,-0.131,2.363,2,0.005,0.147,2.226,2,-0.013,0.417,2.072,2,-0.002,0.528,2.035,1,-0.116,0.222,2.158,2,-0.166,0.270,1.879,2,0.035,0.322,1.823,2,0.084,0.369,1.832,2,0.156,0.322,2.148,2,0.283,0.150,2.277,2,0.371,-0.032,2.245,2,0.396,-0.084,2.196,2,-0.058,-0.144,2.317,2,-0.073,-0.364,2.519,2,0.089,-0.568,2.733,1,0.115,-0.650,2.638,2,0.104,-0.115,2.341,2,0.057,-0.360,2.085,2,0.056,-0.717,1.969,2,0.065,-0.688,1.882,2,-0.008,0.351,2.113,2,0.140,0.406,1.858,2,0.124,0.391,1.873,2,0.426,-0.150,2.177,2,0.372,-0.097,2.144,0,0,0,0
4.888|kb,95604943279490000,6,25,0,1,72057594037972009,2,0.018,-0.129,2.359,2,-0.002,0.149,2.213,2,-0.021,0.420,2.052,2,-0.004,0.535,2.022,1,-0.122,0.223,2.143,2,-0.173,0.274,1.865,2,0.033,0.322,1.815,2,0.081,0.372,1.826,2,0.152,0.326,2.138,2,0.274,0.156,2.265,2,0.359,-0.028,2.235,2,0.381,-0.084,2.182,2,-0.062,-0.143,2.314,2,-0.071,-0.368,2.511,1,0.087,-0.571,2.723,1,0.117,-0.656,2.632,2,0.097,-0.111,2.336,2,0.053,-0.369,2.077,2,0.053,-0.727,1.968,2,0.064,-0.700,1.880,2,-0.016,0.353,2.094,2,0.134,0.405,1.852,2,0.058,0.316,1.805,2,0.410,-0.156,2.170,2,0.355,-0.091,2.132,0,0,0,0
4.935|kb,95604946578500000,6,25,0,1,72057594037972009,2,0.008,-0.125,2.353,2,-0.009,0.151,2.205,2,-0.025,0.420,2.042,2,-0.010,0.535,2.011,1,-0.127,0.223,2.133,2,-0.203,0.321,1.874,2,-0.020,0.301,1.776,2,0.019,0.325,1.789,2,0.144,0.333,2.124,2,0.266,0.157,2.254,2,0.345,-0.029,2.220,2,0.367,-0.082,2.167,2,-0.070,-0.139,2.309,2,-0.078,-0.393,2.501,1,0.067,-0.585,2.702,2,-0.030,-0.639,2.714,2,0.085,-0.108,2.329,2,0.052,-0.368,2.076,2,0.052,-0.726,1.969,2,0.063,-0.700,1.881,2,-0.021,0.354,2.085,2,0.065,0.365,1.786,2,0.048,0.313,1.802,2,0.394,-0.152,2.150,2,0.341,-0.090,2.110,0,0,0,0
4.958|kb,95604949884910000,6,25,0,1,72057594037972009,2,0.002,-0.124,2.349,2,-0.015,0.154,2.199,2,-0.031,0.424,2.036,2,-0.012,0.538,2.005,1,-0.133,0.226,2.127,2,-0.204,0.321,1.871,2,-0.016,0.308,1.782,2,0.018,0.329,1.786,2,0.142,0.333,2.121,2,0.260,0.159,2.249,2,0.336,-0.027,2.211,2,0.355,-0.082,2.156,2,-0.077,-0.138,2.304,2,-0.080,-0.393,2.500,1,-0.068,-0.558,2.589,2,-0.118,-0.559,2.557,2,0.080,-0.107,2.326,2,0.051,-0.368,2.076,2,0.050,-0.726,1.969,2,0.061,-0.699,1.880,2,-0.027,0.357,2.079,2,0.064,0.373,1.788,2,0.040,0.313,1.793,2,0.380,-0.151,2.136,2,0.322,-0.086,2.109,0,0,0,0
5.000|kb,95604953280530000,6,25,0,1,72057594037972009,2,-0.033,-0.087,2.330,2,-0.030,0.169,2.190,2,-0.034,0.426,2.034,2,-0.015,0.540,2.002,2,-0.145,0.407,2.035,2,-0.209,0.276,1.803,2,-0.008,0.311,1.782,2,0.029,0.344,1.790,2,0.139,0.335,2.119,2,0.252,0.162,2.244,2,0.327,-0.025,2.204,2,0.346,-0.083,2.151,2,-0.107,-0.083,2.297,2,-0.096,-0.392,2.507,2,-0.079,-0.579,2.738,2,-0.060,-0.690,2.675,2,0.041,-0.087,2.296,2,0.047,-0.376,2.074,2,0.045,-0.733,1.968,2,0.059,-0.707,1.879,2,-0.032,0.362,2.075,2,0.104,0.405,1.796,2,0.035,0.312,1.797,2,0.367,-0.150,2.134,2,0.312,-0.083,2.091,0,0,0,0
5.024|kb,95604956577830000,6,25,0,1,72057594037972009,2,-0.038,-0.086,2.332,2,-0.037,0.174,2.190,2,-0.038,0.430,2.034,2,-0.018,0.544,2.001,1,-0.146,0.409,2.037,2,-0.222,0.319,1.855,2,-0.017,0.310,1.783,2,0.014,0.334,1.790,2,0.135,0.335,2.120,2,0.246,0.163,2.245,2,0.320,-0.023,2.203,2,0.337,-0.081,2.152,2,-0.111,-0.082,2.298,2,-0.111,-0.401,2.521,2,-0.095,-0.657,2.799,2,-0.116,-0.730,2.791,2,0.037,-0.088,2.297,2,0.044,-0.374,2.076,2,0.043,-0.731,1.970,2,0.057,-0.705,1.881,2,-0.037,0.367,2.075,2,0.051,0.371,1.792,2,0.029,0.315,1.797,2,0.360,-0.149,2.128,2,0.310,-0.078,2.102,0,0,0,0
5.067|kb,95604959885740000,6,25,0,1,72057594037972009,2,-0.042,-0.087,2.335,2,-0.042,0.175,2.194,2,-0.043,0.431,2.039,2,-0.023,0.545,2.007,2,-0.151,0.409,2.041,2,-0.221,0.320,1.857,2,-0.017,0.312,1.784,2,0.013,0.339,1.796,2,0.130,0.336,2.125,2,0.236,0.165,2.250,2,0.311,-0.021,2.206,2,0.330,-0.080,2.156,2,-0.115,-0.083,2.302,2,-0.121,-0.411,2.528,2,-0.090,-0.676,2.713,2,-0.073,-0.735,2.596,2,0.032,-0.088,2.300,2,0.041,-0.374,2.077,2,0.042,-0.730,1.970,2,0.057,-0.705,1.882,2,-0.043,0.368,2.080,2,0.049,0.381,1.804,2,0.024,0.317,1.804,2,0.351,-0.148,2.134,2,0.302,-0.078,2.100,0,0,0,0
5.091|kb,95604963281620000,6,25,0,1,72057594037972009,2,-0.052,-0.088,2.343,2,-0.052,0.176,2.202,2,-0.052,0.435,2.050,2,-0.029,0.550,2.020,2,-0.156,0.407,2.050,2,-0.225,0.278,1.819,2,-0.019,0.315,1.791,2,0.032,0.362,1.816,2,0.123,0.338,2.138,2,0.226,0.166,2.262,2,0.301,-0.019,2.213,2,0.324,-0.079,2.167,2,-0.124,-0.084,2.308,2,-0.138,-0.422,2.545,2,-0.148,-0.728,2.794,2,-0.133,-0.779,2.752,2,0.021,-0.090,2.310,2,0.037,-0.374,2.079,2,0.041,-0.731,1.972,2,0.058,-0.705,1.884,2,-0.052,0.372,2.090,2,0.103,0.408,1.841,2,0.019,0.328,1.786,2,0.348,-0.147,2.142,2,0.296,-0.076,2.111,0,0,0,0
5.136|kb,95604966577810000,6,25,0,1,72057594037972009,2,-0.060,-0.090,2.350,2,-0.060,0.177,2.213,2,-0.061,0.437,2.065,2,-0.035,0.553,2.038,1,-0.164,0.406,2.065,2,-0.227,0.279,1.823,2,-0.020,0.336,1.816,2,0.032,0.370,1.835,2,0.114,0.337,2.156,2,0.216,0.165,2.281,2,0.291,-0.019,2.227,2,0.316,-0.076,2.184,2,-0.132,-0.086,2.315,2,-0.157,-0.395,2.527,2,-0.150,-0.727,2.801,2,-0.169,-0.755,2.760,2,0.015,-0.092,2.317,2,0.029,-0.376,2.083,2,0.040,-0.733,1.972,2,0.057,-0.705,1.885,2,-0.061,0.373,2.104,2,0.101,0.412,1.858,2,0.024,0.328,1.837,2,0.343,-0.146,2.155,2,0.293,-0.074,2.131,0,0,0,0
5.168|kb,95604969884480000,6,25,0,1,72057594037972009,2,-0.066,-0.092,2.357,2,-0.066,0.176,2.221,2,-0.065,0.437,2.073,2,-0.039,0.560,2.055,2,-0.164,0.406,2.065,2,-0.228,0.287,1.847,2,-0.029,0.330,1.828,2,0.023,0.370,1.853,2,0.111,0.337,2.165,2,0.207,0.161,2.300,2,0.283,-0.023,2.248,2,0.312,-0.079,2.202,2,-0.137,-0.087,2.321,2,-0.157,-0.395,2.526,2,-0.155,-0.715,2.822,2,-0.179,-0.743,2.753,2,0.006,-0.094,2.326,2,0.025,-0.378,2.085,2,0.040,-0.735,1.972,2,0.059,-0.706,1.886,2,-0.065,0.373,2.112,2,0.096,0.416,1.881,2,0.014,0.327,1.858,2,0.339,-0.146,2.177,2,0.287,-0.076,2.141,0,0,0,0
5.191|kb,95604973278340000,6,25,0,1,72057594037972009,2,-0.073,-0.094,2.363,2,-0.074,0.174,2.236,2,-0.075,0.436,2.103,2,-0.046,0.555,2.082,1,-0.166,0.407,2.076,2,-0.232,0.290,1.868,2,-0.032,0.330,1.844,2,0.016,0.371,1.871,2,0.102,0.341,2.205,2,0.197,0.159,2.322,2,0.277,-0.023,2.271,2,0.305,-0.077,2.224,2,-0.142,-0.088,2.326,2,-0.158,-0.407,2.533,2,-0.145,-0.707,2.835,2,-0.187,-0.738,2.751,2,-0.002,-0.096,2.333,2,0.021,-0.380,2.088,2,0.039,-0.735,1.972,2,0.067,-0.704,1.888,2,-0.075,0.371,2.138,2,0.090,0.422,1.892,2,0.007,0.332,1.860,2,0.336,-0.145,2.205,2,0.287,-0.077,2.161,0,0,0,0
5.233|kb,95604976579880000,6,25,0,1,72057594037972009,2,-0.083,-0.095,2.374,2,-0.082,0.174,2.255,2,-0.079,0.437,2.125,2,-0.052,0.558,2.107,1,-0.171,0.409,2.105,2,-0.234,0.291,1.888,2,-0.035,0.335,1.869,2,0.015,0.378,1.895,2,0.099,0.342,2.217,2,0.186,0.157,2.346,2,0.270,-0.023,2.295,2,0.299,-0.076,2.251,2,-0.152,-0.088,2.336,2,-0.161,-0.386,2.529,2,-0.143,-0.692,2.825,2,-0.179,-0.727,2.768,2,-0.012,-0.099,2.345,2,0.018,-0.375,2.094,2,0.035,-0.730,1.973,2,0.058,-0.698,1.888,2,-0.080,0.372,2.160,2,0.083,0.427,1.915,2,0.014,0.353,1.907,2,0.332,-0.141,2.223,2,0.283,-0.077,2.196,0,0,0,0
5.258|kb,95604979884370000,6,25,0,1,72057594037972009,2,-0.088,-0.098,2.382,2,-0.084,0.174,2.263,2,-0.080,0.438,2.134,2,-0.057,0.568,2.129,2,-0.182,0.364,2.143,2,-0.239,0.295,1.910,2,-0.040,0.338,1.885,2,0.010,0.381,1.913,2,0.097,0.344,2.227,2,0.179,0.155,2.366,2,0.261,-0.029,2.327,2,0.294,-0.078,2.279,2,-0.158,-0.092,2.342,2,-0.145,-0.427,2.563,2,-0.140,-0.710,2.846,2,-0.197,-0.742,2.756,2,-0.015,-0.101,2.355,2,0.016,-0.373,2.099,2,0.034,-0.728,1.972,2,0.053,-0.695,1.887,2,-0.081,0.373,2.168,2,0.083,0.429,1.936,2,0.003,0.400,1.916,2,0.328,-0.146,2.257,2,0.280,-0.078,2.223,0,0,0,0
