0.000|kb,95478903221990000,6,25,1,72057594037964220,2,-0.135,-0.152,2.663,2,-0.162,0.103,2.532,2,-0.188,0.352,2.389,2,-0.197,0.472,2.300,2,-0.296,0.272,2.423,2,-0.378,0.195,2.223,2,-0.339,0.303,2.162,2,-0.308,0.367,2.140,2,-0.025,0.284,2.379,2,0.082,0.145,2.233,2,-0.010,0.275,2.167,2,-0.048,0.331,2.143,2,-0.215,-0.154,2.632,2,-0.442,-0.305,2.455,2,-0.491,-0.710,2.498,2,-0.490,-0.722,2.380,2,-0.052,-0.146,2.626,2,0.181,-0.272,2.429,2,0.296,-0.697,2.460,2,0.269,-0.712,2.344,2,-0.182,0.291,2.427,2,-0.286,0.438,2.110,2,-0.282,0.376,2.162,2,-0.057,0.400,2.108,2,-0.075,0.352,2.163,0,0,0,0,0
0.046|kb,95478906516380000,6,25,1,72057594037964220,2,-0.135,-0.152,2.662,2,-0.162,0.103,2.532,2,-0.187,0.352,2.389,2,-0.195,0.472,2.298,2,-0.296,0.272,2.422,2,-0.378,0.194,2.222,2,-0.338,0.302,2.161,2,-0.306,0.366,2.136,2,-0.025,0.283,2.379,2,0.083,0.145,2.233,1,-0.040,0.320,2.150,2,-0.046,0.331,2.142,2,-0.215,-0.155,2.632,2,-0.442,-0.305,2.454,2,-0.492,-0.710,2.498,2,-0.490,-0.722,2.380,2,-0.051,-0.146,2.625,2,0.181,-0.272,2.429,2,0.296,-0.698,2.460,2,0.269,-0.713,2.343,2,-0.181,0.291,2.427,2,-0.285,0.437,2.105,2,-0.279,0.382,2.162,2,-0.059,0.400,2.105,2,-0.071,0.353,2.164,0,0,0,0,0
0.411|kb,95478943229110000,6,25,1,72057594037964220,2,-0.133,-0.156,2.658,2,-0.156,0.099,2.525,2,-0.177,0.347,2.381,2,-0.188,0.467,2.288,2,-0.295,0.264,2.416,2,-0.372,0.186,2.214,2,-0.322,0.302,2.146,2,-0.290,0.364,2.121,2,-0.022,0.277,2.380,2,0.092,0.141,2.237,1,-0.028,0.317,2.152,2,-0.042,0.344,2.145,2,-0.213,-0.158,2.626,2,-0.441,-0.305,2.447,2,-0.491,-0.707,2.495,2,-0.487,-0.720,2.376,2,-0.049,-0.150,2.622,2,0.185,-0.272,2.425,2,0.295,-0.698,2.462,2,0.271,-0.714,2.345,2,-0.172,0.286,2.419,2,-0.273,0.436,2.098,2,-0.265,0.375,2.139,2,-0.061,0.400,2.101,2,-0.057,0.363,2.186,0,0,0,0,0
0.441|kb,95478946515940000,6,25,1,72057594037964220,2,-0.133,-0.156,2.658,2,-0.155,0.099,2.523,2,-0.175,0.350,2.373,2,-0.188,0.467,2.288,2,-0.295,0.264,2.416,2,-0.372,0.186,2.214,2,-0.276,0.358,2.114,2,-0.289,0.366,2.123,2,-0.022,0.277,2.380,2,0.092,0.141,2.237,1,-0.028,0.316,2.152,2,-0.036,0.323,2.144,2,-0.213,-0.158,2.626,2,-0.441,-0.306,2.447,2,-0.491,-0.707,2.495,2,-0.487,-0.721,2.377,2,-0.049,-0.150,2.622,2,0.185,-0.272,2.425,2,0.295,-0.699,2.461,2,0.271,-0.715,2.345,2,-0.171,0.288,2.413,2,-0.274,0.436,2.098,2,-0.260,0.380,2.136,2,-0.054,0.393,2.100,2,-0.059,0.350,2.178,0,0,0,0,0
0.464|kb,95478949815850000,6,25,1,72057594037964220,2,-0.133,-0.157,2.657,2,-0.155,0.099,2.523,2,-0.175,0.350,2.373,2,-0.188,0.467,2.288,2,-0.295,0.265,2.416,2,-0.372,0.187,2.214,2,-0.275,0.358,2.113,2,-0.289,0.365,2.122,2,-0.022,0.277,2.380,2,0.091,0.141,2.236,1,-0.028,0.315,2.152,2,-0.037,0.321,2.140,2,-0.214,-0.158,2.625,2,-0.442,-0.306,2.447,2,-0.491,-0.707,2.495,2,-0.487,-0.721,2.377,2,-0.050,-0.151,2.621,2,0.185,-0.272,2.425,2,0.296,-0.700,2.462,2,0.272,-0.716,2.345,2,-0.170,0.288,2.413,2,-0.273,0.436,2.097,2,-0.261,0.388,2.140,2,-0.060,0.392,2.099,2,-0.062,0.339,2.161,0,0,0,0,0
0.506|kb,95478953223610000,6,25,1,72057594037964220,2,-0.134,-0.157,2.657,2,-0.155,0.098,2.522,2,-0.174,0.347,2.373,2,-0.188,0.466,2.287,2,-0.295,0.263,2.414,2,-0.373,0.186,2.211,2,-0.274,0.358,2.114,2,-0.289,0.367,2.122,2,-0.025,0.267,2.374,2,0.096,0.136,2.232,1,-0.028,0.314,2.151,2,-0.039,0.320,2.139,2,-0.214,-0.159,2.625,2,-0.442,-0.306,2.446,2,-0.491,-0.707,2.495,2,-0.489,-0.721,2.377,2,-0.050,-0.152,2.621,2,0.186,-0.272,2.424,2,0.295,-0.700,2.462,2,0.269,-0.716,2.345,2,-0.170,0.286,2.413,2,-0.273,0.436,2.100,2,-0.261,0.382,2.140,2,-0.064,0.391,2.098,2,-0.060,0.341,2.171,0,0,0,0,0
0.529|kb,95478956515830000,6,25,1,72057594037964220,2,-0.133,-0.158,2.657,2,-0.155,0.097,2.522,2,-0.174,0.346,2.373,2,-0.189,0.466,2.287,2,-0.295,0.263,2.413,2,-0.373,0.186,2.211,2,-0.274,0.359,2.114,2,-0.281,0.401,2.129,2,-0.025,0.269,2.374,2,0.094,0.133,2.235,1,-0.026,0.310,2.151,2,-0.045,0.334,2.140,2,-0.214,-0.159,2.625,2,-0.442,-0.306,2.446,2,-0.491,-0.707,2.495,2,-0.489,-0.721,2.377,2,-0.050,-0.152,2.620,2,0.186,-0.272,2.423,2,0.296,-0.700,2.462,2,0.270,-0.717,2.345,2,-0.169,0.285,2.413,2,-0.255,0.453,2.091,2,-0.237,0.457,2.156,2,-0.065,0.391,2.095,2,-0.060,0.356,2.187,0,0,0,0,0
0.574|kb,95478959823180000,6,25,1,72057594037964220,2,-0.134,-0.158,2.656,2,-0.155,0.096,2.522,2,-0.174,0.344,2.374,2,-0.189,0.465,2.286,2,-0.295,0.263,2.413,2,-0.359,0.218,2.197,2,-0.257,0.388,2.099,2,-0.264,0.433,2.133,2,-0.025,0.269,2.374,2,0.094,0.132,2.236,1,-0.026,0.308,2.151,2,-0.042,0.313,2.141,2,-0.214,-0.159,2.625,2,-0.442,-0.306,2.446,2,-0.491,-0.707,2.495,2,-0.489,-0.721,2.377,2,-0.050,-0.153,2.620,2,0.186,-0.272,2.423,2,0.296,-0.700,2.462,2,0.270,-0.717,2.345,2,-0.169,0.283,2.413,2,-0.209,0.485,2.153,2,-0.241,0.437,2.149,2,-0.065,0.384,2.095,2,-0.063,0.347,2.180,0,0,0,0,0
0.598|kb,95478963223890000,6,25,1,72057594037964220,2,-0.134,-0.159,2.655,2,-0.155,0.096,2.521,2,-0.173,0.344,2.373,2,-0.190,0.465,2.286,2,-0.295,0.264,2.413,2,-0.371,0.196,2.207,2,-0.270,0.368,2.110,1,-0.278,0.413,2.131,2,-0.025,0.269,2.374,2,0.094,0.131,2.238,1,-0.027,0.305,2.151,2,-0.043,0.309,2.138,2,-0.214,-0.160,2.625,2,-0.443,-0.306,2.446,2,-0.491,-0.707,2.495,2,-0.489,-0.721,2.377,2,-0.051,-0.155,2.617,2,0.186,-0.272,2.422,2,0.295,-0.699,2.461,2,0.270,-0.716,2.345,2,-0.169,0.283,2.413,2,-0.249,0.456,2.108,2,-0.233,0.445,2.151,2,-0.065,0.379,2.093,2,-0.062,0.347,2.179,0,0,0,0,0
0.640|kb,95478966526700000,6,25,1,72057594037964220,2,-0.135,-0.159,2.655,2,-0.156,0.096,2.521,2,-0.176,0.345,2.375,2,-0.191,0.464,2.286,2,-0.295,0.264,2.414,2,-0.373,0.195,2.208,2,-0.326,0.307,2.148,2,-0.295,0.372,2.130,2,-0.025,0.270,2.374,2,0.094,0.128,2.241,1,-0.027,0.302,2.151,2,-0.048,0.322,2.142,2,-0.214,-0.160,2.625,2,-0.443,-0.306,2.446,2,-0.491,-0.707,2.496,2,-0.489,-0.722,2.377,2,-0.052,-0.155,2.617,2,0.186,-0.273,2.421,2,0.295,-0.700,2.461,2,0.270,-0.717,2.344,2,-0.171,0.284,2.414,2,-0.270,0.443,2.101,2,-0.262,0.388,2.156,2,-0.068,0.374,2.093,2,-0.068,0.333,2.169,0,0,0,0,0
0.662|kb,95478969814260000,6,25,1,72057594037964220,2,-0.141,-0.164,2.653,2,-0.159,0.094,2.520,2,-0.177,0.344,2.375,2,-0.194,0.462,2.286,2,-0.296,0.264,2.414,2,-0.374,0.195,2.209,2,-0.326,0.315,2.149,2,-0.298,0.378,2.134,2,-0.026,0.270,2.373,2,0.093,0.125,2.245,2,0.003,0.256,2.171,2,-0.046,0.298,2.141,2,-0.218,-0.162,2.625,2,-0.445,-0.309,2.444,2,-0.491,-0.707,2.496,2,-0.490,-0.722,2.377,2,-0.062,-0.163,2.612,2,0.184,-0.272,2.422,2,0.294,-0.698,2.459,2,0.269,-0.715,2.342,2,-0.172,0.283,2.413,2,-0.272,0.450,2.102,2,-0.267,0.397,2.168,2,-0.067,0.362,2.095,2,-0.068,0.311,2.164,0,0,0,0,0
0.700|kb,95478973224590000,6,25,1,72057594037964220,2,-0.141,-0.164,2.654,2,-0.160,0.093,2.520,2,-0.179,0.344,2.374,2,-0.200,0.461,2.286,2,-0.296,0.264,2.414,2,-0.384,0.193,2.214,2,-0.283,0.365,2.119,2,-0.303,0.387,2.145,2,-0.035,0.265,2.368,2,0.094,0.121,2.248,2,0.003,0.240,2.171,2,-0.047,0.280,2.139,2,-0.219,-0.163,2.626,2,-0.446,-0.309,2.445,2,-0.491,-0.707,2.496,2,-0.493,-0.722,2.378,2,-0.061,-0.163,2.612,2,0.181,-0.273,2.419,2,0.294,-0.698,2.456,2,0.265,-0.716,2.340,2,-0.174,0.282,2.412,2,-0.281,0.458,2.119,2,-0.259,0.410,2.193,2,-0.065,0.345,2.086,2,-0.063,0.310,2.172,0,0,0,0,0
0.739|kb,95478976515860000,6,25,1,72057594037964220,2,-0.146,-0.167,2.653,2,-0.167,0.092,2.518,2,-0.189,0.345,2.372,2,-0.212,0.462,2.288,2,-0.297,0.265,2.415,2,-0.389,0.219,2.210,1,-0.276,0.441,2.109,1,-0.243,0.483,2.175,2,-0.042,0.263,2.364,2,0.093,0.118,2.253,2,0.001,0.231,2.171,2,-0.051,0.269,2.135,2,-0.223,-0.164,2.627,2,-0.448,-0.311,2.444,2,-0.491,-0.708,2.496,2,-0.495,-0.723,2.378,2,-0.066,-0.166,2.610,2,0.176,-0.275,2.414,2,0.293,-0.698,2.456,2,0.262,-0.717,2.339,2,-0.183,0.282,2.410,2,-0.220,0.524,2.170,2,-0.206,0.450,2.158,2,-0.071,0.332,2.099,2,-0.074,0.302,2.165,0,0,0,0,0
0.762|kb,95478979813330000,6,25,1,72057594037964220,2,-0.153,-0.167,2.652,2,-0.176,0.093,2.518,2,-0.198,0.348,2.371,2,-0.231,0.465,2.292,2,-0.309,0.267,2.422,2,-0.440,0.171,2.262,2,-0.270,0.409,2.215,1,-0.261,0.459,2.206,2,-0.086,0.258,2.340,2,0.080,0.128,2.265,2,-0.005,0.217,2.173,2,-0.056,0.247,2.127,2,-0.228,-0.163,2.629,2,-0.451,-0.312,2.444,2,-0.491,-0.709,2.497,2,-0.509,-0.723,2.383,2,-0.075,-0.168,2.607,2,0.166,-0.273,2.408,2,0.290,-0.695,2.447,2,0.246,-0.715,2.335,2,-0.193,0.285,2.410,2,-0.222,0.536,2.178,2,-0.216,0.428,2.174,2,-0.075,0.313,2.086,2,-0.078,0.281,2.153,0,0,0,0,0
0.800|kb,95478983223540000,6,25,1,72057594037964220,2,-0.157,-0.166,2.651,2,-0.185,0.098,2.517,2,-0.213,0.357,2.371,2,-0.247,0.470,2.300,2,-0.313,0.274,2.423,2,-0.456,0.170,2.282,2,-0.278,0.399,2.224,1,-0.264,0.443,2.216,2,-0.084,0.259,2.342,2,0.075,0.119,2.269,1,-0.054,0.230,2.120,2,-0.065,0.228,2.115,2,-0.233,-0.160,2.632,2,-0.453,-0.314,2.449,2,-0.491,-0.709,2.499,2,-0.508,-0.723,2.384,2,-0.081,-0.168,2.601,2,0.158,-0.277,2.401,2,0.282,-0.689,2.441,2,0.238,-0.710,2.328,2,-0.206,0.293,2.409,2,-0.227,0.515,2.167,2,-0.224,0.412,2.196,2,-0.083,0.294,2.065,2,-0.095,0.274,2.144,0,0,0,0,0
0.849|kb,95478986515710000,6,25,1,72057594037964220,2,-0.163,-0.162,2.648,2,-0.191,0.096,2.515,2,-0.221,0.347,2.369,2,-0.265,0.477,2.309,2,-0.360,0.297,2.441,2,-0.488,0.142,2.342,2,-0.353,0.397,2.278,1,-0.334,0.441,2.246,2,-0.110,0.281,2.319,2,0.035,0.124,2.252,2,-0.034,0.187,2.154,2,-0.085,0.219,2.095,2,-0.235,-0.158,2.632,2,-0.455,-0.315,2.453,2,-0.491,-0.710,2.500,2,-0.517,-0.723,2.390,2,-0.091,-0.163,2.593,2,0.144,-0.280,2.392,2,0.274,-0.681,2.437,2,0.221,-0.705,2.329,2,-0.214,0.286,2.407,2,-0.306,0.510,2.215,2,-0.270,0.389,2.211,2,-0.101,0.283,2.045,2,-0.115,0.274,2.132,0,0,0,0,0
0.874|kb,95478989815530000,6,25,1,72057594037964220,2,-0.166,-0.159,2.644,2,-0.203,0.108,2.511,2,-0.244,0.377,2.370,2,-0.282,0.485,2.318,2,-0.356,0.296,2.442,1,-0.506,0.152,2.364,1,-0.378,0.371,2.350,1,-0.368,0.413,2.302,2,-0.107,0.293,2.310,2,0.046,0.097,2.272,2,-0.061,0.186,2.126,2,-0.111,0.219,2.068,2,-0.235,-0.156,2.631,2,-0.458,-0.315,2.458,2,-0.491,-0.712,2.502,2,-0.518,-0.723,2.392,2,-0.096,-0.159,2.587,2,0.132,-0.286,2.384,2,0.269,-0.677,2.437,2,0.215,-0.705,2.328,2,-0.234,0.310,2.407,2,-0.353,0.486,2.286,2,-0.350,0.385,2.416,2,-0.126,0.281,2.011,2,-0.137,0.272,2.095,0,0,0,0,0
0.896|kb,95478993223850000,6,25,1,72057594037964220,2,-0.169,-0.156,2.639,2,-0.212,0.115,2.510,2,-0.258,0.384,2.374,2,-0.300,0.491,2.330,2,-0.363,0.300,2.454,1,-0.529,0.161,2.436,1,-0.387,0.377,2.366,1,-0.386,0.417,2.321,2,-0.109,0.297,2.304,2,0.009,0.079,2.276,2,-0.124,0.203,2.058,2,-0.147,0.230,2.031,2,-0.236,-0.154,2.629,2,-0.463,-0.314,2.464,2,-0.491,-0.714,2.505,2,-0.522,-0.723,2.396,2,-0.100,-0.155,2.580,2,0.121,-0.292,2.376,2,0.261,-0.673,2.436,2,0.204,-0.706,2.329,2,-0.247,0.318,2.410,2,-0.373,0.490,2.293,2,-0.385,0.478,2.290,2,-0.159,0.295,1.975,2,-0.178,0.249,2.051,0,0,0,0,0
0.940|kb,95478996521410000,6,25,1,72057594037964220,2,-0.170,-0.154,2.638,2,-0.224,0.123,2.513,2,-0.287,0.399,2.384,2,-0.322,0.504,2.338,2,-0.381,0.310,2.455,1,-0.535,0.158,2.455,1,-0.411,0.355,2.422,1,-0.389,0.380,2.409,2,-0.119,0.308,2.288,2,-0.058,0.133,2.148,2,-0.192,0.222,1.992,2,-0.188,0.246,1.985,2,-0.236,-0.152,2.628,2,-0.466,-0.313,2.469,2,-0.491,-0.715,2.508,2,-0.526,-0.723,2.401,2,-0.101,-0.153,2.579,2,0.112,-0.296,2.370,2,0.256,-0.672,2.437,2,0.198,-0.708,2.331,2,-0.271,0.331,2.418,2,-0.391,0.422,2.318,2,-0.326,0.359,2.391,2,-0.194,0.314,1.937,2,-0.217,0.270,1.995,0,0,0,0,0
0.965|kb,95478999815760000,6,25,1,72057594037964220,2,-0.172,-0.151,2.636,2,-0.229,0.155,2.490,2,-0.281,0.453,2.329,2,-0.378,0.551,2.320,2,-0.410,0.297,2.519,1,-0.551,0.151,2.426,1,-0.421,0.335,2.471,1,-0.407,0.361,2.478,2,-0.151,0.333,2.308,2,-0.108,0.150,2.080,2,-0.236,0.243,1.922,2,-0.238,0.271,1.927,2,-0.236,-0.151,2.625,2,-0.470,-0.312,2.474,2,-0.492,-0.719,2.512,2,-0.531,-0.727,2.410,2,-0.106,-0.145,2.580,2,0.101,-0.296,2.371,2,0.250,-0.669,2.436,2,0.189,-0.710,2.335,2,-0.268,0.381,2.370,2,-0.387,0.406,2.491,2,-0.416,0.335,2.487,2,-0.240,0.340,1.887,2,-0.266,0.289,1.931,0,0,0,0,0
1.006|kb,95479003222410000,6,25,1,72057594037964220,2,-0.169,-0.161,2.638,2,-0.228,0.149,2.491,2,-0.281,0.450,2.331,2,-0.379,0.557,2.337,2,-0.409,0.288,2.522,1,-0.564,0.148,2.448,1,-0.410,0.384,2.439,1,-0.437,0.431,2.353,2,-0.152,0.331,2.313,2,-0.166,0.178,2.047,2,-0.281,0.246,1.867,2,-0.288,0.273,1.876,2,-0.233,-0.165,2.628,2,-0.477,-0.309,2.474,2,-0.494,-0.721,2.515,2,-0.533,-0.729,2.412,2,-0.102,-0.154,2.582,2,0.099,-0.301,2.362,2,0.243,-0.667,2.436,2,0.184,-0.709,2.334,2,-0.269,0.377,2.373,2,-0.432,0.476,2.344,2,-0.432,0.474,2.335,2,-0.300,0.336,1.855,2,-0.312,0.267,1.845,0,0,0,0,0
1.035|kb,95479006513430000,6,25,1,72057594037964220,2,-0.169,-0.163,2.639,2,-0.230,0.148,2.492,2,-0.290,0.449,2.332,2,-0.379,0.561,2.334,2,-0.416,0.284,2.520,1,-0.565,0.131,2.464,1,-0.410,0.381,2.441,1,-0.408,0.397,2.368,2,-0.155,0.324,2.320,2,-0.215,0.215,2.048,2,-0.320,0.260,1.855,2,-0.354,0.310,1.815,2,-0.234,-0.166,2.629,2,-0.480,-0.307,2.477,2,-0.494,-0.720,2.516,2,-0.532,-0.729,2.413,2,-0.100,-0.157,2.582,2,0.097,-0.304,2.360,2,0.237,-0.665,2.437,2,0.180,-0.709,2.334,2,-0.275,0.375,2.374,2,-0.414,0.408,2.340,1,-0.401,0.389,2.358,2,-0.364,0.381,1.774,2,-0.374,0.294,1.780,0,0,0,0,0
1.073|kb,95479009814410000,6,25,1,72057594037964220,2,-0.169,-0.164,2.639,2,-0.235,0.146,2.493,2,-0.310,0.448,2.334,2,-0.416,0.551,2.353,2,-0.419,0.279,2.521,1,-0.553,0.108,2.508,1,-0.410,0.362,2.458,1,-0.438,0.409,2.364,2,-0.165,0.315,2.332,2,-0.250,0.268,2.123,2,-0.331,0.261,1.858,2,-0.399,0.308,1.785,2,-0.234,-0.167,2.630,2,-0.482,-0.307,2.481,2,-0.496,-0.720,2.519,2,-0.533,-0.729,2.415,2,-0.100,-0.157,2.581,2,0.096,-0.307,2.359,2,0.234,-0.664,2.437,2,0.179,-0.709,2.334,2,-0.291,0.374,2.376,2,-0.450,0.450,2.362,2,-0.418,0.382,2.338,2,-0.407,0.349,1.744,2,-0.422,0.299,1.752,0,0,0,0,0
1.095|kb,95479013221230000,6,25,1,72057594037964220,2,-0.170,-0.166,2.638,2,-0.246,0.144,2.492,2,-0.331,0.448,2.337,2,-0.424,0.562,2.351,2,-0.428,0.262,2.530,1,-0.567,0.096,2.501,1,-0.418,0.347,2.461,1,-0.453,0.415,2.370,2,-0.168,0.311,2.335,2,-0.288,0.289,2.089,2,-0.400,0.288,1.826,2,-0.462,0.351,1.745,2,-0.235,-0.169,2.631,2,-0.484,-0.308,2.483,2,-0.498,-0.721,2.521,2,-0.533,-0.731,2.417,2,-0.100,-0.160,2.576,2,0.099,-0.310,2.356,2,0.233,-0.664,2.438,2,0.179,-0.710,2.334,2,-0.310,0.373,2.378,2,-0.457,0.431,2.364,1,-0.442,0.402,2.344,2,-0.467,0.403,1.724,2,-0.478,0.324,1.725,0,0,0,0,0
1.139|kb,95479016514000000,6,25,1,72057594037964220,2,-0.168,-0.168,2.637,2,-0.248,0.144,2.492,2,-0.332,0.449,2.338,2,-0.437,0.554,2.354,2,-0.429,0.261,2.530,1,-0.566,0.092,2.505,1,-0.418,0.345,2.463,1,-0.413,0.411,2.459,2,-0.171,0.309,2.336,2,-0.305,0.301,2.114,2,-0.379,0.283,1.902,2,-0.499,0.354,1.732,2,-0.235,-0.172,2.630,2,-0.487,-0.308,2.485,2,-0.499,-0.722,2.522,2,-0.535,-0.732,2.418,2,-0.098,-0.162,2.574,2,0.100,-0.311,2.354,2,0.233,-0.664,2.438,2,0.179,-0.710,2.334,2,-0.312,0.373,2.378,1,-0.417,0.427,2.453,1,-0.402,0.398,2.433,2,-0.506,0.416,1.684,2,-0.533,0.385,1.730,0,0,0,0,0
1.163|kb,95479019813660000,6,25,1,72057594037964220,2,-0.166,-0.175,2.637,2,-0.249,0.142,2.493,2,-0.334,0.449,2.338,2,-0.446,0.547,2.358,2,-0.431,0.259,2.530,1,-0.564,0.088,2.511,1,-0.419,0.342,2.466,1,-0.413,0.407,2.462,2,-0.197,0.292,2.345,2,-0.314,0.313,2.112,2,-0.407,0.315,1.906,2,-0.518,0.353,1.729,2,-0.234,-0.179,2.634,2,-0.488,-0.306,2.484,2,-0.501,-0.730,2.523,2,-0.520,-0.745,2.464,2,-0.091,-0.170,2.570,2,0.106,-0.317,2.346,2,0.232,-0.664,2.438,2,0.176,-0.711,2.336,2,-0.313,0.373,2.379,1,-0.417,0.424,2.456,1,-0.403,0.396,2.435,2,-0.534,0.420,1.668,2,-0.553,0.389,1.727,0,0,0,0,0
1.207|kb,95479023221850000,6,25,1,72057594037964220,2,-0.165,-0.176,2.635,2,-0.249,0.142,2.493,2,-0.335,0.450,2.339,2,-0.453,0.540,2.361,2,-0.432,0.258,2.530,1,-0.561,0.083,2.517,2,-0.468,0.322,2.364,1,-0.437,0.429,2.300,2,-0.198,0.291,2.346,2,-0.319,0.313,2.115,2,-0.414,0.314,1.905,2,-0.530,0.349,1.730,2,-0.233,-0.180,2.632,2,-0.490,-0.306,2.486,2,-0.502,-0.735,2.524,2,-0.523,-0.745,2.462,2,-0.091,-0.170,2.569,2,0.106,-0.316,2.345,2,0.232,-0.663,2.438,2,0.176,-0.710,2.336,2,-0.314,0.374,2.379,2,-0.411,0.447,2.286,2,-0.408,0.407,2.274,2,-0.546,0.414,1.665,2,-0.566,0.385,1.729,0,0,0,0,0
1.229|kb,95479026513340000,6,25,1,72057594037964220,2,-0.166,-0.170,2.630,2,-0.252,0.144,2.491,2,-0.338,0.450,2.339,2,-0.459,0.537,2.362,2,-0.433,0.257,2.530,1,-0.561,0.081,2.517,1,-0.468,0.320,2.364,1,-0.439,0.425,2.297,2,-0.199,0.290,2.346,2,-0.321,0.313,2.116,2,-0.419,0.313,1.904,2,-0.535,0.345,1.729,2,-0.232,-0.173,2.613,2,-0.493,-0.310,2.491,2,-0.502,-0.739,2.525,2,-0.525,-0.745,2.460,2,-0.096,-0.161,2.571,2,0.100,-0.312,2.349,2,0.232,-0.663,2.437,2,0.176,-0.711,2.335,2,-0.316,0.374,2.379,2,-0.411,0.440,2.282,2,-0.408,0.408,2.273,2,-0.555,0.409,1.662,2,-0.571,0.379,1.730,0,0,0,0,0
1.274|kb,95479029820300000,6,25,1,72057594037964220,2,-0.168,-0.165,2.626,2,-0.254,0.145,2.490,2,-0.340,0.450,2.339,2,-0.462,0.535,2.362,2,-0.434,0.255,2.530,1,-0.558,0.077,2.518,1,-0.468,0.317,2.365,1,-0.439,0.423,2.296,2,-0.200,0.288,2.346,2,-0.323,0.312,2.116,2,-0.422,0.312,1.904,2,-0.537,0.341,1.732,2,-0.232,-0.166,2.621,2,-0.486,-0.309,2.491,2,-0.503,-0.741,2.524,2,-0.527,-0.745,2.457,2,-0.103,-0.152,2.553,2,0.102,-0.313,2.350,2,0.232,-0.663,2.437,2,0.177,-0.711,2.335,2,-0.319,0.375,2.379,2,-0.416,0.440,2.278,2,-0.407,0.406,2.275,2,-0.558,0.403,1.665,2,-0.574,0.374,1.733,0,0,0,0,0
1.298|kb,95479033221400000,6,25,1,72057594037964220,2,-0.167,-0.168,2.628,2,-0.257,0.144,2.490,2,-0.349,0.449,2.340,2,-0.468,0.536,2.359,2,-0.435,0.254,2.529,1,-0.557,0.074,2.518,1,-0.468,0.314,2.365,1,-0.438,0.421,2.294,2,-0.200,0.288,2.346,2,-0.322,0.307,2.112,2,-0.431,0.287,1.868,2,-0.531,0.339,1.739,2,-0.232,-0.172,2.619,2,-0.489,-0.309,2.489,2,-0.503,-0.742,2.524,2,-0.527,-0.745,2.456,2,-0.095,-0.162,2.571,2,0.102,-0.309,2.348,2,0.233,-0.663,2.436,2,0.178,-0.711,2.334,2,-0.326,0.373,2.380,2,-0.424,0.438,2.275,2,-0.407,0.401,2.275,2,-0.552,0.398,1.679,2,-0.566,0.367,1.737,0,0,0,0,0
1.340|kb,95479036517840000,6,25,1,72057594037964220,2,-0.166,-0.174,2.630,2,-0.259,0.141,2.491,2,-0.352,0.447,2.340,2,-0.470,0.537,2.358,2,-0.439,0.246,2.529,1,-0.564,0.068,2.516,1,-0.472,0.308,2.364,1,-0.443,0.413,2.300,2,-0.200,0.287,2.346,2,-0.315,0.293,2.076,2,-0.440,0.288,1.852,2,-0.523,0.350,1.756,2,-0.233,-0.179,2.620,2,-0.492,-0.309,2.487,2,-0.503,-0.743,2.524,2,-0.527,-0.745,2.456,2,-0.093,-0.165,2.573,2,0.105,-0.308,2.348,2,0.233,-0.663,2.436,2,0.180,-0.711,2.333,2,-0.329,0.372,2.380,2,-0.427,0.431,2.272,2,-0.413,0.391,2.273,2,-0.546,0.402,1.695,2,-0.549,0.351,1.755,0,0,0,0,0
1.363|kb,95479039813610000,6,25,1,72057594037964220,2,-0.166,-0.174,2.630,2,-0.260,0.140,2.490,2,-0.353,0.446,2.339,2,-0.471,0.534,2.353,2,-0.441,0.241,2.527,1,-0.566,0.064,2.508,1,-0.474,0.305,2.358,1,-0.444,0.406,2.299,2,-0.197,0.285,2.345,2,-0.288,0.262,2.053,2,-0.414,0.289,1.870,2,-0.500,0.369,1.789,2,-0.234,-0.179,2.623,2,-0.491,-0.309,2.484,2,-0.503,-0.743,2.524,2,-0.526,-0.745,2.455,2,-0.095,-0.166,2.566,2,0.111,-0.309,2.349,2,0.234,-0.663,2.436,2,0.182,-0.711,2.332,2,-0.330,0.371,2.379,2,-0.427,0.423,2.265,2,-0.413,0.385,2.271,2,-0.529,0.428,1.736,2,-0.507,0.348,1.758,0,0,0,0,0
1.406|kb,95479043221410000,6,25,1,72057594037964220,2,-0.165,-0.174,2.630,2,-0.260,0.140,2.490,2,-0.353,0.444,2.338,2,-0.467,0.534,2.343,2,-0.442,0.240,2.523,1,-0.564,0.060,2.502,1,-0.473,0.302,2.352,1,-0.479,0.362,2.335,2,-0.197,0.285,2.344,2,-0.262,0.266,2.051,2,-0.409,0.313,1.890,2,-0.473,0.424,1.843,2,-0.233,-0.180,2.624,2,-0.489,-0.308,2.481,2,-0.502,-0.743,2.524,2,-0.522,-0.748,2.458,2,-0.093,-0.165,2.566,2,0.119,-0.304,2.353,2,0.238,-0.665,2.437,2,0.187,-0.711,2.333,2,-0.330,0.369,2.378,2,-0.444,0.418,2.264,2,-0.416,0.398,2.252,2,-0.497,0.484,1.805,2,-0.469,0.391,1.783,0,0,0,0,0
1.429|kb,95479046513410000,6,25,1,72057594037964220,2,-0.165,-0.174,2.630,2,-0.259,0.139,2.490,2,-0.350,0.443,2.338,2,-0.402,0.555,2.304,2,-0.442,0.241,2.522,1,-0.536,0.044,2.513,1,-0.458,0.288,2.359,1,-0.484,0.333,2.350,2,-0.192,0.287,2.341,2,-0.215,0.238,2.048,2,-0.387,0.354,1.942,2,-0.414,0.402,1.927,2,-0.233,-0.180,2.624,2,-0.488,-0.308,2.476,2,-0.502,-0.744,2.524,2,-0.520,-0.750,2.459,2,-0.094,-0.165,2.566,2,0.127,-0.298,2.359,2,0.242,-0.667,2.438,2,0.190,-0.711,2.332,2,-0.328,0.368,2.378,2,-0.499,0.374,2.334,2,-0.449,0.337,2.332,2,-0.440,0.470,1.893,2,-0.418,0.391,1.854,0,0,0,0,0
1.466|kb,95479049823970000,6,25,1,72057594037964220,2,-0.166,-0.174,2.630,2,-0.257,0.139,2.491,2,-0.338,0.441,2.339,2,-0.386,0.556,2.306,2,-0.439,0.243,2.521,1,-0.532,0.046,2.509,2,-0.479,0.279,2.351,1,-0.479,0.347,2.340,2,-0.183,0.291,2.339,2,-0.174,0.230,2.076,2,-0.338,0.360,2.009,2,-0.357,0.400,2.004,2,-0.234,-0.179,2.624,2,-0.485,-0.309,2.470,2,-0.502,-0.744,2.524,2,-0.519,-0.750,2.459,2,-0.094,-0.165,2.568,2,0.131,-0.295,2.364,2,0.245,-0.669,2.437,2,0.193,-0.709,2.331,2,-0.319,0.367,2.379,2,-0.492,0.406,2.319,2,-0.443,0.384,2.337,2,-0.378,0.469,2.001,2,-0.369,0.388,1.964,0,0,0,0,0
1.506|kb,95479053221820000,6,25,1,72057594037964220,2,-0.165,-0.168,2.625,2,-0.254,0.139,2.491,2,-0.330,0.434,2.346,2,-0.384,0.515,2.287,2,-0.435,0.248,2.517,1,-0.522,0.051,2.469,2,-0.477,0.300,2.327,2,-0.471,0.360,2.316,2,-0.164,0.329,2.291,2,-0.156,0.226,2.084,2,-0.308,0.379,2.066,2,-0.315,0.439,2.079,2,-0.228,-0.173,2.612,2,-0.480,-0.308,2.466,2,-0.502,-0.745,2.522,2,-0.519,-0.752,2.457,2,-0.096,-0.159,2.566,2,0.137,-0.290,2.373,2,0.249,-0.670,2.436,2,0.193,-0.707,2.332,2,-0.312,0.362,2.384,2,-0.458,0.423,2.271,2,-0.441,0.376,2.332,2,-0.349,0.516,2.114,2,-0.324,0.397,2.039,0,0,0,0,0
1.529|kb,95479056513170000,6,25,1,72057594037964220,2,-0.158,-0.147,2.614,2,-0.247,0.137,2.492,2,-0.314,0.407,2.363,2,-0.364,0.490,2.295,2,-0.431,0.254,2.510,1,-0.500,0.046,2.497,2,-0.470,0.286,2.321,2,-0.462,0.346,2.303,2,-0.142,0.360,2.249,2,-0.098,0.193,2.099,2,-0.259,0.401,2.115,1,-0.287,0.469,2.154,2,-0.218,-0.155,2.603,2,-0.466,-0.306,2.466,2,-0.502,-0.746,2.519,2,-0.517,-0.753,2.453,2,-0.094,-0.135,2.557,2,0.139,-0.286,2.384,2,0.256,-0.672,2.436,2,0.198,-0.705,2.333,2,-0.298,0.343,2.395,2,-0.475,0.410,2.270,2,-0.428,0.370,2.311,2,-0.334,0.524,2.178,2,-0.319,0.431,2.194,0,0,0,0,0
1.574|kb,95479059823950000,6,25,1,72057594037964220,2,-0.156,-0.140,2.614,2,-0.224,0.126,2.495,2,-0.274,0.363,2.368,2,-0.337,0.484,2.284,2,-0.405,0.280,2.451,2,-0.512,0.090,2.432,2,-0.458,0.310,2.297,2,-0.447,0.348,2.290,2,-0.101,0.357,2.264,2,-0.071,0.181,2.122,1,-0.240,0.418,2.142,1,-0.270,0.500,2.177,2,-0.219,-0.147,2.600,2,-0.458,-0.309,2.462,2,-0.501,-0.739,2.511,2,-0.525,-0.740,2.398,2,-0.089,-0.127,2.559,2,0.146,-0.281,2.391,2,0.260,-0.672,2.437,2,0.212,-0.701,2.327,2,-0.259,0.303,2.403,2,-0.449,0.417,2.246,2,-0.413,0.342,2.369,2,-0.317,0.556,2.174,2,-0.310,0.474,2.163,0,0,0,0,0
1.598|kb,95479063221790000,6,25,1,72057594037964220,2,-0.150,-0.130,2.618,2,-0.215,0.125,2.495,2,-0.268,0.363,2.365,2,-0.305,0.483,2.274,2,-0.401,0.280,2.446,2,-0.491,0.082,2.465,2,-0.445,0.296,2.285,2,-0.432,0.334,2.277,2,-0.096,0.357,2.269,2,-0.031,0.170,2.158,2,-0.198,0.403,2.156,1,-0.225,0.480,2.179,2,-0.217,-0.142,2.601,2,-0.451,-0.309,2.458,2,-0.497,-0.729,2.504,2,-0.519,-0.736,2.391,2,-0.077,-0.113,2.570,2,0.147,-0.279,2.399,2,0.264,-0.674,2.438,2,0.218,-0.701,2.328,2,-0.255,0.304,2.400,2,-0.428,0.401,2.229,2,-0.403,0.354,2.302,2,-0.266,0.542,2.170,2,-0.235,0.453,2.196,0,0,0,0,0
1.639|kb,95479066515840000,6,25,1,72057594037964220,2,-0.137,-0.123,2.620,2,-0.181,0.126,2.488,2,-0.219,0.363,2.339,2,-0.278,0.481,2.268,2,-0.364,0.283,2.398,2,-0.497,0.111,2.402,2,-0.434,0.280,2.262,2,-0.416,0.313,2.265,2,-0.050,0.357,2.305,2,-0.026,0.175,2.169,1,-0.186,0.401,2.159,1,-0.209,0.474,2.177,2,-0.210,-0.138,2.598,2,-0.444,-0.306,2.456,2,-0.494,-0.722,2.501,2,-0.495,-0.734,2.383,2,-0.058,-0.105,2.578,2,0.154,-0.281,2.402,2,0.267,-0.675,2.438,2,0.240,-0.699,2.323,2,-0.208,0.305,2.378,2,-0.404,0.382,2.212,2,-0.386,0.323,2.321,2,-0.246,0.536,2.159,2,-0.242,0.430,2.169,0,0,0,0,0
1.662|kb,95479069813440000,6,25,1,72057594037964220,2,-0.131,-0.122,2.624,2,-0.173,0.125,2.489,2,-0.211,0.362,2.339,2,-0.252,0.478,2.264,2,-0.361,0.282,2.396,2,-0.495,0.111,2.380,2,-0.419,0.266,2.239,2,-0.398,0.296,2.251,2,-0.049,0.356,2.306,2,0.012,0.167,2.197,2,-0.137,0.373,2.164,1,-0.166,0.453,2.173,2,-0.206,-0.137,2.596,2,-0.440,-0.305,2.455,2,-0.491,-0.718,2.499,2,-0.491,-0.732,2.382,2,-0.050,-0.103,2.589,2,0.158,-0.279,2.407,2,0.272,-0.680,2.439,2,0.245,-0.701,2.325,2,-0.201,0.304,2.378,2,-0.382,0.366,2.200,2,-0.373,0.323,2.300,2,-0.199,0.513,2.171,2,-0.190,0.428,2.193,0,0,0,0,0
1.699|kb,95479073221980000,6,25,1,72057594037964220,2,-0.127,-0.124,2.626,2,-0.161,0.120,2.491,2,-0.190,0.355,2.342,2,-0.228,0.475,2.256,2,-0.327,0.279,2.372,2,-0.474,0.119,2.333,2,-0.382,0.267,2.193,2,-0.378,0.275,2.226,2,-0.027,0.337,2.328,2,0.019,0.162,2.190,2,-0.127,0.370,2.162,1,-0.152,0.445,2.172,2,-0.203,-0.138,2.594,2,-0.436,-0.306,2.451,2,-0.486,-0.710,2.492,2,-0.477,-0.725,2.374,2,-0.045,-0.106,2.595,2,0.163,-0.279,2.408,2,0.280,-0.689,2.436,2,0.261,-0.706,2.320,2,-0.183,0.297,2.381,2,-0.359,0.345,2.171,2,-0.355,0.299,2.259,2,-0.179,0.507,2.157,2,-0.160,0.426,2.200,0,0,0,0,0
1.739|kb,95479076513420000,6,25,1,72057594037964220,2,-0.122,-0.125,2.629,2,-0.148,0.117,2.494,2,-0.170,0.353,2.344,2,-0.210,0.471,2.256,2,-0.320,0.279,2.369,2,-0.467,0.118,2.337,2,-0.368,0.262,2.198,2,-0.359,0.263,2.215,2,-0.021,0.334,2.334,2,0.049,0.158,2.208,1,-0.121,0.394,2.156,1,-0.171,0.495,2.161,2,-0.200,-0.138,2.594,2,-0.432,-0.306,2.445,2,-0.484,-0.708,2.490,2,-0.473,-0.723,2.372,2,-0.039,-0.109,2.603,2,0.168,-0.278,2.411,2,0.284,-0.691,2.438,2,0.266,-0.706,2.323,2,-0.165,0.295,2.384,2,-0.344,0.326,2.161,2,-0.339,0.301,2.264,2,-0.213,0.554,2.141,2,-0.205,0.458,2.126,0,0,0,0,0
1.761|kb,95479079816280000,6,25,1,72057594037964220,2,-0.119,-0.127,2.630,2,-0.139,0.116,2.493,2,-0.155,0.353,2.341,2,-0.188,0.470,2.257,2,-0.304,0.278,2.366,2,-0.453,0.088,2.377,2,-0.332,0.277,2.275,2,-0.331,0.281,2.240,2,-0.008,0.332,2.344,2,0.071,0.157,2.223,1,-0.104,0.388,2.165,1,-0.129,0.459,2.173,2,-0.197,-0.140,2.591,2,-0.427,-0.306,2.438,2,-0.481,-0.700,2.483,2,-0.465,-0.714,2.366,2,-0.035,-0.111,2.606,2,0.173,-0.278,2.413,2,0.288,-0.695,2.444,2,0.274,-0.708,2.328,2,-0.151,0.294,2.382,2,-0.327,0.316,2.153,2,-0.323,0.328,2.229,2,-0.165,0.528,2.140,2,-0.161,0.411,2.157,0,0,0,0,0
1.799|kb,95479083222470000,6,25,1,72057594037964220,2,-0.115,-0.130,2.631,2,-0.128,0.114,2.493,2,-0.135,0.354,2.341,2,-0.166,0.470,2.258,2,-0.287,0.280,2.358,2,-0.451,0.089,2.380,2,-0.315,0.279,2.275,2,-0.308,0.282,2.250,2,0.008,0.326,2.355,2,0.079,0.155,2.223,1,-0.055,0.355,2.184,1,-0.083,0.427,2.184,2,-0.194,-0.142,2.589,2,-0.421,-0.306,2.427,2,-0.479,-0.698,2.482,2,-0.459,-0.713,2.364,2,-0.032,-0.115,2.608,2,0.179,-0.280,2.416,2,0.290,-0.696,2.446,2,0.279,-0.708,2.330,2,-0.134,0.295,2.381,2,-0.316,0.300,2.165,2,-0.309,0.310,2.198,2,-0.102,0.490,2.171,2,-0.104,0.400,2.210,0,0,0,0,0
1.839|kb,95479086513700000,6,25,1,72057594037964220,2,-0.111,-0.131,2.631,2,-0.118,0.114,2.493,2,-0.123,0.354,2.342,2,-0.140,0.472,2.262,2,-0.272,0.285,2.351,1,-0.431,0.125,2.372,2,-0.314,0.254,2.197,1,-0.315,0.264,2.190,2,0.023,0.333,2.358,2,0.092,0.154,2.235,1,-0.051,0.361,2.186,1,-0.072,0.426,2.189,2,-0.189,-0.142,2.586,2,-0.412,-0.307,2.417,2,-0.475,-0.695,2.480,2,-0.452,-0.712,2.361,2,-0.028,-0.117,2.610,2,0.183,-0.282,2.419,2,0.292,-0.699,2.448,2,0.283,-0.710,2.332,2,-0.122,0.295,2.382,2,-0.298,0.298,2.158,2,-0.292,0.280,2.200,2,-0.086,0.494,2.171,2,-0.074,0.407,2.218,0,0,0,0,0
1.861|kb,95479089813480000,6,25,1,72057594037964220,2,-0.103,-0.132,2.631,2,-0.116,0.114,2.493,2,-0.123,0.354,2.343,2,-0.115,0.477,2.265,2,-0.263,0.287,2.347,2,-0.409,0.128,2.303,2,-0.294,0.275,2.182,1,-0.302,0.260,2.187,2,0.023,0.334,2.357,2,0.122,0.154,2.263,1,-0.032,0.367,2.202,1,-0.051,0.420,2.200,2,-0.180,-0.144,2.583,2,-0.401,-0.304,2.405,2,-0.469,-0.687,2.474,2,-0.445,-0.709,2.355,2,-0.022,-0.118,2.612,2,0.186,-0.287,2.421,2,0.294,-0.700,2.451,2,0.287,-0.710,2.335,2,-0.122,0.295,2.382,2,-0.283,0.301,2.155,2,-0.273,0.277,2.200,2,-0.057,0.487,2.184,2,-0.047,0.420,2.233,0,0,0,0,0
1.899|kb,95479093221800000,6,25,1,72057594037964220,2,-0.102,-0.133,2.630,2,-0.095,0.116,2.493,2,-0.070,0.364,2.347,2,-0.087,0.483,2.270,2,-0.253,0.288,2.342,2,-0.403,0.139,2.272,2,-0.263,0.286,2.182,1,-0.281,0.272,2.173,2,0.041,0.340,2.363,2,0.135,0.153,2.279,1,-0.016,0.369,2.216,1,-0.033,0.413,2.208,2,-0.178,-0.144,2.579,2,-0.393,-0.304,2.393,2,-0.463,-0.682,2.470,2,-0.436,-0.707,2.351,2,-0.021,-0.119,2.612,2,0.187,-0.290,2.425,2,0.298,-0.705,2.461,2,0.295,-0.716,2.345,2,-0.075,0.303,2.386,2,-0.262,0.311,2.133,2,-0.252,0.301,2.199,2,-0.048,0.449,2.188,2,-0.014,0.453,2.237,0,0,0,0,0
1.939|kb,95479096513710000,6,25,1,72057594037964220,2,-0.101,-0.133,2.630,2,-0.090,0.118,2.494,2,-0.068,0.365,2.348,2,-0.057,0.487,2.276,2,-0.241,0.286,2.337,2,-0.403,0.147,2.279,2,-0.263,0.249,2.137,1,-0.262,0.266,2.139,2,0.060,0.339,2.377,2,0.163,0.152,2.312,2,0.059,0.330,2.234,1,0.007,0.406,2.213,2,-0.177,-0.143,2.577,2,-0.385,-0.303,2.381,2,-0.456,-0.679,2.464,2,-0.424,-0.708,2.346,2,-0.021,-0.119,2.613,2,0.188,-0.293,2.430,2,0.297,-0.703,2.460,2,0.299,-0.714,2.345,2,-0.073,0.304,2.387,2,-0.243,0.325,2.099,2,-0.235,0.282,2.148,2,-0.042,0.451,2.176,2,0.046,0.444,2.177,0,0,0,0,0
1.963|kb,95479099813490000,6,25,1,72057594037964220,2,-0.101,-0.133,2.630,2,-0.080,0.122,2.496,2,-0.053,0.372,2.352,2,-0.032,0.494,2.284,2,-0.211,0.280,2.329,2,-0.353,0.194,2.173,2,-0.201,0.294,2.043,1,-0.207,0.349,2.062,2,0.064,0.340,2.381,2,0.184,0.157,2.346,2,0.078,0.324,2.247,1,0.065,0.355,2.259,2,-0.176,-0.143,2.576,2,-0.377,-0.305,2.374,2,-0.451,-0.677,2.461,2,-0.414,-0.709,2.343,2,-0.020,-0.119,2.614,2,0.190,-0.297,2.437,2,0.298,-0.705,2.460,2,0.305,-0.713,2.346,2,-0.060,0.310,2.390,2,-0.195,0.357,2.045,2,-0.199,0.349,2.063,2,0.023,0.415,2.250,2,0.059,0.392,2.195,0,0,0,0,0
2.006|kb,95479103221900000,6,25,1,72057594037964220,2,-0.101,-0.133,2.630,2,-0.075,0.124,2.498,2,-0.043,0.377,2.356,2,-0.008,0.497,2.294,2,-0.188,0.274,2.327,2,-0.330,0.204,2.162,2,-0.181,0.264,2.006,2,-0.175,0.337,2.026,2,0.076,0.334,2.402,2,0.202,0.155,2.372,2,0.101,0.324,2.270,1,0.077,0.380,2.270,2,-0.176,-0.142,2.576,2,-0.371,-0.306,2.369,2,-0.446,-0.675,2.458,2,-0.402,-0.710,2.343,2,-0.020,-0.120,2.615,2,0.192,-0.299,2.444,2,0.298,-0.706,2.463,2,0.312,-0.712,2.352,2,-0.051,0.315,2.394,2,-0.149,0.385,1.986,2,-0.157,0.345,2.045,2,0.048,0.439,2.266,2,0.087,0.408,2.210,0,0,0,0,0
2.029|kb,95479106513220000,6,25,1,72057594037964220,2,-0.101,-0.134,2.630,2,-0.075,0.124,2.498,2,-0.043,0.378,2.356,2,0.013,0.500,2.304,2,-0.170,0.264,2.325,2,-0.299,0.220,2.074,2,-0.132,0.306,1.947,2,-0.121,0.347,1.939,2,0.081,0.328,2.417,2,0.220,0.158,2.388,2,0.121,0.334,2.295,1,0.090,0.406,2.285,2,-0.176,-0.142,2.576,2,-0.367,-0.306,2.363,2,-0.444,-0.673,2.456,2,-0.394,-0.710,2.344,2,-0.022,-0.123,2.619,2,0.194,-0.299,2.449,2,0.298,-0.705,2.463,2,0.318,-0.709,2.354,2,-0.051,0.315,2.394,2,-0.085,0.415,1.907,2,-0.099,0.357,1.972,2,0.073,0.466,2.273,2,0.106,0.401,2.226,0,0,0,0,0
2.066|kb,95479109817490000,6,25,1,72057594037964220,2,-0.101,-0.138,2.633,2,-0.048,0.117,2.517,2,0.019,0.371,2.392,2,0.050,0.504,2.321,2,-0.140,0.250,2.329,2,-0.217,0.285,2.050,2,-0.095,0.299,1.861,2,-0.078,0.329,1.858,2,0.091,0.315,2.456,1,0.242,0.158,2.413,1,0.125,0.340,2.316,1,0.099,0.406,2.310,2,-0.175,-0.144,2.576,2,-0.365,-0.304,2.359,2,-0.442,-0.675,2.457,2,-0.382,-0.713,2.352,2,-0.026,-0.130,2.626,2,0.196,-0.297,2.456,2,0.298,-0.703,2.464,2,0.329,-0.704,2.363,2,0.004,0.308,2.427,2,-0.068,0.382,1.823,2,-0.039,0.361,1.869,2,0.090,0.471,2.291,2,0.126,0.410,2.241,0,0,0,0,0
2.106|kb,95479113221790000,6,25,1,72057594037964220,2,-0.102,-0.141,2.635,2,-0.046,0.116,2.519,2,0.020,0.371,2.394,2,0.068,0.499,2.345,2,-0.144,0.251,2.331,2,-0.172,0.262,2.026,2,-0.047,0.329,1.814,2,-0.007,0.366,1.779,2,0.093,0.313,2.461,1,0.247,0.159,2.428,1,0.128,0.343,2.330,1,0.106,0.409,2.324,2,-0.175,-0.146,2.575,2,-0.366,-0.303,2.356,2,-0.441,-0.675,2.457,2,-0.381,-0.714,2.352,2,-0.028,-0.133,2.631,2,0.198,-0.296,2.460,2,0.297,-0.703,2.464,2,0.327,-0.702,2.363,2,0.005,0.308,2.428,2,0.014,0.432,1.749,2,0.031,0.395,1.796,2,0.108,0.478,2.304,2,0.144,0.423,2.261,0,0,0,0,0
2.129|kb,95479116513830000,6,25,1,72057594037964220,2,-0.104,-0.142,2.635,2,-0.044,0.116,2.520,2,0.023,0.372,2.395,2,0.068,0.499,2.347,2,-0.143,0.250,2.332,2,-0.120,0.292,2.029,2,0.003,0.347,1.783,2,0.056,0.397,1.725,2,0.095,0.313,2.462,1,0.247,0.157,2.463,1,0.127,0.344,2.352,1,0.123,0.394,2.332,2,-0.176,-0.148,2.573,2,-0.367,-0.302,2.353,2,-0.441,-0.674,2.457,2,-0.381,-0.714,2.352,2,-0.030,-0.135,2.633,2,0.199,-0.295,2.465,2,0.297,-0.705,2.466,2,0.327,-0.702,2.366,2,0.007,0.309,2.429,2,0.071,0.458,1.681,2,0.095,0.431,1.738,2,0.114,0.463,2.331,2,0.141,0.407,2.310,0,0,0,0,0
2.173|kb,95479119825720000,6,25,1,72057594037964220,2,-0.112,-0.141,2.633,2,-0.045,0.116,2.516,2,0.025,0.369,2.382,2,0.071,0.499,2.349,2,-0.139,0.257,2.330,2,-0.082,0.306,2.033,2,0.051,0.368,1.770,2,0.103,0.420,1.696,2,0.097,0.315,2.465,2,0.203,0.148,2.542,1,0.124,0.310,2.412,1,0.101,0.347,2.415,2,-0.184,-0.145,2.565,2,-0.371,-0.305,2.346,2,-0.440,-0.674,2.456,2,-0.381,-0.716,2.354,2,-0.039,-0.135,2.634,2,0.195,-0.291,2.469,2,0.298,-0.707,2.465,2,0.328,-0.704,2.368,2,0.008,0.306,2.418,2,0.111,0.480,1.644,2,0.143,0.452,1.697,2,0.119,0.436,2.348,2,0.120,0.347,2.444,0,0,0,0,0
2.197|kb,95479123221680000,6,25,1,72057594037964220,2,-0.113,-0.140,2.632,2,-0.041,0.118,2.518,2,0.047,0.374,2.399,2,0.112,0.489,2.373,2,-0.130,0.270,2.326,2,-0.056,0.373,2.068,2,0.055,0.367,1.787,2,0.128,0.424,1.692,2,0.101,0.312,2.468,2,0.201,0.142,2.547,1,0.123,0.306,2.416,1,0.103,0.348,2.420,2,-0.185,-0.143,2.563,2,-0.372,-0.304,2.345,2,-0.440,-0.673,2.455,2,-0.380,-0.716,2.353,2,-0.041,-0.135,2.633,2,0.194,-0.292,2.471,2,0.298,-0.709,2.465,2,0.328,-0.704,2.369,2,0.024,0.311,2.430,2,0.130,0.480,1.631,2,0.170,0.452,1.688,2,0.070,0.383,2.426,2,0.086,0.367,2.446,0,0,0,0,0
2.240|kb,95479126518550000,6,25,1,72057594037964220,2,-0.114,-0.130,2.626,2,-0.009,0.129,2.562,2,0.094,0.371,2.492,2,0.124,0.495,2.398,2,-0.105,0.289,2.317,2,-0.029,0.357,2.087,2,0.071,0.379,1.817,2,0.147,0.426,1.695,2,0.122,0.300,2.489,1,0.189,0.114,2.566,1,0.111,0.307,2.423,1,0.095,0.349,2.437,2,-0.180,-0.126,2.554,2,-0.368,-0.302,2.351,2,-0.439,-0.672,2.454,1,-0.375,-0.711,2.352,2,-0.045,-0.128,2.629,2,0.190,-0.291,2.474,2,0.298,-0.711,2.466,2,0.333,-0.701,2.369,2,0.069,0.312,2.511,2,0.153,0.484,1.635,2,0.186,0.451,1.691,2,0.073,0.385,2.432,2,0.081,0.349,2.458,0,0,0,0,0
2.262|kb,95479129813380000,6,25,1,72057594037964220,2,-0.114,-0.130,2.625,2,-0.009,0.129,2.562,2,0.094,0.371,2.492,2,0.126,0.496,2.400,2,-0.111,0.285,2.321,2,-0.030,0.354,2.092,2,0.075,0.377,1.824,2,0.156,0.423,1.700,2,0.123,0.298,2.490,1,0.174,0.112,2.575,1,0.104,0.301,2.431,1,0.092,0.343,2.462,2,-0.180,-0.126,2.555,2,-0.367,-0.301,2.349,2,-0.439,-0.671,2.453,1,-0.376,-0.711,2.349,2,-0.045,-0.129,2.624,2,0.191,-0.293,2.474,2,0.297,-0.713,2.467,2,0.330,-0.701,2.369,2,0.069,0.312,2.511,2,0.168,0.487,1.643,2,0.193,0.450,1.699,2,0.078,0.385,2.444,2,0.096,0.381,2.459,0,0,0,0,0
2.307|kb,95479133221870000,6,25,1,72057594037964220,2,-0.115,-0.131,2.621,2,-0.009,0.128,2.558,2,0.096,0.374,2.484,2,0.130,0.488,2.394,2,-0.114,0.283,2.322,2,-0.029,0.353,2.093,2,0.078,0.376,1.827,2,0.159,0.421,1.705,2,0.127,0.290,2.494,1,0.177,0.103,2.579,1,0.105,0.300,2.431,1,0.091,0.341,2.462,2,-0.180,-0.127,2.553,2,-0.367,-0.301,2.346,2,-0.439,-0.671,2.451,1,-0.377,-0.710,2.346,2,-0.047,-0.131,2.619,2,0.193,-0.294,2.474,2,0.297,-0.712,2.466,2,0.328,-0.700,2.368,2,0.070,0.313,2.505,2,0.170,0.482,1.650,2,0.195,0.450,1.703,2,0.073,0.381,2.441,2,0.098,0.318,2.476,0,0,0,0,0
2.329|kb,95479136515920000,6,25,1,72057594037964220,2,-0.116,-0.131,2.618,2,-0.009,0.127,2.557,2,0.096,0.373,2.484,2,0.132,0.484,2.392,2,-0.114,0.282,2.323,2,-0.029,0.352,2.094,2,0.079,0.374,1.828,2,0.156,0.418,1.707,2,0.127,0.289,2.494,1,0.175,0.102,2.579,1,0.105,0.296,2.433,1,0.092,0.336,2.463,2,-0.181,-0.126,2.551,2,-0.367,-0.301,2.344,2,-0.438,-0.670,2.450,1,-0.376,-0.710,2.345,2,-0.048,-0.132,2.616,2,0.193,-0.295,2.473,2,0.295,-0.712,2.465,2,0.327,-0.699,2.367,2,0.070,0.312,2.505,2,0.166,0.480,1.639,2,0.192,0.447,1.706,2,0.071,0.371,2.428,2,0.098,0.319,2.473,0,0,0,0,0
2.373|kb,95479139817500000,6,25,1,72057594037964220,2,-0.116,-0.132,2.617,2,-0.010,0.126,2.544,2,0.093,0.376,2.447,2,0.133,0.482,2.390,2,-0.111,0.283,2.324,2,-0.028,0.352,2.094,2,0.089,0.381,1.820,2,0.151,0.416,1.707,2,0.128,0.290,2.494,1,0.176,0.101,2.576,1,0.106,0.293,2.433,1,0.091,0.335,2.461,2,-0.180,-0.126,2.550,2,-0.366,-0.300,2.342,2,-0.437,-0.669,2.449,1,-0.377,-0.712,2.346,2,-0.048,-0.133,2.614,2,0.193,-0.296,2.472,2,0.294,-0.714,2.465,2,0.325,-0.703,2.368,2,0.068,0.314,2.474,2,0.163,0.479,1.651,2,0.186,0.444,1.704,2,0.072,0.370,2.428,2,0.100,0.372,2.458,0,0,0,0,0
2.396|kb,95479143223940000,6,25,1,72057594037964220,2,-0.116,-0.132,2.616,2,-0.011,0.127,2.522,2,0.091,0.381,2.395,2,0.140,0.499,2.374,2,-0.109,0.283,2.326,2,-0.030,0.348,2.087,2,0.089,0.381,1.820,2,0.145,0.417,1.712,2,0.128,0.289,2.493,1,0.178,0.099,2.572,1,0.108,0.291,2.430,1,0.091,0.333,2.458,2,-0.181,-0.126,2.550,2,-0.366,-0.301,2.342,2,-0.437,-0.669,2.449,1,-0.379,-0.715,2.348,2,-0.048,-0.133,2.614,2,0.193,-0.296,2.472,2,0.293,-0.713,2.465,2,0.322,-0.706,2.371,2,0.066,0.318,2.428,2,0.161,0.478,1.655,2,0.180,0.440,1.710,2,0.065,0.373,2.418,2,0.102,0.365,2.459,0,0,0,0,0
2.440|kb,95479146522220000,6,25,1,72057594037964220,2,-0.116,-0.133,2.617,2,-0.011,0.126,2.521,2,0.091,0.380,2.396,2,0.133,0.495,2.365,2,-0.110,0.281,2.329,2,-0.064,0.356,2.035,2,0.089,0.376,1.777,2,0.136,0.416,1.724,2,0.128,0.289,2.493,1,0.184,0.095,2.562,1,0.112,0.287,2.425,1,0.096,0.331,2.459,2,-0.181,-0.128,2.551,2,-0.367,-0.301,2.342,2,-0.437,-0.669,2.448,2,-0.379,-0.714,2.347,2,-0.047,-0.135,2.614,2,0.193,-0.297,2.470,2,0.293,-0.716,2.467,2,0.321,-0.709,2.372,2,0.065,0.318,2.428,2,0.151,0.472,1.669,2,0.168,0.448,1.722,2,0.067,0.376,2.417,2,0.101,0.374,2.449,0,0,0,0,0
2.466|kb,95479149813840000,6,25,1,72057594037964220,2,-0.114,-0.134,2.617,2,-0.012,0.125,2.518,2,0.088,0.379,2.394,2,0.131,0.492,2.361,2,-0.121,0.270,2.334,2,-0.082,0.329,2.035,2,0.071,0.370,1.792,2,0.110,0.414,1.759,1,0.127,0.289,2.492,1,0.215,0.089,2.495,1,0.128,0.289,2.384,1,0.107,0.332,2.386,2,-0.180,-0.129,2.552,2,-0.367,-0.301,2.342,2,-0.437,-0.669,2.448,2,-0.380,-0.714,2.346,2,-0.045,-0.136,2.614,2,0.195,-0.298,2.468,2,0.292,-0.716,2.468,2,0.320,-0.708,2.372,2,0.063,0.317,2.426,2,0.144,0.472,1.706,2,0.142,0.452,1.765,2,0.078,0.362,2.381,2,0.073,0.335,2.407,0,0,0,0,0
2.506|kb,95479153222370000,6,25,1,72057594037964220,2,-0.112,-0.137,2.618,2,-0.012,0.124,2.517,2,0.084,0.378,2.394,2,0.117,0.482,2.348,2,-0.122,0.264,2.336,2,-0.118,0.292,2.030,2,0.055,0.393,1.840,2,0.076,0.423,1.820,1,0.127,0.290,2.492,1,0.217,0.090,2.489,1,0.145,0.327,2.320,1,0.136,0.413,2.305,2,-0.178,-0.133,2.553,2,-0.369,-0.299,2.343,2,-0.438,-0.668,2.447,1,-0.380,-0.712,2.345,2,-0.043,-0.138,2.614,2,0.197,-0.298,2.466,2,0.292,-0.715,2.467,2,0.320,-0.707,2.370,2,0.061,0.316,2.427,2,0.121,0.480,1.776,2,0.079,0.473,1.829,2,0.124,0.444,2.251,2,0.089,0.395,2.252,0,0,0,0,0
2.528|kb,95479156513640000,6,25,1,72057594037964220,2,-0.112,-0.141,2.621,2,-0.014,0.123,2.517,2,0.081,0.378,2.393,2,0.115,0.482,2.323,2,-0.121,0.261,2.337,2,-0.160,0.265,2.032,2,0.026,0.392,1.905,2,0.027,0.426,1.903,2,0.126,0.285,2.490,1,0.226,0.090,2.479,1,0.141,0.314,2.340,1,0.150,0.364,2.323,2,-0.181,-0.137,2.557,2,-0.373,-0.299,2.345,2,-0.438,-0.668,2.448,2,-0.381,-0.712,2.345,2,-0.041,-0.142,2.617,2,0.199,-0.298,2.464,2,0.291,-0.714,2.468,2,0.319,-0.707,2.371,2,0.058,0.315,2.426,2,0.073,0.502,1.893,2,0.021,0.476,1.915,2,0.129,0.423,2.304,2,0.162,0.315,2.291,0,0,0,0,0
2.574|kb,95479159814880000,6,25,1,72057594037964220,2,-0.112,-0.140,2.621,2,-0.017,0.124,2.515,2,0.070,0.379,2.390,2,0.100,0.490,2.309,2,-0.122,0.268,2.333,2,-0.193,0.274,2.078,2,-0.037,0.400,1.984,2,-0.016,0.438,1.983,2,0.126,0.288,2.487,1,0.229,0.095,2.457,2,0.160,0.337,2.298,1,0.155,0.391,2.294,2,-0.180,-0.135,2.558,2,-0.376,-0.298,2.350,2,-0.439,-0.670,2.450,2,-0.382,-0.713,2.347,2,-0.040,-0.142,2.617,2,0.200,-0.296,2.461,2,0.291,-0.713,2.468,2,0.319,-0.706,2.370,2,0.049,0.317,2.423,2,0.021,0.513,1.988,2,-0.036,0.453,1.965,2,0.128,0.466,2.243,2,0.102,0.419,2.239,0,0,0,0,0
2.598|kb,95479163221620000,6,25,1,72057594037964220,2,-0.111,-0.138,2.621,2,-0.048,0.135,2.502,2,0.000,0.396,2.365,2,0.083,0.495,2.302,2,-0.125,0.275,2.330,2,-0.223,0.269,2.122,2,-0.053,0.390,2.050,2,-0.059,0.435,2.054,2,0.124,0.295,2.478,2,0.229,0.103,2.452,2,0.169,0.300,2.287,1,0.154,0.365,2.280,2,-0.180,-0.131,2.561,2,-0.380,-0.298,2.361,2,-0.440,-0.672,2.452,2,-0.384,-0.710,2.346,2,-0.039,-0.139,2.615,2,0.201,-0.294,2.460,2,0.292,-0.713,2.467,2,0.320,-0.705,2.366,2,-0.013,0.332,2.401,2,-0.027,0.510,2.058,2,-0.080,0.446,2.047,2,0.099,0.428,2.243,2,0.122,0.337,2.303,0,0,0,0,0
2.639|kb,95479166516700000,6,25,1,72057594037964220,2,-0.110,-0.132,2.623,2,-0.049,0.136,2.502,2,0.000,0.396,2.365,2,0.057,0.499,2.288,2,-0.136,0.287,2.328,2,-0.268,0.238,2.147,2,-0.113,0.424,2.131,2,-0.096,0.423,2.109,2,0.120,0.301,2.464,2,0.235,0.117,2.420,2,0.162,0.294,2.278,1,0.146,0.352,2.265,2,-0.181,-0.124,2.568,2,-0.381,-0.296,2.375,2,-0.443,-0.678,2.459,2,-0.390,-0.713,2.350,2,-0.037,-0.135,2.613,2,0.200,-0.292,2.455,2,0.293,-0.713,2.466,2,0.318,-0.706,2.362,2,-0.013,0.332,2.401,2,-0.061,0.493,2.110,2,-0.117,0.440,2.105,2,0.080,0.423,2.239,2,0.117,0.355,2.320,0,0,0,0,0
2.662|kb,95479169813830000,6,25,1,72057594037964220,2,-0.110,-0.127,2.624,2,-0.057,0.138,2.501,2,-0.015,0.394,2.363,2,0.029,0.500,2.277,2,-0.154,0.313,2.326,2,-0.288,0.218,2.168,1,-0.126,0.421,2.147,2,-0.042,0.487,2.173,2,0.116,0.303,2.455,2,0.228,0.137,2.351,2,0.141,0.316,2.255,2,0.139,0.330,2.245,2,-0.182,-0.116,2.573,2,-0.383,-0.296,2.389,2,-0.445,-0.682,2.462,2,-0.397,-0.713,2.350,2,-0.036,-0.130,2.609,2,0.197,-0.289,2.447,2,0.292,-0.709,2.464,2,0.311,-0.704,2.355,2,-0.025,0.332,2.399,2,-0.007,0.559,2.163,2,-0.057,0.530,2.152,2,0.153,0.386,2.192,2,0.116,0.365,2.259,0,0,0,0,0
2.699|kb,95479173221890000,6,25,1,72057594037964220,2,-0.110,-0.122,2.625,2,-0.065,0.140,2.500,2,-0.031,0.393,2.361,2,0.001,0.497,2.263,2,-0.170,0.325,2.328,2,-0.309,0.196,2.205,2,-0.153,0.343,2.157,1,-0.107,0.412,2.161,2,0.106,0.305,2.430,2,0.225,0.121,2.400,2,0.125,0.296,2.231,2,0.128,0.315,2.226,2,-0.184,-0.109,2.580,2,-0.385,-0.295,2.404,2,-0.448,-0.687,2.466,2,-0.408,-0.712,2.350,2,-0.035,-0.127,2.606,2,0.194,-0.287,2.438,2,0.292,-0.707,2.461,2,0.303,-0.705,2.348,2,-0.039,0.331,2.398,2,-0.036,0.462,2.154,2,-0.144,0.433,2.119,2,0.138,0.374,2.172,2,0.109,0.353,2.237,0,0,0,0,0
2.740|kb,95479176513720000,6,25,1,72057594037964220,2,-0.111,-0.118,2.627,2,-0.072,0.140,2.501,2,-0.046,0.388,2.360,2,-0.033,0.486,2.258,2,-0.227,0.337,2.340,2,-0.313,0.178,2.201,2,-0.172,0.343,2.174,1,-0.117,0.413,2.172,2,0.086,0.309,2.383,2,0.204,0.095,2.442,2,0.122,0.276,2.222,2,0.112,0.309,2.213,2,-0.186,-0.105,2.589,2,-0.389,-0.294,2.420,2,-0.452,-0.692,2.470,2,-0.431,-0.712,2.351,2,-0.033,-0.124,2.604,2,0.189,-0.287,2.428,2,0.291,-0.705,2.453,2,0.284,-0.708,2.335,2,-0.052,0.328,2.397,2,-0.061,0.461,2.147,2,-0.169,0.432,2.137,2,0.109,0.377,2.155,2,0.092,0.354,2.238,0,0,0,0,0
2.762|kb,95479179813380000,6,25,1,72057594037964220,2,-0.114,-0.116,2.633,2,-0.083,0.138,2.503,2,-0.059,0.383,2.359,2,-0.066,0.474,2.253,2,-0.229,0.336,2.341,2,-0.326,0.171,2.221,2,-0.192,0.340,2.186,1,-0.135,0.406,2.171,2,0.084,0.307,2.383,2,0.210,0.127,2.358,2,0.112,0.272,2.214,2,0.094,0.300,2.205,2,-0.193,-0.103,2.603,2,-0.393,-0.294,2.432,2,-0.456,-0.694,2.475,2,-0.435,-0.711,2.358,2,-0.034,-0.123,2.604,2,0.183,-0.286,2.419,2,0.288,-0.700,2.452,2,0.281,-0.708,2.333,2,-0.065,0.323,2.397,2,-0.090,0.455,2.133,2,-0.183,0.427,2.136,2,0.087,0.359,2.145,2,0.080,0.352,2.242,0,0,0,0,0
2.806|kb,95479183221650000,6,25,1,72057594037964220,2,-0.117,-0.118,2.640,2,-0.096,0.129,2.505,2,-0.084,0.363,2.353,2,-0.093,0.463,2.250,2,-0.234,0.335,2.345,2,-0.333,0.166,2.232,2,-0.198,0.331,2.182,1,-0.149,0.394,2.166,2,0.071,0.300,2.379,2,0.201,0.124,2.351,2,0.099,0.267,2.208,2,0.078,0.273,2.193,2,-0.198,-0.106,2.616,2,-0.401,-0.294,2.446,2,-0.460,-0.699,2.480,2,-0.441,-0.713,2.364,2,-0.035,-0.124,2.604,2,0.175,-0.287,2.411,2,0.286,-0.695,2.452,2,0.276,-0.709,2.334,2,-0.087,0.305,2.394,2,-0.103,0.435,2.129,2,-0.204,0.396,2.132,2,0.071,0.337,2.134,2,0.065,0.329,2.225,0,0,0,0,0
2.828|kb,95479186513400000,6,25,1,72057594037964220,2,-0.122,-0.126,2.648,2,-0.111,0.114,2.507,2,-0.103,0.347,2.350,2,-0.119,0.450,2.250,2,-0.276,0.311,2.371,2,-0.339,0.150,2.222,2,-0.214,0.366,2.182,1,-0.178,0.428,2.159,2,0.015,0.269,2.360,2,0.176,0.121,2.334,2,0.075,0.261,2.191,2,0.058,0.257,2.185,2,-0.203,-0.115,2.627,2,-0.410,-0.297,2.455,2,-0.465,-0.701,2.486,2,-0.460,-0.712,2.372,2,-0.038,-0.131,2.606,2,0.169,-0.288,2.403,2,0.285,-0.690,2.453,2,0.261,-0.710,2.336,2,-0.105,0.290,2.392,2,-0.149,0.502,2.130,2,-0.171,0.429,2.111,2,0.052,0.314,2.137,2,0.039,0.304,2.213,0,0,0,0,0
2.866|kb,95479189813910000,6,25,1,72057594037964220,2,-0.129,-0.133,2.655,2,-0.122,0.105,2.511,2,-0.117,0.338,2.352,2,-0.141,0.442,2.252,2,-0.277,0.308,2.373,2,-0.366,0.139,2.252,1,-0.231,0.388,2.166,1,-0.212,0.388,2.162,2,0.014,0.268,2.359,2,0.166,0.111,2.342,2,0.063,0.256,2.188,2,0.039,0.242,2.184,2,-0.210,-0.121,2.633,2,-0.420,-0.301,2.463,2,-0.474,-0.704,2.492,2,-0.469,-0.713,2.379,2,-0.045,-0.140,2.611,2,0.163,-0.287,2.400,2,0.280,-0.687,2.451,2,0.257,-0.710,2.334,2,-0.118,0.281,2.394,2,-0.158,0.442,2.118,2,-0.250,0.406,2.139,2,0.036,0.291,2.134,2,0.021,0.297,2.198,0,0,0,0,0
2.906|kb,95479193222780000,6,25,1,72057594037964220,2,-0.135,-0.149,2.638,2,-0.135,0.094,2.505,2,-0.138,0.327,2.357,2,-0.162,0.435,2.256,2,-0.281,0.304,2.377,2,-0.373,0.138,2.254,1,-0.238,0.388,2.166,1,-0.217,0.393,2.162,2,0.009,0.268,2.358,2,0.132,0.088,2.312,2,0.040,0.250,2.181,2,0.020,0.236,2.184,2,-0.217,-0.140,2.614,2,-0.445,-0.312,2.465,2,-0.478,-0.703,2.496,2,-0.475,-0.708,2.381,2,-0.050,-0.154,2.593,2,0.168,-0.296,2.391,2,0.276,-0.684,2.450,2,0.252,-0.707,2.331,2,-0.136,0.270,2.396,2,-0.166,0.443,2.117,2,-0.264,0.403,2.138,2,0.014,0.281,2.130,2,0.032,0.194,2.145,0,0,0,0,0
2.931|kb,95479196513500000,6,25,1,72057594037964220,2,-0.142,-0.149,2.647,2,-0.136,0.094,2.506,2,-0.137,0.328,2.356,2,-0.178,0.435,2.259,2,-0.285,0.299,2.381,2,-0.382,0.142,2.250,1,-0.248,0.394,2.172,1,-0.203,0.461,2.150,2,0.005,0.267,2.356,2,0.122,0.044,2.402,2,0.032,0.232,2.185,2,0.002,0.224,2.180,2,-0.221,-0.140,2.624,2,-0.412,-0.363,2.501,2,-0.509,-0.729,2.492,2,-0.474,-0.738,2.449,2,-0.060,-0.154,2.603,2,0.122,-0.344,2.405,2,0.278,-0.678,2.448,2,0.250,-0.708,2.331,2,-0.136,0.270,2.395,2,-0.160,0.513,2.138,2,-0.224,0.507,2.164,2,-0.005,0.272,2.127,2,0.016,0.183,2.139,0,0,0,0,0
2.975|kb,95479199820680000,6,25,1,72057594037964220,2,-0.143,-0.152,2.657,2,-0.138,0.093,2.509,2,-0.138,0.328,2.356,2,-0.199,0.435,2.266,2,-0.294,0.286,2.395,2,-0.411,0.142,2.264,1,-0.272,0.395,2.196,1,-0.253,0.394,2.181,2,0.000,0.267,2.354,2,0.115,0.058,2.378,2,0.009,0.204,2.163,2,-0.016,0.215,2.177,2,-0.222,-0.145,2.634,2,-0.453,-0.312,2.485,2,-0.488,-0.709,2.506,2,-0.483,-0.699,2.396,2,-0.061,-0.156,2.611,2,0.141,-0.301,2.391,2,0.274,-0.678,2.449,2,0.245,-0.710,2.332,2,-0.137,0.270,2.396,2,-0.204,0.446,2.131,2,-0.273,0.400,2.204,2,-0.024,0.267,2.127,2,-0.003,0.170,2.139,0,0,0,0,0
2.998|kb,95479203221470000,6,25,1,72057594037964220,2,-0.147,-0.160,2.645,2,-0.144,0.090,2.506,2,-0.144,0.329,2.356,2,-0.218,0.434,2.273,2,-0.296,0.282,2.398,2,-0.428,0.147,2.275,2,-0.243,0.364,2.192,1,-0.193,0.431,2.171,2,-0.018,0.266,2.344,2,0.095,0.078,2.334,2,-0.025,0.164,2.161,2,-0.039,0.214,2.167,2,-0.227,-0.155,2.622,2,-0.465,-0.318,2.483,2,-0.487,-0.712,2.513,2,-0.491,-0.702,2.400,2,-0.064,-0.162,2.601,2,0.146,-0.304,2.388,2,0.272,-0.677,2.449,2,0.238,-0.709,2.332,2,-0.143,0.271,2.395,2,-0.152,0.492,2.165,2,-0.163,0.396,2.181,2,-0.045,0.271,2.117,2,-0.014,0.185,2.114,0,0,0,0,0
3.039|kb,95479206520020000,6,25,1,72057594037964220,2,-0.157,-0.154,2.657,2,-0.170,0.095,2.512,2,-0.194,0.338,2.349,2,-0.241,0.440,2.280,2,-0.307,0.273,2.422,2,-0.463,0.153,2.313,1,-0.270,0.354,2.207,1,-0.217,0.418,2.182,2,-0.064,0.259,2.319,2,0.080,0.094,2.316,2,-0.056,0.163,2.151,2,-0.059,0.210,2.147,2,-0.232,-0.149,2.636,2,-0.420,-0.374,2.511,2,-0.520,-0.740,2.500,2,-0.532,-0.731,2.397,2,-0.079,-0.156,2.611,2,0.106,-0.358,2.407,2,0.271,-0.671,2.446,2,0.221,-0.708,2.337,2,-0.188,0.278,2.393,2,-0.173,0.478,2.164,2,-0.187,0.382,2.192,2,-0.063,0.274,2.095,2,-0.043,0.188,2.095,0,0,0,0,0
3.062|kb,95479209813640000,6,25,1,72057594037964220,2,-0.155,-0.153,2.663,2,-0.175,0.096,2.515,2,-0.206,0.340,2.354,2,-0.261,0.443,2.289,2,-0.321,0.275,2.432,1,-0.496,0.157,2.366,1,-0.307,0.359,2.255,1,-0.244,0.411,2.201,2,-0.065,0.260,2.318,2,0.055,0.088,2.237,2,-0.083,0.203,2.106,2,-0.091,0.239,2.116,2,-0.228,-0.146,2.649,2,-0.456,-0.312,2.494,2,-0.497,-0.717,2.516,2,-0.514,-0.711,2.412,2,-0.078,-0.155,2.612,2,0.124,-0.291,2.386,2,0.267,-0.672,2.446,2,0.217,-0.709,2.338,2,-0.198,0.280,2.397,2,-0.187,0.479,2.180,2,-0.215,0.375,2.201,2,-0.104,0.309,2.079,2,-0.073,0.236,2.060,0,0,0,0,0
3.106|kb,95479213222130000,6,25,1,72057594037964220,2,-0.160,-0.158,2.642,2,-0.186,0.099,2.504,2,-0.215,0.347,2.351,2,-0.287,0.452,2.302,2,-0.330,0.277,2.443,1,-0.518,0.169,2.430,1,-0.327,0.347,2.283,1,-0.299,0.365,2.264,2,-0.068,0.267,2.307,2,0.023,0.102,2.180,2,-0.122,0.237,2.083,2,-0.125,0.264,2.077,2,-0.232,-0.153,2.629,2,-0.470,-0.321,2.495,2,-0.497,-0.720,2.519,2,-0.520,-0.714,2.414,2,-0.085,-0.159,2.586,2,0.134,-0.297,2.381,2,0.261,-0.670,2.445,2,0.208,-0.707,2.338,2,-0.207,0.286,2.392,2,-0.251,0.383,2.207,2,-0.252,0.309,2.322,2,-0.134,0.336,2.044,2,-0.108,0.255,2.025,0,0,0,0,0
3.129|kb,95479216513580000,6,25,1,72057594037964220,2,-0.153,-0.133,2.656,2,-0.205,0.115,2.509,2,-0.273,0.362,2.351,2,-0.321,0.470,2.314,2,-0.358,0.286,2.484,1,-0.538,0.167,2.455,1,-0.340,0.350,2.327,1,-0.292,0.368,2.271,2,-0.103,0.318,2.254,2,-0.024,0.137,2.142,2,-0.093,0.190,2.083,2,-0.147,0.235,2.045,2,-0.217,-0.136,2.636,2,-0.409,-0.365,2.532,2,-0.506,-0.726,2.518,2,-0.533,-0.719,2.428,2,-0.087,-0.119,2.613,2,0.087,-0.360,2.403,2,0.257,-0.663,2.443,2,0.194,-0.708,2.348,2,-0.259,0.302,2.393,2,-0.255,0.385,2.243,2,-0.264,0.351,2.310,2,-0.166,0.292,2.008,2,-0.155,0.291,1.975,0,0,0,0,0
3.166|kb,95479219816990000,6,25,1,72057594037964220,2,-0.166,-0.133,2.624,2,-0.222,0.128,2.459,2,-0.273,0.383,2.288,2,-0.351,0.509,2.313,2,-0.388,0.300,2.535,1,-0.531,0.155,2.442,1,-0.356,0.365,2.322,1,-0.318,0.401,2.262,2,-0.130,0.335,2.259,2,-0.073,0.168,2.090,2,-0.229,0.207,1.934,2,-0.226,0.297,1.966,2,-0.220,-0.137,2.612,2,-0.467,-0.311,2.525,2,-0.502,-0.733,2.519,2,-0.539,-0.725,2.434,2,-0.111,-0.127,2.566,2,0.104,-0.294,2.382,2,0.250,-0.663,2.443,2,0.183,-0.709,2.352,2,-0.261,0.320,2.333,2,-0.238,0.489,2.245,2,-0.234,0.481,2.260,2,-0.216,0.342,1.940,2,-0.210,0.323,1.914,0,0,0,0,0
3.206|kb,95479223223050000,6,25,1,72057594037964220,2,-0.170,-0.135,2.622,2,-0.221,0.140,2.471,2,-0.259,0.429,2.331,2,-0.353,0.541,2.347,1,-0.375,0.345,2.578,1,-0.489,0.169,2.504,1,-0.370,0.386,2.337,1,-0.281,0.462,2.247,2,-0.164,0.353,2.268,2,-0.142,0.210,2.060,2,-0.276,0.275,1.893,2,-0.278,0.301,1.909,2,-0.223,-0.137,2.602,2,-0.414,-0.375,2.543,2,-0.509,-0.734,2.516,2,-0.554,-0.716,2.443,2,-0.117,-0.131,2.569,2,0.075,-0.360,2.401,2,0.245,-0.658,2.443,2,0.165,-0.705,2.362,2,-0.250,0.360,2.370,2,-0.281,0.484,2.222,2,-0.277,0.450,2.231,2,-0.285,0.362,1.875,2,-0.277,0.365,1.850,0,0,0,0,0
3.229|kb,95479226513510000,6,25,1,72057594037964220,2,-0.162,-0.130,2.641,2,-0.226,0.147,2.481,2,-0.295,0.427,2.319,2,-0.388,0.542,2.337,2,-0.413,0.272,2.570,1,-0.523,0.279,2.369,1,-0.376,0.450,2.260,1,-0.336,0.493,2.227,2,-0.177,0.362,2.276,2,-0.196,0.256,2.072,2,-0.311,0.287,1.871,2,-0.346,0.328,1.836,2,-0.216,-0.133,2.620,2,-0.408,-0.368,2.543,2,-0.510,-0.734,2.518,2,-0.537,-0.720,2.438,2,-0.104,-0.122,2.597,2,0.074,-0.360,2.401,2,0.242,-0.658,2.445,2,0.178,-0.714,2.355,2,-0.273,0.360,2.365,2,-0.290,0.568,2.219,2,-0.296,0.467,2.232,2,-0.369,0.363,1.783,2,-0.339,0.393,1.806,0,0,0,0,0
3.266|kb,95479229814490000,6,25,1,72057594037964220,2,-0.150,-0.130,2.617,2,-0.228,0.152,2.477,2,-0.306,0.436,2.320,2,-0.394,0.553,2.332,2,-0.408,0.266,2.587,1,-0.561,0.255,2.420,1,-0.378,0.437,2.298,1,-0.329,0.483,2.257,1,-0.193,0.378,2.282,2,-0.244,0.285,2.077,2,-0.365,0.298,1.826,2,-0.408,0.358,1.762,2,-0.191,-0.144,2.573,2,-0.433,-0.332,2.551,2,-0.506,-0.734,2.519,2,-0.537,-0.718,2.441,2,-0.099,-0.117,2.587,2,0.075,-0.318,2.393,2,0.241,-0.659,2.447,2,0.175,-0.714,2.359,2,-0.285,0.367,2.363,2,-0.281,0.563,2.248,2,-0.299,0.453,2.270,2,-0.426,0.419,1.712,2,-0.425,0.385,1.741,0,0,0,0,0
3.306|kb,95479233227130000,6,25,1,72057594037964220,2,-0.148,-0.121,2.629,2,-0.232,0.164,2.485,2,-0.314,0.445,2.327,2,-0.405,0.556,2.330,2,-0.410,0.267,2.586,1,-0.564,0.253,2.420,1,-0.502,0.290,2.127,2,-0.451,0.359,1.732,1,-0.200,0.387,2.290,2,-0.282,0.280,2.067,2,-0.386,0.305,1.819,2,-0.435,0.329,1.753,2,-0.194,-0.130,2.600,2,-0.398,-0.359,2.553,2,-0.505,-0.735,2.522,2,-0.532,-0.719,2.443,2,-0.098,-0.107,2.596,2,0.065,-0.355,2.401,2,0.256,-0.685,2.451,2,0.242,-0.732,2.406,2,-0.293,0.376,2.369,2,-0.448,0.394,1.697,2,-0.456,0.416,1.702,2,-0.450,0.367,1.701,2,-0.403,0.331,1.784,0,0,0,0,0
3.328|kb,95479236513700000,6,25,1,72057594037964220,2,-0.145,-0.129,2.640,2,-0.234,0.166,2.492,2,-0.321,0.459,2.338,2,-0.420,0.555,2.324,2,-0.415,0.266,2.582,1,-0.567,0.254,2.414,1,-0.504,0.281,2.121,2,-0.479,0.357,1.720,2,-0.185,0.295,2.348,2,-0.303,0.325,2.126,2,-0.405,0.312,1.843,2,-0.481,0.361,1.714,2,-0.198,-0.139,2.617,2,-0.429,-0.337,2.546,2,-0.501,-0.735,2.525,2,-0.529,-0.719,2.443,2,-0.088,-0.117,2.600,2,0.075,-0.304,2.381,2,0.254,-0.688,2.451,2,0.177,-0.715,2.356,2,-0.299,0.386,2.378,2,-0.477,0.394,1.671,2,-0.514,0.379,1.716,2,-0.481,0.405,1.677,2,-0.468,0.416,1.678,0,0,0,0,0
3.374|kb,95479239813990000,6,25,1,72057594037964220,2,-0.145,-0.130,2.640,2,-0.237,0.167,2.494,2,-0.331,0.464,2.342,2,-0.435,0.555,2.331,2,-0.422,0.263,2.577,2,-0.365,0.288,2.277,2,-0.415,0.291,1.979,2,-0.498,0.353,1.716,2,-0.188,0.295,2.347,2,-0.309,0.326,2.132,2,-0.422,0.305,1.853,2,-0.507,0.381,1.701,2,-0.199,-0.140,2.617,2,-0.430,-0.338,2.546,2,-0.498,-0.734,2.527,2,-0.526,-0.719,2.443,2,-0.088,-0.118,2.601,2,0.076,-0.304,2.381,2,0.252,-0.687,2.450,2,0.178,-0.715,2.353,2,-0.308,0.391,2.382,2,-0.505,0.404,1.661,2,-0.527,0.346,1.712,2,-0.534,0.437,1.624,2,-0.531,0.384,1.713,0,0,0,0,0
3.398|kb,95479243221200000,6,25,1,72057594037964220,2,-0.146,-0.132,2.640,2,-0.245,0.167,2.496,2,-0.348,0.463,2.344,2,-0.447,0.562,2.335,2,-0.428,0.262,2.573,2,-0.367,0.287,2.273,2,-0.419,0.290,1.976,2,-0.509,0.351,1.718,2,-0.194,0.294,2.345,2,-0.313,0.327,2.140,2,-0.427,0.305,1.863,2,-0.516,0.380,1.699,2,-0.201,-0.142,2.616,2,-0.433,-0.340,2.546,2,-0.495,-0.734,2.528,2,-0.525,-0.721,2.444,2,-0.088,-0.119,2.600,2,0.077,-0.303,2.379,2,0.248,-0.683,2.448,2,0.177,-0.714,2.351,2,-0.323,0.390,2.385,2,-0.527,0.405,1.646,2,-0.537,0.356,1.716,2,-0.536,0.418,1.642,2,-0.538,0.371,1.713,0,0,0,0,0
3.440|kb,95479246516450000,6,25,1,72057594037964220,2,-0.147,-0.131,2.639,2,-0.251,0.168,2.497,2,-0.357,0.462,2.348,2,-0.455,0.564,2.342,2,-0.432,0.258,2.571,2,-0.369,0.286,2.271,2,-0.422,0.289,1.975,2,-0.517,0.347,1.721,2,-0.198,0.292,2.344,2,-0.317,0.324,2.145,2,-0.415,0.306,1.915,2,-0.527,0.382,1.700,2,-0.206,-0.136,2.641,2,-0.428,-0.338,2.541,2,-0.494,-0.735,2.531,2,-0.524,-0.723,2.445,2,-0.092,-0.123,2.556,2,0.093,-0.320,2.369,2,0.245,-0.679,2.447,2,0.177,-0.714,2.350,2,-0.331,0.390,2.387,2,-0.538,0.401,1.650,2,-0.544,0.353,1.720,2,-0.552,0.426,1.641,2,-0.548,0.374,1.720,0,0,0,0,0
3.462|kb,95479249813410000,6,25,1,72057594037964220,2,-0.150,-0.134,2.639,2,-0.258,0.165,2.500,2,-0.366,0.459,2.351,2,-0.462,0.563,2.348,2,-0.435,0.250,2.571,2,-0.371,0.281,2.273,2,-0.437,0.295,1.979,2,-0.523,0.348,1.720,2,-0.200,0.289,2.345,2,-0.317,0.323,2.147,2,-0.441,0.300,1.874,2,-0.529,0.374,1.705,2,-0.208,-0.138,2.642,2,-0.430,-0.339,2.539,2,-0.492,-0.738,2.534,2,-0.500,-0.732,2.471,2,-0.094,-0.125,2.557,2,0.093,-0.319,2.368,2,0.243,-0.676,2.446,2,0.177,-0.714,2.348,2,-0.339,0.387,2.391,2,-0.542,0.399,1.652,2,-0.549,0.351,1.722,2,-0.553,0.415,1.648,2,-0.552,0.367,1.724,0,0,0,0,0
3.507|kb,95479253222410000,6,25,1,72057594037964220,2,-0.151,-0.135,2.638,2,-0.260,0.164,2.500,2,-0.369,0.458,2.352,2,-0.468,0.561,2.350,2,-0.439,0.246,2.567,2,-0.372,0.278,2.270,2,-0.422,0.282,1.972,2,-0.519,0.343,1.721,2,-0.202,0.287,2.346,2,-0.317,0.323,2.148,2,-0.431,0.296,1.878,2,-0.490,0.304,1.773,2,-0.209,-0.139,2.643,2,-0.430,-0.340,2.537,2,-0.491,-0.737,2.534,2,-0.500,-0.732,2.471,2,-0.093,-0.126,2.557,2,0.093,-0.319,2.366,2,0.242,-0.673,2.445,2,0.178,-0.714,2.347,2,-0.342,0.386,2.391,2,-0.540,0.395,1.652,2,-0.547,0.356,1.725,2,-0.513,0.319,1.709,2,-0.479,0.322,1.753,0,0,0,0,0
3.529|kb,95479256513860000,6,25,1,72057594037964220,2,-0.154,-0.134,2.637,2,-0.264,0.164,2.499,2,-0.371,0.457,2.351,2,-0.473,0.559,2.353,2,-0.442,0.243,2.567,2,-0.409,0.272,2.263,2,-0.461,0.301,1.967,2,-0.517,0.345,1.720,2,-0.202,0.285,2.347,2,-0.316,0.322,2.149,2,-0.430,0.296,1.876,2,-0.501,0.310,1.752,2,-0.219,-0.134,2.671,2,-0.424,-0.337,2.533,2,-0.491,-0.739,2.534,2,-0.500,-0.735,2.470,2,-0.100,-0.129,2.528,2,0.102,-0.326,2.364,2,0.240,-0.671,2.444,2,0.178,-0.713,2.345,2,-0.345,0.385,2.390,2,-0.536,0.395,1.655,2,-0.546,0.358,1.727,2,-0.511,0.337,1.696,2,-0.489,0.322,1.702,0,0,0,0,0
3.574|kb,95479259816120000,6,25,1,72057594037964220,2,-0.156,-0.134,2.638,2,-0.266,0.164,2.499,2,-0.373,0.455,2.351,2,-0.475,0.557,2.353,2,-0.439,0.235,2.562,2,-0.542,0.327,2.381,1,-0.623,0.269,2.180,2,-0.517,0.348,1.720,2,-0.202,0.283,2.347,2,-0.313,0.320,2.146,2,-0.428,0.295,1.869,2,-0.505,0.324,1.737,2,-0.221,-0.133,2.677,2,-0.422,-0.336,2.530,2,-0.492,-0.740,2.532,2,-0.521,-0.730,2.439,2,-0.100,-0.129,2.528,2,0.102,-0.325,2.363,2,0.239,-0.669,2.442,2,0.180,-0.712,2.343,2,-0.347,0.383,2.390,2,-0.514,0.376,1.685,2,-0.511,0.393,1.678,2,-0.511,0.353,1.688,2,-0.498,0.288,1.727,0,0,0,0,0
3.598|kb,95479263221190000,6,25,1,72057594037964220,2,-0.126,-0.162,2.670,2,-0.257,0.152,2.509,2,-0.373,0.452,2.351,2,-0.475,0.551,2.349,2,-0.442,0.235,2.562,1,-0.567,0.309,2.388,1,-0.614,0.252,2.175,2,-0.511,0.348,1.736,2,-0.198,0.281,2.347,2,-0.314,0.294,2.077,2,-0.418,0.287,1.870,2,-0.505,0.336,1.746,2,-0.198,-0.167,2.663,2,-0.446,-0.308,2.514,2,-0.490,-0.740,2.532,2,-0.503,-0.741,2.466,2,-0.052,-0.149,2.610,2,0.098,-0.305,2.354,2,0.239,-0.669,2.441,2,0.182,-0.715,2.343,2,-0.345,0.379,2.391,2,-0.521,0.383,1.691,2,-0.515,0.396,1.691,2,-0.526,0.377,1.684,2,-0.490,0.323,1.717,0,0,0,0,0
3.639|kb,95479266514730000,6,25,1,72057594037964220,2,-0.146,-0.174,2.656,2,-0.258,0.148,2.507,2,-0.370,0.451,2.349,2,-0.475,0.543,2.341,2,-0.441,0.235,2.562,1,-0.463,0.284,2.299,1,-0.578,0.308,2.109,2,-0.511,0.395,1.755,2,-0.193,0.278,2.346,2,-0.299,0.293,2.068,2,-0.414,0.289,1.870,2,-0.497,0.353,1.773,2,-0.216,-0.178,2.647,2,-0.468,-0.317,2.506,2,-0.487,-0.736,2.534,2,-0.503,-0.741,2.466,2,-0.074,-0.166,2.597,2,0.110,-0.302,2.353,2,0.240,-0.669,2.441,2,0.182,-0.714,2.342,2,-0.344,0.377,2.390,2,-0.534,0.414,1.709,2,-0.522,0.440,1.727,2,-0.529,0.404,1.708,2,-0.504,0.321,1.751,0,0,0,0,0
3.661|kb,95479269813530000,6,25,1,72057594037964220,2,-0.131,-0.165,2.658,2,-0.253,0.148,2.507,2,-0.368,0.449,2.346,2,-0.473,0.541,2.339,2,-0.442,0.234,2.562,1,-0.457,0.294,2.300,1,-0.574,0.319,2.111,2,-0.493,0.415,1.816,2,-0.189,0.280,2.346,2,-0.270,0.285,2.052,2,-0.414,0.302,1.875,2,-0.491,0.409,1.816,2,-0.205,-0.174,2.649,2,-0.461,-0.309,2.509,2,-0.486,-0.735,2.534,2,-0.504,-0.741,2.466,2,-0.052,-0.148,2.600,2,0.119,-0.302,2.358,2,0.244,-0.670,2.443,2,0.187,-0.716,2.343,2,-0.340,0.376,2.388,2,-0.517,0.434,1.771,2,-0.507,0.457,1.795,2,-0.527,0.455,1.778,2,-0.486,0.348,1.780,0,0,0,0,0
3.698|kb,95479273222320000,6,25,1,72057594037964220,2,-0.143,-0.167,2.653,2,-0.253,0.147,2.506,2,-0.360,0.448,2.344,2,-0.442,0.537,2.306,2,-0.440,0.234,2.563,2,-0.474,0.302,2.346,1,-0.536,0.336,2.132,2,-0.457,0.429,1.889,2,-0.183,0.284,2.345,2,-0.240,0.271,2.047,2,-0.409,0.334,1.917,2,-0.434,0.367,1.897,2,-0.210,-0.174,2.648,2,-0.463,-0.308,2.505,2,-0.488,-0.734,2.534,2,-0.505,-0.742,2.466,2,-0.079,-0.158,2.584,2,0.131,-0.294,2.366,2,0.248,-0.674,2.443,2,0.192,-0.716,2.342,2,-0.335,0.374,2.386,2,-0.480,0.447,1.836,2,-0.475,0.470,1.874,2,-0.470,0.432,1.845,2,-0.443,0.338,1.839,0,0,0,0,0
3.739|kb,95479276517140000,6,25,1,72057594037964220,2,-0.141,-0.165,2.652,2,-0.248,0.146,2.504,2,-0.347,0.444,2.343,2,-0.384,0.544,2.291,2,-0.438,0.236,2.560,2,-0.464,0.309,2.344,2,-0.430,0.391,2.101,2,-0.411,0.441,1.967,2,-0.173,0.290,2.343,2,-0.187,0.262,2.082,2,-0.362,0.335,1.968,2,-0.402,0.396,1.962,2,-0.209,-0.172,2.648,2,-0.462,-0.304,2.502,2,-0.489,-0.732,2.533,2,-0.505,-0.742,2.467,2,-0.073,-0.154,2.584,2,0.140,-0.293,2.372,2,0.251,-0.675,2.442,2,0.196,-0.713,2.339,2,-0.323,0.371,2.385,2,-0.437,0.469,1.894,2,-0.423,0.483,1.957,2,-0.436,0.467,1.919,2,-0.409,0.371,1.916,0,0,0,0,0
3.761|kb,95479279813500000,6,25,1,72057594037964220,2,-0.146,-0.154,2.645,2,-0.229,0.145,2.499,2,-0.281,0.424,2.341,2,-0.335,0.533,2.305,2,-0.413,0.281,2.521,2,-0.499,0.390,2.339,2,-0.434,0.422,2.047,2,-0.368,0.463,2.034,2,-0.158,0.365,2.258,2,-0.153,0.201,2.054,2,-0.312,0.345,2.033,2,-0.352,0.399,2.027,2,-0.209,-0.157,2.633,2,-0.460,-0.306,2.504,2,-0.493,-0.724,2.528,2,-0.535,-0.725,2.429,2,-0.081,-0.144,2.585,2,0.144,-0.283,2.388,2,0.259,-0.677,2.442,2,0.196,-0.708,2.343,2,-0.265,0.355,2.382,2,-0.385,0.478,1.995,2,-0.379,0.497,2.021,2,-0.380,0.471,2.021,2,-0.365,0.398,1.976,0,0,0,0,0
3.799|kb,95479283222120000,6,25,1,72057594037964220,2,-0.142,-0.142,2.647,2,-0.209,0.147,2.503,2,-0.265,0.422,2.347,2,-0.353,0.496,2.305,2,-0.415,0.287,2.507,2,-0.482,0.391,2.307,1,-0.417,0.424,2.014,1,-0.396,0.435,1.920,2,-0.148,0.360,2.260,2,-0.114,0.203,2.096,2,-0.294,0.386,2.080,2,-0.308,0.442,2.093,2,-0.205,-0.151,2.631,2,-0.456,-0.302,2.503,2,-0.494,-0.722,2.526,2,-0.534,-0.725,2.426,2,-0.076,-0.126,2.596,2,0.147,-0.274,2.404,2,0.265,-0.679,2.441,2,0.203,-0.705,2.341,2,-0.252,0.354,2.387,1,-0.413,0.450,1.881,1,-0.407,0.469,1.907,2,-0.347,0.510,2.127,2,-0.325,0.469,2.068,0,0,0,0,0
3.839|kb,95479286515530000,6,25,1,72057594037964220,2,-0.141,-0.137,2.647,2,-0.205,0.136,2.511,2,-0.264,0.372,2.376,2,-0.329,0.474,2.284,2,-0.412,0.290,2.474,2,-0.464,0.361,2.262,1,-0.393,0.391,1.970,1,-0.370,0.401,1.877,2,-0.116,0.355,2.273,2,-0.080,0.194,2.114,2,-0.256,0.383,2.117,1,-0.260,0.432,2.125,2,-0.205,-0.148,2.629,2,-0.454,-0.297,2.495,2,-0.497,-0.720,2.523,2,-0.526,-0.724,2.417,2,-0.073,-0.120,2.599,2,0.153,-0.269,2.414,2,0.269,-0.677,2.438,2,0.216,-0.698,2.333,2,-0.249,0.311,2.414,1,-0.388,0.416,1.837,1,-0.382,0.435,1.863,2,-0.294,0.499,2.147,2,-0.257,0.451,2.099,0,0,0,0,0
3.861|kb,95479289813520000,6,25,1,72057594037964220,2,-0.140,-0.133,2.651,2,-0.203,0.130,2.515,2,-0.262,0.369,2.375,2,-0.310,0.465,2.281,2,-0.409,0.289,2.466,2,-0.436,0.428,2.235,1,-0.363,0.320,2.000,2,-0.339,0.285,1.925,2,-0.111,0.353,2.278,2,-0.056,0.184,2.133,1,-0.235,0.402,2.134,1,-0.251,0.462,2.163,2,-0.205,-0.144,2.631,2,-0.451,-0.295,2.491,2,-0.501,-0.718,2.518,2,-0.526,-0.724,2.411,2,-0.072,-0.116,2.604,2,0.160,-0.264,2.426,2,0.284,-0.682,2.446,2,0.233,-0.702,2.341,2,-0.247,0.309,2.413,1,-0.356,0.300,1.886,1,-0.350,0.321,1.911,2,-0.311,0.519,2.160,2,-0.214,0.475,2.139,0,0,0,0,0
3.899|kb,95479293222350000,6,25,1,72057594037964220,2,-0.141,-0.133,2.654,2,-0.201,0.123,2.518,2,-0.255,0.360,2.373,2,-0.280,0.451,2.279,2,-0.401,0.286,2.454,2,-0.412,0.413,2.223,1,-0.340,0.306,1.983,2,-0.317,0.270,1.906,2,-0.102,0.333,2.292,2,-0.020,0.171,2.154,1,-0.185,0.375,2.154,1,-0.211,0.446,2.172,2,-0.207,-0.144,2.633,2,-0.450,-0.294,2.486,2,-0.502,-0.718,2.516,2,-0.523,-0.724,2.408,2,-0.072,-0.117,2.609,2,0.165,-0.261,2.434,2,0.287,-0.686,2.446,2,0.239,-0.704,2.340,2,-0.242,0.301,2.412,1,-0.335,0.286,1.867,1,-0.329,0.306,1.893,2,-0.255,0.506,2.167,2,-0.174,0.455,2.141,0,0,0,0,0
3.939|kb,95479296525690000,6,25,1,72057594037964220,2,-0.141,-0.146,2.659,2,-0.171,0.083,2.518,2,-0.197,0.317,2.359,2,-0.259,0.439,2.277,2,-0.354,0.259,2.406,2,-0.374,0.360,2.201,2,-0.466,0.169,2.239,2,-0.495,0.147,2.289,2,-0.068,0.275,2.338,2,-0.002,0.167,2.146,1,-0.169,0.369,2.158,1,-0.194,0.439,2.177,2,-0.210,-0.154,2.633,2,-0.455,-0.296,2.479,2,-0.503,-0.718,2.515,2,-0.506,-0.726,2.403,2,-0.067,-0.136,2.621,2,0.174,-0.262,2.438,2,0.290,-0.690,2.446,2,0.258,-0.705,2.336,2,-0.190,0.259,2.401,2,-0.518,0.114,2.302,2,-0.535,0.124,2.274,2,-0.235,0.501,2.162,2,-0.149,0.453,2.145,0,0,0,0,0
3.961|kb,95479299813540000,6,25,1,72057594037964220,2,-0.140,-0.167,2.646,2,-0.167,0.077,2.514,2,-0.192,0.313,2.360,2,-0.224,0.424,2.279,2,-0.343,0.252,2.402,2,-0.476,0.137,2.259,2,-0.358,0.308,2.183,2,-0.319,0.377,2.197,2,-0.054,0.274,2.346,2,0.038,0.150,2.176,1,-0.137,0.362,2.163,1,-0.164,0.431,2.178,2,-0.215,-0.180,2.606,2,-0.477,-0.305,2.470,2,-0.504,-0.714,2.514,2,-0.504,-0.723,2.398,2,-0.063,-0.152,2.615,2,0.189,-0.266,2.440,2,0.293,-0.692,2.446,2,0.264,-0.701,2.335,2,-0.186,0.255,2.401,2,-0.257,0.447,2.153,2,-0.326,0.387,2.222,2,-0.207,0.490,2.162,2,-0.117,0.444,2.146,0,0,0,0,0
3.999|kb,95479303221940000,6,25,1,72057594037964220,2,-0.145,-0.162,2.656,2,-0.167,0.077,2.515,2,-0.190,0.311,2.361,2,-0.203,0.415,2.278,2,-0.340,0.247,2.401,2,-0.428,0.139,2.220,2,-0.316,0.322,2.175,1,-0.264,0.396,2.186,2,-0.047,0.282,2.342,2,0.080,0.142,2.216,1,-0.092,0.351,2.192,1,-0.120,0.415,2.187,2,-0.218,-0.170,2.621,2,-0.432,-0.358,2.473,2,-0.510,-0.710,2.508,2,-0.505,-0.723,2.391,2,-0.068,-0.149,2.623,2,0.171,-0.317,2.471,2,0.301,-0.693,2.443,2,0.270,-0.698,2.337,2,-0.185,0.254,2.402,2,-0.218,0.468,2.151,2,-0.220,0.345,2.176,2,-0.151,0.483,2.181,2,-0.102,0.424,2.136,0,0,0,0,0
4.039|kb,95479306514670000,6,25,1,72057594037964220,2,-0.132,-0.180,2.649,2,-0.148,0.058,2.511,2,-0.159,0.288,2.363,2,-0.186,0.402,2.277,2,-0.304,0.224,2.380,2,-0.426,0.130,2.211,2,-0.276,0.284,2.165,1,-0.267,0.352,2.157,2,-0.012,0.256,2.363,2,0.090,0.123,2.208,2,-0.066,0.304,2.176,1,-0.096,0.375,2.179,2,-0.208,-0.190,2.607,2,-0.464,-0.310,2.452,2,-0.506,-0.700,2.508,2,-0.491,-0.716,2.389,2,-0.051,-0.167,2.622,2,0.210,-0.269,2.453,2,0.303,-0.698,2.446,2,0.285,-0.698,2.338,2,-0.157,0.231,2.402,2,-0.192,0.413,2.138,2,-0.247,0.376,2.143,2,-0.130,0.430,2.161,2,-0.052,0.387,2.166,0,0,0,0,0
4.063|kb,95479309813770000,6,25,1,72057594037964220,2,-0.136,-0.176,2.662,2,-0.144,0.064,2.510,2,-0.133,0.312,2.331,2,-0.170,0.400,2.274,2,-0.308,0.224,2.382,2,-0.408,0.129,2.200,2,-0.254,0.282,2.182,1,-0.212,0.364,2.171,2,-0.005,0.264,2.361,2,0.099,0.119,2.219,1,-0.080,0.322,2.177,1,-0.106,0.386,2.182,2,-0.211,-0.184,2.620,2,-0.426,-0.372,2.472,2,-0.511,-0.701,2.503,2,-0.493,-0.722,2.387,2,-0.058,-0.163,2.637,2,0.196,-0.330,2.471,2,0.309,-0.699,2.448,2,0.289,-0.698,2.345,2,-0.138,0.250,2.381,2,-0.160,0.417,2.140,2,-0.183,0.332,2.172,2,-0.143,0.446,2.152,2,-0.060,0.401,2.145,0,0,0,0,0
4.106|kb,95479313222470000,6,25,1,72057594037964220,2,-0.130,-0.184,2.656,2,-0.146,0.063,2.507,2,-0.178,0.313,2.334,2,-0.159,0.396,2.272,2,-0.309,0.226,2.384,2,-0.382,0.087,2.218,2,-0.270,0.270,2.174,1,-0.218,0.349,2.181,2,-0.005,0.260,2.363,2,0.102,0.114,2.224,2,-0.043,0.280,2.178,1,-0.070,0.349,2.182,2,-0.208,-0.190,2.615,2,-0.458,-0.310,2.448,2,-0.503,-0.692,2.505,2,-0.488,-0.714,2.388,2,-0.048,-0.175,2.630,2,0.215,-0.270,2.462,2,0.309,-0.700,2.452,2,0.291,-0.698,2.346,2,-0.164,0.251,2.379,2,-0.174,0.417,2.147,2,-0.228,0.343,2.220,2,-0.105,0.406,2.158,2,-0.027,0.364,2.164,0,0,0,0,0
4.129|kb,95479316513830000,6,25,1,72057594037964220,2,-0.129,-0.186,2.652,2,-0.147,0.063,2.504,2,-0.177,0.313,2.334,2,-0.146,0.393,2.273,2,-0.309,0.227,2.384,2,-0.370,0.088,2.213,2,-0.252,0.266,2.166,1,-0.201,0.342,2.184,2,-0.004,0.254,2.365,2,0.104,0.112,2.223,1,-0.043,0.281,2.178,1,-0.070,0.349,2.183,2,-0.207,-0.192,2.612,2,-0.420,-0.384,2.467,2,-0.511,-0.716,2.509,2,-0.495,-0.739,2.393,2,-0.047,-0.177,2.625,2,0.210,-0.338,2.469,2,0.312,-0.700,2.455,2,0.292,-0.697,2.349,2,-0.164,0.251,2.379,2,-0.154,0.410,2.140,2,-0.161,0.300,2.187,2,-0.101,0.403,2.153,2,-0.031,0.356,2.146,0,0,0,0,0
4.172|kb,95479319814040000,6,25,1,72057594037964220,2,-0.126,-0.188,2.649,2,-0.139,0.054,2.507,2,-0.141,0.278,2.366,2,-0.137,0.390,2.276,2,-0.304,0.229,2.384,2,-0.365,0.085,2.218,2,-0.252,0.267,2.168,1,-0.206,0.340,2.187,2,-0.004,0.250,2.366,2,0.106,0.110,2.224,1,-0.042,0.280,2.180,1,-0.068,0.348,2.183,2,-0.202,-0.193,2.610,2,-0.419,-0.384,2.466,2,-0.511,-0.714,2.508,2,-0.494,-0.738,2.390,2,-0.045,-0.179,2.621,2,0.210,-0.338,2.469,2,0.314,-0.699,2.457,2,0.293,-0.695,2.349,2,-0.140,0.223,2.402,2,-0.154,0.413,2.144,2,-0.160,0.304,2.190,2,-0.099,0.401,2.147,2,-0.028,0.303,2.145,0,0,0,0,0
4.195|kb,95479323224120000,6,25,1,72057594037964220,2,-0.117,-0.180,2.663,2,-0.135,0.066,2.514,2,-0.151,0.316,2.358,2,-0.123,0.392,2.277,2,-0.269,0.226,2.387,2,-0.367,0.090,2.232,2,-0.249,0.266,2.171,1,-0.215,0.335,2.193,2,0.057,0.278,2.344,2,0.096,0.088,2.226,1,-0.042,0.279,2.183,1,-0.067,0.343,2.187,2,-0.191,-0.185,2.625,2,-0.405,-0.367,2.466,2,-0.508,-0.695,2.501,2,-0.492,-0.720,2.384,2,-0.040,-0.170,2.634,2,0.209,-0.338,2.469,2,0.316,-0.698,2.463,2,0.292,-0.697,2.355,2,-0.146,0.251,2.401,2,-0.151,0.410,2.149,2,-0.158,0.310,2.200,2,-0.092,0.391,2.151,2,-0.021,0.308,2.144,0,0,0,0,0
4.240|kb,95479326522700000,6,25,1,72057594037964220,2,-0.114,-0.182,2.655,2,-0.122,0.059,2.515,2,-0.111,0.287,2.377,2,-0.107,0.397,2.282,2,-0.263,0.228,2.387,2,-0.372,0.089,2.244,2,-0.251,0.263,2.184,2,-0.251,0.276,2.186,2,0.056,0.263,2.350,2,0.100,0.079,2.225,2,0.001,0.272,2.213,1,-0.036,0.339,2.200,2,-0.192,-0.185,2.614,2,-0.438,-0.306,2.442,2,-0.491,-0.685,2.507,2,-0.479,-0.704,2.388,2,-0.033,-0.175,2.627,2,0.226,-0.276,2.456,2,0.312,-0.695,2.467,2,0.291,-0.695,2.355,2,-0.117,0.233,2.412,2,-0.246,0.349,2.168,2,-0.230,0.281,2.203,2,-0.055,0.399,2.187,2,-0.010,0.332,2.149,0,0,0,0,0
4.263|kb,95479329813550000,6,25,1,72057594037964220,2,-0.108,-0.170,2.660,2,-0.106,0.068,2.518,2,-0.098,0.296,2.370,2,-0.086,0.408,2.285,2,-0.241,0.241,2.381,2,-0.376,0.099,2.270,2,-0.251,0.260,2.184,2,-0.253,0.276,2.185,2,0.079,0.275,2.354,2,0.094,0.083,2.233,1,0.002,0.278,2.197,1,-0.023,0.343,2.202,2,-0.183,-0.172,2.620,2,-0.394,-0.355,2.458,2,-0.492,-0.684,2.501,2,-0.475,-0.701,2.383,2,-0.030,-0.165,2.631,2,0.204,-0.339,2.467,2,0.314,-0.693,2.467,2,0.294,-0.697,2.356,2,-0.101,0.240,2.408,2,-0.244,0.348,2.156,2,-0.228,0.309,2.226,2,-0.046,0.402,2.190,2,0.024,0.362,2.175,0,0,0,0,0
4.306|kb,95479333221570000,6,25,1,72057594037964220,2,-0.107,-0.167,2.664,2,-0.097,0.073,2.522,2,-0.080,0.306,2.369,2,-0.065,0.419,2.294,2,-0.223,0.248,2.374,2,-0.392,0.077,2.337,2,-0.257,0.254,2.182,2,-0.248,0.286,2.183,2,0.084,0.272,2.368,2,0.115,0.073,2.266,2,0.036,0.273,2.228,1,-0.001,0.343,2.214,2,-0.183,-0.169,2.621,2,-0.420,-0.294,2.434,2,-0.487,-0.682,2.502,2,-0.468,-0.699,2.383,2,-0.025,-0.159,2.642,2,0.220,-0.275,2.457,2,0.313,-0.693,2.469,2,0.298,-0.698,2.356,2,-0.085,0.249,2.410,2,-0.234,0.359,2.145,2,-0.223,0.325,2.231,2,-0.030,0.404,2.205,2,0.038,0.359,2.183,0,0,0,0,0
4.329|kb,95479336513440000,6,25,1,72057594037964220,2,-0.104,-0.162,2.665,2,-0.089,0.081,2.523,2,-0.070,0.317,2.369,2,-0.042,0.433,2.301,2,-0.205,0.247,2.359,2,-0.396,0.109,2.288,2,-0.254,0.256,2.175,2,-0.230,0.307,2.160,2,0.083,0.276,2.367,2,0.138,0.070,2.296,2,0.061,0.268,2.241,1,0.036,0.319,2.242,2,-0.181,-0.166,2.619,2,-0.417,-0.294,2.434,2,-0.483,-0.680,2.501,2,-0.460,-0.697,2.381,2,-0.023,-0.154,2.644,2,0.219,-0.275,2.458,2,0.311,-0.694,2.472,2,0.301,-0.700,2.359,2,-0.075,0.259,2.410,2,-0.202,0.378,2.121,2,-0.206,0.321,2.214,2,-0.004,0.376,2.226,2,0.037,0.322,2.182,0,0,0,0,0
4.374|kb,95479339817200000,6,25,1,72057594037964220,2,-0.100,-0.157,2.666,2,-0.079,0.091,2.524,2,-0.054,0.333,2.372,2,-0.016,0.446,2.311,2,-0.198,0.247,2.354,2,-0.393,0.131,2.257,2,-0.241,0.263,2.130,2,-0.207,0.317,2.121,2,0.087,0.279,2.377,2,0.178,0.080,2.355,2,0.089,0.261,2.266,1,0.071,0.305,2.272,2,-0.178,-0.161,2.617,2,-0.412,-0.293,2.433,2,-0.481,-0.682,2.497,2,-0.454,-0.699,2.378,2,-0.019,-0.147,2.649,2,0.217,-0.276,2.460,2,0.310,-0.693,2.473,2,0.306,-0.699,2.360,2,-0.060,0.273,2.412,2,-0.171,0.390,2.091,2,-0.181,0.336,2.164,2,0.020,0.368,2.256,2,0.066,0.346,2.198,0,0,0,0,0
4.397|kb,95479343221370000,6,25,1,72057594037964220,2,-0.096,-0.154,2.664,2,-0.070,0.098,2.523,2,-0.042,0.346,2.371,2,0.010,0.457,2.320,2,-0.162,0.247,2.337,2,-0.377,0.163,2.193,2,-0.191,0.295,2.085,2,-0.175,0.332,2.068,2,0.098,0.275,2.432,2,0.197,0.086,2.366,2,0.114,0.287,2.291,1,0.083,0.354,2.285,2,-0.171,-0.158,2.612,2,-0.405,-0.291,2.428,2,-0.478,-0.682,2.489,2,-0.431,-0.701,2.376,2,-0.017,-0.146,2.649,2,0.218,-0.279,2.462,2,0.308,-0.692,2.477,2,0.325,-0.696,2.369,2,-0.049,0.284,2.411,2,-0.142,0.401,2.052,2,-0.147,0.347,2.106,2,0.064,0.417,2.271,2,0.088,0.324,2.367,0,0,0,0,0
4.439|kb,95479346515210000,6,25,1,72057594037964220,2,-0.092,-0.155,2.663,2,-0.060,0.102,2.523,2,-0.025,0.357,2.372,2,0.027,0.463,2.329,2,-0.153,0.244,2.337,2,-0.301,0.225,2.138,2,-0.155,0.310,1.992,2,-0.130,0.359,1.999,2,0.097,0.276,2.429,1,0.232,0.104,2.428,1,0.123,0.296,2.316,1,0.096,0.361,2.315,2,-0.164,-0.160,2.607,2,-0.398,-0.289,2.420,2,-0.474,-0.681,2.481,2,-0.427,-0.702,2.368,2,-0.015,-0.146,2.649,2,0.220,-0.282,2.468,2,0.308,-0.691,2.485,2,0.325,-0.695,2.377,2,-0.034,0.294,2.412,2,-0.085,0.433,1.983,2,-0.106,0.361,2.032,2,0.072,0.422,2.263,2,0.049,0.365,2.375,0,0,0,0,0
4.463|kb,95479349813790000,6,25,1,72057594037964220,2,-0.098,-0.151,2.663,2,-0.058,0.104,2.523,2,-0.009,0.360,2.374,2,0.051,0.469,2.336,2,-0.147,0.243,2.338,2,-0.254,0.241,2.052,2,-0.099,0.343,1.929,2,-0.085,0.372,1.921,2,0.097,0.278,2.433,1,0.234,0.116,2.468,1,0.140,0.295,2.364,1,0.103,0.342,2.375,2,-0.172,-0.154,2.604,2,-0.395,-0.291,2.406,2,-0.469,-0.683,2.469,2,-0.419,-0.706,2.358,2,-0.021,-0.143,2.653,2,0.216,-0.281,2.475,2,0.308,-0.692,2.487,2,0.328,-0.695,2.380,2,-0.023,0.297,2.413,2,-0.055,0.449,1.905,2,-0.048,0.383,1.960,2,0.111,0.424,2.333,2,0.056,0.341,2.395,0,0,0,0,0
4.506|kb,95479353226780000,6,25,1,72057594037964220,2,-0.093,-0.154,2.661,2,-0.047,0.105,2.523,2,0.002,0.361,2.375,2,0.069,0.469,2.338,2,-0.141,0.238,2.342,2,-0.171,0.259,2.064,2,-0.076,0.331,1.862,2,-0.038,0.374,1.843,2,0.100,0.282,2.439,2,0.236,0.128,2.496,1,0.142,0.295,2.385,1,0.111,0.345,2.394,2,-0.163,-0.161,2.599,2,-0.391,-0.287,2.401,2,-0.467,-0.681,2.467,2,-0.415,-0.707,2.358,2,-0.019,-0.143,2.653,2,0.218,-0.284,2.479,2,0.308,-0.694,2.488,2,0.330,-0.695,2.383,2,-0.010,0.298,2.414,2,-0.029,0.440,1.807,2,0.006,0.404,1.875,2,0.126,0.425,2.349,2,0.045,0.306,2.358,0,0,0,0,0
4.529|kb,95479356514800000,6,25,1,72057594037964220,2,-0.090,-0.150,2.659,2,-0.042,0.108,2.521,2,0.007,0.361,2.373,2,0.105,0.446,2.360,2,-0.140,0.236,2.343,2,-0.141,0.264,2.038,2,-0.016,0.333,1.796,2,0.020,0.388,1.771,2,0.111,0.299,2.456,2,0.212,0.140,2.550,1,0.143,0.314,2.389,1,0.122,0.360,2.397,2,-0.159,-0.157,2.595,2,-0.387,-0.286,2.398,2,-0.463,-0.679,2.461,2,-0.407,-0.706,2.355,2,-0.017,-0.139,2.652,2,0.219,-0.288,2.484,2,0.308,-0.696,2.489,2,0.333,-0.695,2.387,2,-0.005,0.299,2.413,2,0.023,0.450,1.732,2,0.067,0.422,1.794,2,0.127,0.431,2.313,2,0.051,0.314,2.358,0,0,0,0,0
4.573|kb,95479359814200000,6,25,1,72057594037964220,2,-0.095,-0.139,2.656,2,-0.042,0.108,2.521,2,0.015,0.353,2.371,2,0.107,0.447,2.361,2,-0.139,0.236,2.344,2,-0.098,0.276,2.042,2,0.036,0.360,1.786,2,0.072,0.402,1.720,2,0.130,0.314,2.462,2,0.189,0.142,2.566,1,0.137,0.319,2.407,1,0.129,0.358,2.405,2,-0.163,-0.145,2.592,2,-0.382,-0.286,2.394,2,-0.461,-0.680,2.458,2,-0.405,-0.710,2.354,2,-0.024,-0.130,2.652,2,0.211,-0.286,2.490,2,0.308,-0.698,2.490,2,0.333,-0.696,2.390,2,0.000,0.294,2.411,2,0.071,0.461,1.678,2,0.116,0.424,1.730,2,0.147,0.429,2.358,2,0.052,0.322,2.358,0,0,0,0,0
4.598|kb,95479363221750000,6,25,1,72057594037964220,2,-0.104,-0.131,2.651,2,-0.036,0.113,2.515,2,0.044,0.355,2.362,2,0.116,0.472,2.360,2,-0.135,0.243,2.342,2,-0.049,0.312,2.099,2,0.052,0.358,1.818,2,0.113,0.403,1.692,2,0.130,0.313,2.462,2,0.151,0.160,2.599,1,0.112,0.320,2.448,1,0.123,0.345,2.430,2,-0.173,-0.132,2.588,2,-0.382,-0.288,2.389,2,-0.461,-0.681,2.456,2,-0.404,-0.713,2.354,2,-0.033,-0.125,2.645,2,0.206,-0.285,2.495,2,0.308,-0.701,2.491,2,0.332,-0.699,2.394,2,0.022,0.297,2.402,2,0.102,0.467,1.627,2,0.157,0.423,1.691,2,0.148,0.390,2.401,2,0.064,0.312,2.367,0,0,0,0,0
4.639|kb,95479366517890000,6,25,1,72057594037964220,2,-0.117,-0.123,2.620,2,-0.032,0.151,2.483,2,0.054,0.417,2.339,2,0.134,0.533,2.346,2,-0.129,0.248,2.340,2,-0.040,0.318,2.107,2,0.071,0.355,1.829,2,0.139,0.401,1.681,2,0.149,0.333,2.451,2,0.128,0.167,2.616,1,0.087,0.328,2.467,1,0.120,0.334,2.472,2,-0.187,-0.121,2.530,2,-0.402,-0.308,2.380,2,-0.460,-0.681,2.455,2,-0.406,-0.714,2.350,2,-0.041,-0.122,2.638,2,0.202,-0.284,2.499,2,0.308,-0.703,2.490,2,0.330,-0.697,2.391,2,0.032,0.351,2.377,2,0.131,0.459,1.618,2,0.185,0.420,1.683,2,0.136,0.368,2.400,2,0.074,0.315,2.378,0,0,0,0,0
4.665|kb,95479369813570000,6,25,1,72057594037964220,2,-0.098,-0.100,2.636,2,-0.022,0.199,2.498,2,0.049,0.485,2.345,2,0.157,0.564,2.336,2,-0.092,0.266,2.333,2,-0.013,0.325,2.095,2,0.099,0.357,1.817,2,0.159,0.399,1.679,1,0.150,0.408,2.454,2,0.130,0.171,2.614,1,0.086,0.331,2.465,1,0.125,0.340,2.421,2,-0.161,-0.116,2.530,2,-0.340,-0.357,2.408,2,-0.463,-0.673,2.449,2,-0.394,-0.709,2.352,2,-0.033,-0.074,2.681,2,0.160,-0.328,2.514,2,0.316,-0.710,2.488,2,0.341,-0.697,2.400,2,0.031,0.415,2.385,2,0.148,0.456,1.610,2,0.206,0.418,1.682,2,0.142,0.370,2.399,2,0.071,0.309,2.356,0,0,0,0,0
4.710|kb,95479373221640000,6,25,1,72057594037964220,2,-0.098,-0.107,2.641,2,-0.021,0.195,2.498,2,0.051,0.482,2.340,2,0.159,0.566,2.336,2,-0.097,0.265,2.334,2,-0.011,0.323,2.097,2,0.101,0.357,1.820,2,0.169,0.394,1.680,2,0.160,0.362,2.469,2,0.129,0.163,2.616,1,0.088,0.324,2.467,1,0.125,0.326,2.472,2,-0.165,-0.123,2.575,2,-0.371,-0.280,2.373,2,-0.461,-0.672,2.448,2,-0.397,-0.710,2.348,2,-0.030,-0.098,2.660,2,0.182,-0.282,2.494,2,0.316,-0.710,2.487,2,0.336,-0.698,2.397,2,0.033,0.412,2.382,2,0.166,0.454,1.615,2,0.214,0.406,1.682,2,0.140,0.360,2.399,2,0.081,0.311,2.381,0,0,0,0,0
4.739|kb,95479376513680000,6,25,1,72057594037964220,2,-0.099,-0.110,2.639,2,-0.020,0.191,2.494,2,0.055,0.480,2.336,2,0.162,0.568,2.336,2,-0.099,0.264,2.334,2,-0.010,0.322,2.098,2,0.102,0.353,1.820,2,0.170,0.390,1.681,2,0.178,0.365,2.458,2,0.133,0.158,2.607,2,0.154,0.321,2.430,1,0.172,0.346,2.420,2,-0.167,-0.125,2.553,2,-0.381,-0.288,2.368,2,-0.460,-0.672,2.448,2,-0.401,-0.711,2.345,2,-0.030,-0.100,2.659,2,0.184,-0.282,2.493,2,0.314,-0.709,2.485,2,0.330,-0.698,2.390,2,0.036,0.409,2.378,2,0.173,0.452,1.621,2,0.214,0.401,1.683,2,0.189,0.403,2.379,2,0.198,0.314,2.377,0,0,0,0,0
4.764|kb,95479379813930000,6,25,1,72057594037964220,2,-0.099,-0.113,2.637,2,-0.020,0.189,2.492,2,0.056,0.480,2.335,2,0.164,0.567,2.336,2,-0.101,0.263,2.334,2,-0.011,0.322,2.098,2,0.101,0.354,1.820,2,0.164,0.391,1.682,2,0.187,0.363,2.450,2,0.133,0.158,2.596,1,0.153,0.323,2.426,1,0.170,0.348,2.413,2,-0.168,-0.125,2.553,2,-0.380,-0.289,2.368,2,-0.458,-0.671,2.448,2,-0.403,-0.710,2.342,2,-0.029,-0.107,2.651,2,0.189,-0.287,2.490,2,0.312,-0.706,2.484,2,0.327,-0.696,2.386,2,0.037,0.409,2.376,2,0.159,0.453,1.606,2,0.209,0.405,1.683,2,0.183,0.392,2.387,2,0.127,0.344,2.310,0,0,0,0,0
4.806|kb,95479383223020000,6,25,1,72057594037964220,2,-0.099,-0.114,2.637,2,-0.020,0.188,2.492,2,0.056,0.480,2.335,2,0.166,0.565,2.335,2,-0.103,0.261,2.337,2,-0.019,0.327,2.110,2,0.094,0.353,1.831,2,0.154,0.391,1.693,1,0.187,0.363,2.450,1,0.136,0.160,2.582,1,0.154,0.326,2.414,1,0.171,0.353,2.407,2,-0.168,-0.126,2.551,2,-0.382,-0.291,2.367,2,-0.457,-0.672,2.448,1,-0.403,-0.710,2.342,2,-0.029,-0.107,2.652,2,0.189,-0.286,2.489,2,0.310,-0.704,2.483,2,0.325,-0.695,2.384,2,0.037,0.409,2.376,2,0.159,0.448,1.635,2,0.200,0.410,1.693,2,0.170,0.385,2.362,2,0.121,0.359,2.383,0,0,0,0,0
4.829|kb,95479386513400000,6,25,1,72057594037964220,2,-0.099,-0.115,2.636,2,-0.019,0.188,2.489,2,0.059,0.482,2.329,2,0.182,0.424,2.380,2,-0.106,0.260,2.338,2,-0.051,0.333,2.074,2,0.081,0.352,1.804,2,0.139,0.396,1.710,1,0.188,0.364,2.449,2,0.159,0.124,2.602,1,0.175,0.283,2.442,1,0.165,0.327,2.429,2,-0.168,-0.126,2.551,2,-0.382,-0.291,2.368,2,-0.457,-0.672,2.448,2,-0.403,-0.710,2.342,2,-0.028,-0.107,2.651,2,0.189,-0.286,2.487,2,0.309,-0.704,2.483,2,0.325,-0.695,2.383,2,0.039,0.409,2.371,2,0.156,0.453,1.655,2,0.181,0.418,1.708,2,0.186,0.400,2.391,2,0.133,0.346,2.492,0,0,0,0,0
4.867|kb,95479389813910000,6,25,1,72057594037964220,2,-0.099,-0.117,2.637,2,-0.018,0.172,2.490,2,0.061,0.440,2.328,2,0.201,0.434,2.381,2,-0.111,0.255,2.344,2,-0.074,0.295,2.042,2,0.077,0.369,1.792,2,0.114,0.409,1.747,1,0.188,0.355,2.450,2,0.170,0.111,2.598,1,0.186,0.280,2.431,1,0.167,0.331,2.420,2,-0.168,-0.126,2.554,2,-0.382,-0.291,2.372,2,-0.457,-0.673,2.448,2,-0.405,-0.712,2.343,2,-0.027,-0.110,2.651,2,0.191,-0.286,2.485,2,0.307,-0.703,2.484,2,0.323,-0.697,2.385,2,0.041,0.375,2.371,2,0.131,0.468,1.691,2,0.154,0.438,1.754,2,0.201,0.395,2.377,2,0.142,0.362,2.482,0,0,0,0,0
4.907|kb,95479393221330000,6,25,1,72057594037964220,2,-0.100,-0.120,2.642,2,-0.019,0.142,2.511,2,0.063,0.393,2.367,2,0.172,0.458,2.347,2,-0.112,0.251,2.348,2,-0.115,0.274,2.041,2,0.042,0.366,1.831,2,0.080,0.422,1.804,1,0.189,0.329,2.467,2,0.180,0.114,2.568,2,0.196,0.257,2.395,1,0.180,0.320,2.382,2,-0.171,-0.126,2.567,2,-0.382,-0.288,2.376,2,-0.457,-0.675,2.450,2,-0.406,-0.713,2.343,2,-0.028,-0.113,2.653,2,0.192,-0.285,2.483,2,0.306,-0.702,2.485,2,0.322,-0.697,2.384,2,0.043,0.330,2.406,2,0.118,0.478,1.745,2,0.106,0.451,1.820,2,0.203,0.380,2.351,2,0.144,0.335,2.462,0,0,0,0,0
4.935|kb,95479396513630000,6,25,1,72057594037964220,2,-0.110,-0.124,2.647,2,-0.028,0.125,2.525,2,0.053,0.358,2.396,2,0.123,0.464,2.334,2,-0.112,0.251,2.348,2,-0.154,0.288,2.046,2,0.029,0.399,1.882,2,0.038,0.431,1.871,2,0.175,0.321,2.469,2,0.198,0.107,2.499,2,0.176,0.319,2.338,1,0.174,0.371,2.323,2,-0.184,-0.126,2.577,2,-0.388,-0.290,2.380,2,-0.460,-0.677,2.455,2,-0.407,-0.712,2.349,2,-0.035,-0.120,2.653,2,0.191,-0.281,2.481,2,0.306,-0.702,2.485,2,0.323,-0.697,2.384,2,0.033,0.302,2.429,2,0.086,0.481,1.809,2,0.059,0.454,1.885,2,0.142,0.439,2.263,2,0.088,0.360,2.275,0,0,0,0,0
4.978|kb,95479399815030000,6,25,1,72057594037964220,2,-0.108,-0.125,2.645,2,-0.028,0.124,2.525,2,0.053,0.358,2.397,2,0.111,0.470,2.329,2,-0.114,0.255,2.349,2,-0.184,0.289,2.052,2,-0.017,0.397,1.953,2,-0.006,0.431,1.940,2,0.166,0.320,2.448,2,0.203,0.111,2.489,2,0.173,0.331,2.313,1,0.166,0.382,2.296,2,-0.183,-0.126,2.577,2,-0.393,-0.289,2.389,2,-0.462,-0.679,2.459,2,-0.413,-0.711,2.350,2,-0.031,-0.124,2.642,2,0.198,-0.283,2.473,2,0.305,-0.701,2.485,2,0.319,-0.696,2.380,2,0.033,0.302,2.430,2,0.039,0.485,1.905,2,-0.019,0.467,1.919,2,0.126,0.449,2.251,2,0.086,0.376,2.267,0,0,0,0,0
5.008|kb,95479403223610000,6,25,1,72057594037964220,2,-0.108,-0.127,2.644,2,-0.036,0.125,2.522,2,0.016,0.377,2.387,2,0.083,0.485,2.318,2,-0.135,0.284,2.371,2,-0.240,0.296,2.119,2,-0.057,0.370,2.017,2,-0.050,0.431,2.010,2,0.120,0.294,2.457,2,0.223,0.100,2.450,2,0.174,0.264,2.307,2,0.167,0.323,2.280,2,-0.183,-0.126,2.579,2,-0.399,-0.292,2.401,2,-0.464,-0.681,2.463,2,-0.423,-0.707,2.349,2,-0.030,-0.130,2.634,2,0.204,-0.284,2.465,2,0.304,-0.700,2.481,2,0.313,-0.697,2.370,2,0.005,0.313,2.423,2,-0.003,0.489,1.989,2,-0.070,0.454,1.983,2,0.189,0.379,2.245,2,0.134,0.344,2.291,0,0,0,0,0
5.040|kb,95479406514110000,6,25,1,72057594037964220,2,-0.108,-0.127,2.643,2,-0.045,0.128,2.520,2,0.006,0.381,2.386,2,0.062,0.491,2.311,2,-0.137,0.281,2.367,2,-0.270,0.288,2.161,2,-0.105,0.398,2.064,2,-0.095,0.431,2.066,2,0.120,0.293,2.456,2,0.211,0.095,2.428,2,0.165,0.286,2.266,2,0.150,0.353,2.246,2,-0.185,-0.123,2.583,2,-0.403,-0.291,2.412,2,-0.466,-0.685,2.464,2,-0.423,-0.707,2.350,2,-0.030,-0.131,2.630,2,0.203,-0.283,2.458,2,0.302,-0.699,2.479,2,0.314,-0.697,2.368,2,-0.006,0.318,2.422,2,-0.048,0.490,2.054,2,-0.109,0.455,2.040,2,0.169,0.415,2.206,2,0.134,0.385,2.269,0,0,0,0,0
5.063|kb,95479409813980000,6,25,1,72057594037964220,2,-0.108,-0.126,2.643,2,-0.053,0.133,2.519,2,-0.009,0.388,2.384,2,0.025,0.495,2.300,2,-0.145,0.287,2.369,2,-0.298,0.278,2.201,2,-0.198,0.360,2.146,2,-0.145,0.406,2.121,2,0.118,0.291,2.451,2,0.207,0.091,2.423,2,0.156,0.310,2.242,2,0.129,0.372,2.218,2,-0.187,-0.118,2.590,2,-0.405,-0.293,2.427,2,-0.470,-0.690,2.469,2,-0.430,-0.708,2.355,2,-0.029,-0.130,2.627,2,0.200,-0.282,2.449,2,0.302,-0.701,2.473,2,0.311,-0.701,2.359,2,-0.020,0.325,2.420,2,-0.117,0.473,2.106,2,-0.139,0.442,2.085,2,0.126,0.447,2.185,2,0.118,0.403,2.243,0,0,0,0,0
5.106|kb,95479413222900000,6,25,1,72057594037964220,2,-0.109,-0.124,2.643,2,-0.059,0.136,2.519,2,-0.018,0.390,2.383,2,0.001,0.497,2.292,2,-0.166,0.303,2.379,2,-0.322,0.267,2.217,2,-0.150,0.391,2.159,2,-0.171,0.415,2.153,2,0.115,0.291,2.443,2,0.212,0.105,2.365,2,0.135,0.287,2.231,2,0.104,0.349,2.197,2,-0.188,-0.112,2.598,2,-0.405,-0.293,2.440,2,-0.472,-0.692,2.472,2,-0.440,-0.706,2.356,2,-0.028,-0.129,2.623,2,0.197,-0.283,2.442,2,0.300,-0.700,2.470,2,0.302,-0.702,2.353,2,-0.028,0.328,2.419,2,-0.142,0.482,2.141,2,-0.170,0.444,2.115,2,0.111,0.413,2.160,2,0.083,0.371,2.217,0,0,0,0,0
5.130|kb,95479416514000000,6,25,1,72057594037964220,2,-0.109,-0.121,2.645,2,-0.060,0.136,2.520,2,-0.018,0.389,2.383,2,-0.038,0.492,2.281,2,-0.182,0.318,2.382,2,-0.356,0.248,2.257,2,-0.200,0.414,2.195,1,-0.184,0.447,2.185,2,0.104,0.290,2.419,2,0.207,0.109,2.336,2,0.109,0.286,2.217,2,0.079,0.349,2.180,2,-0.189,-0.106,2.610,2,-0.404,-0.291,2.456,2,-0.475,-0.697,2.478,2,-0.452,-0.707,2.361,2,-0.028,-0.127,2.620,2,0.194,-0.283,2.436,2,0.299,-0.697,2.470,2,0.292,-0.703,2.351,2,-0.028,0.327,2.419,2,-0.153,0.499,2.167,2,-0.111,0.447,2.213,2,0.081,0.411,2.149,2,0.058,0.369,2.204,0,0,0,0,0
5.174|kb,95479419814730000,6,25,1,72057594037964220,2,-0.109,-0.120,2.648,2,-0.071,0.135,2.519,2,-0.052,0.381,2.371,2,-0.069,0.485,2.279,2,-0.188,0.320,2.384,2,-0.369,0.224,2.295,2,-0.225,0.370,2.212,2,-0.227,0.406,2.206,2,0.101,0.288,2.412,2,0.177,0.115,2.288,2,0.088,0.289,2.156,2,0.051,0.351,2.161,2,-0.189,-0.105,2.617,2,-0.406,-0.290,2.467,2,-0.479,-0.700,2.483,2,-0.459,-0.709,2.368,2,-0.027,-0.127,2.619,2,0.190,-0.282,2.428,2,0.296,-0.692,2.468,2,0.286,-0.703,2.349,2,-0.056,0.321,2.411,2,-0.213,0.472,2.175,2,-0.207,0.407,2.228,2,0.044,0.420,2.131,2,0.028,0.341,2.188,0,0,0,0,0
5.197|kb,95479423221550000,6,25,1,72057594037964220,2,-0.110,-0.120,2.651,2,-0.086,0.131,2.519,2,-0.071,0.372,2.367,2,-0.105,0.474,2.276,2,-0.247,0.323,2.404,2,-0.394,0.199,2.286,2,-0.247,0.353,2.231,1,-0.222,0.416,2.215,2,0.056,0.277,2.354,2,0.175,0.097,2.290,2,0.027,0.283,2.151,2,0.022,0.347,2.151,2,-0.191,-0.106,2.626,2,-0.407,-0.290,2.473,2,-0.483,-0.705,2.488,2,-0.485,-0.711,2.375,2,-0.028,-0.127,2.619,2,0.186,-0.283,2.423,2,0.293,-0.684,2.465,2,0.260,-0.700,2.348,2,-0.075,0.313,2.407,2,-0.153,0.469,2.170,2,-0.232,0.431,2.242,2,0.012,0.420,2.127,2,0.000,0.331,2.175,0,0,0,0,0
