2.028|kb,95632179999320000,6,25,0,1,72057594037972009,2,0.244,-0.153,2.609,2,0.245,0.109,2.522,2,0.239,0.370,2.427,2,0.204,0.514,2.381,2,0.103,0.261,2.461,2,-0.013,0.291,2.204,2,0.179,0.352,2.133,2,0.241,0.389,2.153,2,0.391,0.301,2.439,2,0.495,0.085,2.531,2,0.576,-0.107,2.523,2,0.633,-0.157,2.512,2,0.164,-0.155,2.586,2,0.197,-0.417,2.741,1,0.253,-0.589,2.821,1,0.214,-0.658,2.728,2,0.318,-0.148,2.576,2,0.290,-0.356,2.254,2,0.258,-0.682,2.106,2,0.260,-0.657,2.029,2,0.242,0.305,2.453,2,0.298,0.411,2.149,2,0.245,0.380,2.180,2,0.686,-0.221,2.531,2,0.598,-0.154,2.523,0,0,0,0
2.050|kb,95632183298970000,6,25,0,1,72057594037972009,2,0.241,-0.154,2.611,2,0.240,0.108,2.524,2,0.235,0.368,2.428,2,0.202,0.512,2.381,2,0.102,0.258,2.461,2,-0.014,0.291,2.203,2,0.183,0.352,2.129,2,0.243,0.386,2.145,2,0.389,0.302,2.439,2,0.495,0.086,2.533,2,0.579,-0.105,2.525,2,0.636,-0.151,2.514,2,0.162,-0.156,2.587,2,0.196,-0.418,2.740,1,0.253,-0.591,2.821,1,0.214,-0.658,2.727,2,0.314,-0.149,2.580,2,0.281,-0.384,2.240,2,0.254,-0.704,2.098,2,0.243,-0.705,2.140,2,0.236,0.304,2.453,2,0.299,0.404,2.145,2,0.239,0.372,2.166,2,0.691,-0.214,2.535,2,0.635,-0.172,2.531,0,0,0,0
2.095|kb,95632186595980000,6,25,0,1,72057594037972009,2,0.241,-0.155,2.611,2,0.239,0.108,2.524,2,0.233,0.367,2.426,2,0.199,0.511,2.380,2,0.100,0.255,2.461,2,-0.015,0.291,2.201,2,0.177,0.347,2.125,2,0.213,0.366,2.129,2,0.387,0.302,2.439,2,0.496,0.087,2.534,2,0.582,-0.103,2.528,2,0.637,-0.144,2.515,2,0.162,-0.157,2.587,2,0.196,-0.418,2.740,1,0.251,-0.594,2.821,1,0.211,-0.658,2.726,2,0.314,-0.149,2.580,2,0.287,-0.351,2.256,2,0.254,-0.672,2.109,2,0.256,-0.653,2.031,2,0.235,0.303,2.452,2,0.255,0.399,2.147,2,0.231,0.353,2.153,2,0.693,-0.206,2.547,2,0.649,-0.161,2.540,0,0,0,0
2.119|kb,95632189999250000,6,25,0,1,72057594037972009,2,0.241,-0.155,2.611,2,0.239,0.107,2.522,2,0.230,0.365,2.421,2,0.195,0.509,2.376,2,0.097,0.252,2.460,2,-0.015,0.290,2.201,2,0.174,0.343,2.121,2,0.221,0.369,2.117,2,0.385,0.302,2.438,2,0.496,0.088,2.534,2,0.587,-0.099,2.528,2,0.646,-0.141,2.512,2,0.163,-0.159,2.586,2,0.196,-0.419,2.740,1,0.253,-0.595,2.820,1,0.210,-0.661,2.726,2,0.315,-0.149,2.580,2,0.287,-0.351,2.256,2,0.253,-0.673,2.106,2,0.256,-0.653,2.031,2,0.233,0.302,2.448,2,0.294,0.406,2.116,2,0.241,0.372,2.143,2,0.707,-0.209,2.535,2,0.649,-0.159,2.530,0,0,0,0
2.161|kb,95632193303400000,6,25,0,1,72057594037972009,2,0.240,-0.156,2.611,2,0.235,0.106,2.519,2,0.226,0.363,2.414,2,0.191,0.508,2.370,2,0.094,0.249,2.457,2,-0.014,0.289,2.187,2,0.177,0.341,2.111,2,0.217,0.367,2.103,2,0.382,0.301,2.435,2,0.499,0.089,2.534,2,0.597,-0.095,2.523,2,0.653,-0.132,2.500,2,0.162,-0.159,2.586,2,0.194,-0.419,2.740,1,0.253,-0.597,2.819,1,0.209,-0.659,2.725,2,0.314,-0.150,2.580,2,0.287,-0.351,2.256,2,0.251,-0.675,2.103,2,0.255,-0.653,2.029,2,0.228,0.299,2.442,2,0.293,0.405,2.099,2,0.243,0.369,2.132,2,0.711,-0.194,2.526,2,0.628,-0.128,2.510,0,0,0,0
2.188|kb,95632196590900000,6,25,0,1,72057594037972009,2,0.239,-0.156,2.610,2,0.232,0.104,2.517,2,0.222,0.360,2.410,2,0.187,0.503,2.364,2,0.092,0.247,2.451,2,-0.016,0.285,2.181,2,0.170,0.340,2.093,2,0.234,0.377,2.090,2,0.380,0.301,2.431,2,0.503,0.092,2.529,2,0.607,-0.089,2.517,2,0.662,-0.121,2.484,2,0.160,-0.160,2.585,2,0.180,-0.400,2.732,1,0.245,-0.578,2.813,1,0.199,-0.664,2.725,2,0.312,-0.150,2.580,2,0.278,-0.395,2.231,2,0.245,-0.720,2.089,2,0.250,-0.701,2.014,2,0.225,0.297,2.439,2,0.299,0.402,2.082,2,0.242,0.365,2.115,2,0.729,-0.181,2.518,2,0.724,-0.176,2.514,0,0,0,0
2.231|kb,95632200001450000,6,25,0,1,72057594037972009,2,0.240,-0.157,2.606,2,0.230,0.103,2.509,2,0.218,0.359,2.402,2,0.183,0.499,2.350,2,0.090,0.243,2.438,2,-0.018,0.286,2.167,2,0.159,0.342,2.053,2,0.227,0.382,2.052,2,0.375,0.301,2.421,2,0.509,0.098,2.517,2,0.631,-0.069,2.489,2,0.677,-0.107,2.459,2,0.161,-0.162,2.579,2,0.188,-0.409,2.729,1,0.251,-0.586,2.819,1,0.203,-0.666,2.729,2,0.313,-0.149,2.576,2,0.279,-0.391,2.229,2,0.247,-0.700,2.100,2,0.234,-0.698,2.157,2,0.221,0.296,2.430,2,0.291,0.410,2.043,2,0.235,0.368,2.073,2,0.745,-0.163,2.492,2,0.632,-0.091,2.476,0,0,0,0
2.261|kb,95632203301360000,6,25,0,1,72057594037972009,2,0.239,-0.153,2.596,2,0.229,0.105,2.499,2,0.216,0.358,2.391,2,0.180,0.494,2.335,2,0.089,0.251,2.412,2,-0.016,0.291,2.140,2,0.171,0.365,2.002,2,0.209,0.388,1.996,2,0.370,0.304,2.403,2,0.516,0.116,2.495,2,0.637,-0.052,2.463,2,0.687,-0.085,2.427,2,0.160,-0.159,2.570,2,0.187,-0.392,2.726,1,0.245,-0.577,2.814,1,0.192,-0.655,2.725,2,0.313,-0.144,2.566,2,0.279,-0.384,2.224,2,0.247,-0.696,2.103,2,0.231,-0.713,2.130,2,0.220,0.296,2.420,2,0.272,0.429,1.976,2,0.220,0.357,2.024,2,0.757,-0.140,2.443,2,0.645,-0.087,2.450,0,0,0,0
2.284|kb,95632206591860000,6,25,0,1,72057594037972009,2,0.240,-0.141,2.573,2,0.226,0.116,2.471,2,0.209,0.368,2.358,2,0.173,0.507,2.305,2,0.083,0.266,2.381,2,-0.015,0.300,2.108,2,0.145,0.376,1.945,2,0.201,0.410,1.923,2,0.367,0.312,2.383,2,0.521,0.140,2.465,2,0.647,-0.022,2.421,2,0.699,-0.056,2.388,2,0.161,-0.149,2.545,2,0.184,-0.384,2.723,1,0.243,-0.573,2.814,2,0.186,-0.652,2.726,2,0.314,-0.131,2.544,2,0.282,-0.333,2.227,2,0.250,-0.662,2.116,2,0.259,-0.648,2.033,2,0.214,0.306,2.388,2,0.260,0.442,1.880,2,0.227,0.375,1.948,2,0.767,-0.098,2.403,2,0.704,-0.075,2.406,0,0,0,0
2.328|kb,95632209998770000,6,25,0,1,72057594037972009,2,0.240,-0.128,2.549,2,0.220,0.126,2.451,2,0.200,0.375,2.342,2,0.164,0.510,2.283,2,0.075,0.285,2.353,2,0.016,0.323,2.067,2,0.122,0.399,1.884,2,0.172,0.432,1.852,2,0.365,0.324,2.362,2,0.524,0.164,2.433,2,0.653,0.005,2.385,2,0.706,-0.021,2.345,2,0.161,-0.135,2.522,2,0.188,-0.412,2.738,1,0.259,-0.598,2.830,2,0.185,-0.651,2.749,2,0.313,-0.118,2.521,2,0.282,-0.334,2.225,2,0.249,-0.668,2.114,2,0.261,-0.649,2.031,2,0.205,0.314,2.371,2,0.223,0.467,1.796,2,0.199,0.398,1.871,2,0.773,-0.055,2.351,2,0.737,-0.042,2.363,0,0,0,0
2.351|kb,95632213298850000,6,25,0,1,72057594037972009,2,0.233,-0.114,2.528,2,0.209,0.143,2.421,2,0.185,0.395,2.303,2,0.157,0.513,2.244,2,0.069,0.301,2.317,2,0.007,0.336,2.031,2,0.098,0.417,1.819,2,0.139,0.454,1.784,2,0.353,0.338,2.328,2,0.521,0.192,2.398,2,0.658,0.044,2.339,2,0.709,0.017,2.294,2,0.155,-0.121,2.497,2,0.191,-0.413,2.732,1,0.257,-0.593,2.828,2,0.176,-0.630,2.760,2,0.306,-0.104,2.502,2,0.281,-0.335,2.212,2,0.250,-0.672,2.106,2,0.262,-0.653,2.023,2,0.191,0.333,2.334,2,0.189,0.481,1.703,2,0.192,0.437,1.815,2,0.782,-0.020,2.304,2,0.753,-0.021,2.311,0,0,0,0
2.395|kb,95632216597100000,6,25,0,1,72057594037972009,2,0.222,-0.097,2.510,2,0.204,0.154,2.404,2,0.184,0.401,2.287,2,0.161,0.530,2.217,2,0.075,0.321,2.281,2,-0.001,0.345,2.028,2,0.061,0.427,1.776,2,0.090,0.469,1.733,2,0.348,0.349,2.307,2,0.526,0.205,2.375,2,0.667,0.079,2.279,2,0.706,0.058,2.242,2,0.147,-0.105,2.480,2,0.188,-0.411,2.711,1,0.254,-0.576,2.815,2,0.162,-0.620,2.776,2,0.293,-0.088,2.484,2,0.280,-0.330,2.208,2,0.250,-0.673,2.105,2,0.266,-0.652,2.022,2,0.189,0.340,2.318,2,0.130,0.505,1.651,2,0.151,0.460,1.771,2,0.774,0.035,2.233,2,0.777,0.027,2.249,0,0,0,0
2.418|kb,95632219998920000,6,25,0,1,72057594037972009,2,0.221,-0.079,2.478,2,0.204,0.173,2.371,2,0.187,0.419,2.256,2,0.164,0.550,2.187,2,0.071,0.338,2.257,2,-0.019,0.347,2.004,2,0.028,0.435,1.735,2,0.047,0.481,1.695,2,0.347,0.361,2.284,2,0.531,0.232,2.329,2,0.671,0.115,2.221,2,0.703,0.095,2.178,2,0.145,-0.086,2.448,2,0.178,-0.395,2.678,1,0.254,-0.550,2.775,2,0.160,-0.595,2.770,2,0.292,-0.070,2.452,2,0.279,-0.330,2.203,2,0.250,-0.674,2.104,2,0.265,-0.652,2.020,2,0.191,0.358,2.286,2,0.074,0.515,1.607,2,0.114,0.485,1.721,2,0.759,0.089,2.145,2,0.771,0.074,2.172,0,0,0,0
2.461|kb,95632223299130000,6,25,0,1,72057594037972009,2,0.218,-0.068,2.458,2,0.204,0.181,2.357,2,0.189,0.426,2.246,2,0.164,0.558,2.179,2,0.071,0.370,2.209,2,0.006,0.393,1.989,2,-0.011,0.421,1.764,2,0.005,0.482,1.672,2,0.348,0.375,2.262,2,0.535,0.247,2.306,2,0.663,0.150,2.165,2,0.718,0.126,2.094,2,0.143,-0.075,2.430,2,0.176,-0.395,2.646,1,0.249,-0.549,2.751,1,0.154,-0.597,2.754,2,0.289,-0.060,2.429,2,0.278,-0.325,2.198,2,0.254,-0.684,2.095,2,0.274,-0.662,2.011,2,0.193,0.366,2.276,2,0.022,0.515,1.584,2,0.067,0.488,1.673,2,0.766,0.121,2.033,2,0.764,0.112,2.079,0,0,0,0
2.483|kb,95632226590740000,6,25,0,1,72057594037972009,2,0.220,-0.064,2.444,2,0.205,0.194,2.338,2,0.189,0.448,2.220,2,0.165,0.569,2.163,2,0.070,0.370,2.209,2,0.000,0.395,1.989,2,-0.034,0.439,1.712,2,-0.036,0.480,1.656,2,0.355,0.388,2.242,2,0.549,0.260,2.269,2,0.661,0.173,2.108,2,0.706,0.161,2.031,2,0.144,-0.072,2.418,2,0.168,-0.410,2.611,1,0.252,-0.564,2.696,1,0.165,-0.594,2.695,2,0.290,-0.054,2.414,2,0.278,-0.321,2.191,2,0.255,-0.685,2.094,2,0.270,-0.665,2.008,2,0.193,0.385,2.251,2,-0.034,0.514,1.567,2,0.028,0.479,1.632,2,0.745,0.162,1.958,2,0.743,0.155,2.007,0,0,0,0
2.521|kb,95632230000940000,6,25,0,1,72057594037972009,2,0.220,-0.054,2.427,2,0.207,0.204,2.323,2,0.193,0.456,2.209,2,0.170,0.576,2.149,2,0.069,0.372,2.205,2,-0.013,0.402,1.979,2,-0.058,0.440,1.708,2,-0.074,0.474,1.646,2,0.362,0.399,2.223,2,0.559,0.274,2.224,2,0.650,0.198,2.044,2,0.686,0.194,1.960,2,0.144,-0.060,2.397,2,0.160,-0.365,2.505,1,0.230,-0.554,2.634,1,0.154,-0.612,2.645,2,0.290,-0.046,2.400,2,0.282,-0.323,2.182,2,0.256,-0.683,2.092,2,0.267,-0.665,2.004,2,0.197,0.393,2.239,2,-0.077,0.504,1.553,2,-0.010,0.472,1.620,2,0.722,0.189,1.877,2,0.708,0.189,1.955,0,0,0,0
2.562|kb,95632233299140000,6,25,0,1,72057594037972009,2,0.220,-0.044,2.409,2,0.209,0.213,2.311,2,0.197,0.464,2.201,2,0.173,0.584,2.141,2,0.070,0.385,2.192,2,-0.030,0.403,1.971,2,-0.094,0.436,1.713,2,-0.111,0.463,1.649,2,0.366,0.407,2.212,2,0.570,0.289,2.185,2,0.635,0.223,1.990,2,0.657,0.224,1.899,2,0.145,-0.050,2.381,2,0.141,-0.366,2.450,2,0.235,-0.609,2.687,1,0.156,-0.664,2.695,2,0.291,-0.037,2.382,2,0.284,-0.320,2.178,2,0.256,-0.681,2.093,2,0.267,-0.664,2.003,2,0.200,0.402,2.230,2,-0.123,0.492,1.550,2,-0.049,0.463,1.616,2,0.691,0.215,1.810,2,0.679,0.214,1.900,0,0,0,0
2.585|kb,95632236590930000,6,25,0,1,72057594037972009,2,0.221,-0.035,2.391,2,0.212,0.222,2.298,2,0.202,0.474,2.193,2,0.177,0.593,2.131,2,0.072,0.402,2.183,2,-0.037,0.405,1.983,2,-0.130,0.423,1.722,2,-0.151,0.447,1.658,2,0.368,0.419,2.196,2,0.568,0.306,2.153,2,0.610,0.234,1.898,2,0.618,0.251,1.847,2,0.145,-0.039,2.364,2,0.115,-0.349,2.386,2,0.224,-0.618,2.673,2,0.205,-0.662,2.645,2,0.292,-0.031,2.361,2,0.284,-0.319,2.176,2,0.257,-0.680,2.095,2,0.265,-0.664,2.003,2,0.205,0.412,2.221,2,-0.180,0.471,1.559,2,-0.089,0.447,1.624,2,0.647,0.250,1.767,2,0.638,0.234,1.847,0,0,0,0
2.628|kb,95632239998990000,6,25,0,1,72057594037972009,2,0.222,-0.028,2.377,2,0.216,0.231,2.288,2,0.208,0.484,2.187,2,0.182,0.603,2.125,2,0.073,0.411,2.180,2,-0.049,0.412,1.996,2,-0.153,0.402,1.772,2,-0.192,0.429,1.676,2,0.370,0.422,2.188,2,0.549,0.335,2.111,2,0.567,0.271,1.845,2,0.575,0.276,1.809,2,0.146,-0.028,2.351,2,0.094,-0.327,2.333,2,0.203,-0.578,2.595,2,0.155,-0.618,2.508,2,0.293,-0.027,2.347,2,0.284,-0.320,2.176,2,0.257,-0.680,2.097,2,0.263,-0.663,2.005,2,0.210,0.422,2.214,2,-0.221,0.451,1.597,2,-0.129,0.428,1.630,2,0.591,0.283,1.732,2,0.508,0.290,1.794,0,0,0,0
2.652|kb,95632243298950000,6,25,0,1,72057594037972009,2,0.222,-0.017,2.360,2,0.219,0.241,2.277,2,0.213,0.493,2.181,2,0.186,0.612,2.117,2,0.076,0.422,2.174,2,-0.054,0.411,1.998,2,-0.169,0.393,1.794,2,-0.229,0.407,1.701,2,0.374,0.432,2.176,2,0.558,0.358,2.097,2,0.532,0.278,1.820,2,0.525,0.294,1.782,2,0.146,-0.014,2.337,2,0.079,-0.310,2.284,2,0.168,-0.526,2.482,2,0.111,-0.577,2.424,2,0.293,-0.020,2.326,2,0.285,-0.320,2.172,2,0.258,-0.680,2.099,2,0.262,-0.663,2.005,2,0.215,0.431,2.207,2,-0.268,0.425,1.627,2,-0.170,0.409,1.649,2,0.520,0.309,1.698,2,0.459,0.310,1.782,0,0,0,0
2.695|kb,95632246598130000,6,25,0,1,72057594037972009,2,0.223,-0.010,2.349,2,0.222,0.248,2.270,2,0.220,0.500,2.179,2,0.191,0.618,2.114,2,0.080,0.431,2.173,2,-0.060,0.410,2.005,2,-0.219,0.367,1.804,2,-0.263,0.384,1.738,2,0.377,0.438,2.169,2,0.561,0.397,2.067,2,0.492,0.293,1.805,2,0.479,0.310,1.780,2,0.147,-0.005,2.329,2,0.052,-0.281,2.215,2,0.134,-0.485,2.386,2,0.093,-0.552,2.331,2,0.295,-0.014,2.312,2,0.285,-0.322,2.167,2,0.258,-0.688,2.100,2,0.260,-0.672,2.004,2,0.220,0.438,2.203,2,-0.303,0.399,1.670,2,-0.214,0.393,1.693,2,0.450,0.329,1.696,2,0.423,0.323,1.789,0,0,0,0
2.719|kb,95632249998880000,6,25,0,1,72057594037972009,2,0.225,-0.005,2.351,2,0.225,0.253,2.270,2,0.224,0.505,2.177,2,0.197,0.625,2.111,2,0.083,0.439,2.171,2,-0.071,0.405,2.020,2,-0.236,0.354,1.841,2,-0.295,0.362,1.776,2,0.376,0.440,2.165,2,0.572,0.350,1.968,2,0.432,0.315,1.784,2,0.425,0.331,1.773,2,0.149,0.003,2.334,2,0.034,-0.241,2.162,2,0.122,-0.428,2.308,2,0.072,-0.486,2.252,2,0.296,-0.012,2.312,2,0.286,-0.321,2.164,2,0.261,-0.700,2.102,2,0.261,-0.688,2.005,2,0.225,0.443,2.202,2,-0.343,0.367,1.714,2,-0.250,0.374,1.724,2,0.380,0.351,1.706,2,0.369,0.344,1.796,0,0,0,0
2.761|kb,95632253314020000,6,25,0,1,72057594037972009,2,0.225,-0.005,2.351,2,0.227,0.255,2.269,2,0.231,0.510,2.177,2,0.207,0.632,2.111,2,0.087,0.452,2.175,2,-0.080,0.398,2.045,2,-0.250,0.333,1.892,2,-0.322,0.340,1.821,2,0.374,0.436,2.163,2,0.524,0.385,1.961,2,0.410,0.316,1.790,2,0.372,0.350,1.786,2,0.149,0.003,2.334,2,-0.009,-0.094,2.065,2,0.098,-0.363,2.232,2,0.065,-0.432,2.164,2,0.296,-0.012,2.311,2,0.296,-0.274,2.129,2,0.261,-0.694,2.101,2,0.258,-0.694,1.997,2,0.230,0.447,2.202,2,-0.375,0.335,1.763,2,-0.279,0.353,1.766,2,0.317,0.372,1.733,2,0.324,0.363,1.817,0,0,0,0
2.784|kb,95632256590880000,6,25,0,1,72057594037972009,2,0.214,-0.006,2.296,2,0.230,0.259,2.251,2,0.238,0.515,2.176,2,0.213,0.636,2.110,2,0.090,0.458,2.177,2,-0.085,0.392,2.061,2,-0.256,0.317,1.930,2,-0.337,0.312,1.872,2,0.374,0.434,2.164,2,0.513,0.380,1.941,2,0.345,0.336,1.813,2,0.322,0.367,1.808,2,0.136,0.005,2.286,2,-0.024,-0.035,2.003,2,0.070,-0.313,2.153,2,0.034,-0.372,2.080,2,0.287,-0.017,2.250,2,0.298,-0.303,2.119,2,0.263,-0.733,2.097,2,0.236,-0.738,2.112,2,0.235,0.451,2.198,2,-0.392,0.304,1.814,2,-0.299,0.328,1.803,2,0.261,0.392,1.765,2,0.271,0.377,1.851,0,0,0,0
2.828|kb,95632259999710000,6,25,0,1,72057594037972009,2,0.218,-0.002,2.280,2,0.234,0.268,2.230,2,0.244,0.527,2.168,2,0.220,0.643,2.111,2,0.094,0.462,2.181,2,-0.087,0.385,2.091,2,-0.252,0.299,1.983,2,-0.347,0.284,1.924,2,0.383,0.449,2.152,2,0.500,0.377,1.936,2,0.313,0.351,1.834,2,0.297,0.374,1.837,2,0.141,0.009,2.271,2,-0.016,-0.031,1.986,2,0.070,-0.262,2.105,2,0.033,-0.327,2.035,2,0.291,-0.013,2.233,2,0.280,-0.326,2.124,2,0.262,-0.716,2.113,2,0.255,-0.701,2.003,2,0.241,0.464,2.186,2,-0.405,0.272,1.870,2,-0.314,0.299,1.847,2,0.231,0.410,1.797,2,0.278,0.358,1.871,0,0,0,0
2.853|kb,95632263298640000,6,25,0,1,72057594037972009,2,0.237,0.004,2.258,2,0.248,0.273,2.218,2,0.258,0.535,2.164,2,0.230,0.652,2.112,2,0.095,0.463,2.183,2,-0.088,0.374,2.112,2,-0.254,0.269,2.027,2,-0.349,0.258,1.979,2,0.388,0.455,2.148,2,0.492,0.376,1.934,2,0.284,0.372,1.884,2,0.258,0.384,1.875,2,0.159,0.012,2.252,2,-0.001,0.033,1.967,2,0.057,-0.260,2.065,2,0.025,-0.303,1.985,2,0.310,-0.004,2.208,2,0.280,-0.324,2.121,2,0.263,-0.726,2.114,2,0.254,-0.712,2.003,2,0.256,0.471,2.180,2,-0.407,0.246,1.932,2,-0.322,0.276,1.892,2,0.182,0.423,1.847,2,0.250,0.366,1.928,0,0,0,0
2.895|kb,95632266593550000,6,25,0,1,72057594037972009,2,0.240,0.004,2.246,2,0.249,0.274,2.214,2,0.258,0.535,2.164,2,0.238,0.657,2.115,2,0.094,0.460,2.183,2,-0.090,0.360,2.134,2,-0.255,0.251,2.056,2,-0.328,0.233,2.039,2,0.390,0.458,2.147,2,0.444,0.373,1.934,2,0.234,0.385,1.911,2,0.213,0.400,1.902,2,0.162,0.011,2.238,2,-0.005,0.093,1.937,2,0.039,-0.224,1.986,2,0.024,-0.232,1.866,2,0.312,-0.002,2.197,2,0.278,-0.322,2.114,2,0.265,-0.737,2.111,1,0.255,-0.725,1.998,2,0.256,0.471,2.179,2,-0.390,0.226,2.011,2,-0.331,0.251,1.953,2,0.173,0.435,1.884,2,0.211,0.387,1.954,0,0,0,0
2.919|kb,95632269998830000,6,25,0,1,72057594037972009,2,0.236,0.008,2.228,2,0.250,0.275,2.208,2,0.259,0.535,2.165,2,0.247,0.660,2.118,2,0.095,0.460,2.184,2,-0.083,0.338,2.153,2,-0.253,0.222,2.100,2,-0.326,0.206,2.081,2,0.391,0.459,2.146,2,0.443,0.374,1.937,2,0.232,0.388,1.928,2,0.194,0.408,1.935,2,0.159,0.015,2.221,2,-0.008,0.138,1.913,2,-0.001,-0.231,1.918,2,-0.032,-0.252,1.863,2,0.307,0.002,2.179,2,0.270,-0.321,2.103,2,0.261,-0.731,2.104,2,0.250,-0.721,1.989,2,0.257,0.471,2.179,2,-0.389,0.189,2.055,2,-0.331,0.227,1.990,2,0.118,0.451,1.943,2,0.201,0.378,1.983,0,0,0,0
2.961|kb,95632273300670000,6,25,0,1,72057594037972009,2,0.232,0.010,2.210,2,0.249,0.276,2.202,2,0.261,0.536,2.166,2,0.257,0.661,2.123,2,0.096,0.460,2.186,2,-0.082,0.330,2.161,2,-0.244,0.198,2.134,2,-0.318,0.175,2.125,2,0.394,0.462,2.145,2,0.431,0.369,1.948,2,0.221,0.386,1.958,2,0.186,0.409,1.970,2,0.154,0.012,2.200,2,-0.014,0.141,1.895,2,-0.035,-0.240,1.865,2,-0.084,-0.239,1.779,2,0.303,0.008,2.163,2,0.264,-0.319,2.094,2,0.254,-0.729,2.095,1,0.212,-0.739,2.087,2,0.257,0.471,2.179,2,-0.381,0.143,2.098,2,-0.325,0.198,2.047,2,0.129,0.452,1.962,2,0.183,0.382,2.022,0,0,0,0
2.984|kb,95632276590870000,6,25,0,1,72057594037972009,2,0.232,0.017,2.194,2,0.253,0.279,2.198,2,0.280,0.537,2.184,2,0.266,0.663,2.130,2,0.105,0.462,2.199,1,-0.064,0.320,2.179,2,-0.227,0.170,2.174,2,-0.288,0.153,2.168,2,0.407,0.468,2.140,2,0.433,0.356,1.951,2,0.204,0.397,1.996,2,0.163,0.420,2.003,2,0.154,0.020,2.186,2,-0.023,0.180,1.863,2,-0.083,-0.221,1.775,1,-0.119,-0.194,1.710,2,0.305,0.012,2.146,2,0.258,-0.311,2.084,2,0.241,-0.726,2.097,1,0.194,-0.729,2.096,2,0.270,0.474,2.186,2,-0.353,0.122,2.175,2,-0.304,0.170,2.093,2,0.083,0.466,2.023,2,0.174,0.383,2.059,0,0,0,0
3.028|kb,95632280000350000,6,25,0,1,72057594037972009,2,0.233,0.017,2.179,2,0.253,0.280,2.189,2,0.279,0.537,2.182,2,0.276,0.664,2.139,2,0.105,0.462,2.199,1,-0.053,0.315,2.189,2,-0.233,0.139,2.195,2,-0.283,0.123,2.199,2,0.407,0.467,2.140,2,0.394,0.343,1.958,2,0.198,0.397,2.007,2,0.156,0.421,2.027,2,0.153,0.022,2.171,2,-0.029,0.178,1.849,2,-0.162,-0.189,1.698,2,-0.168,-0.153,1.640,2,0.306,0.010,2.131,2,0.257,-0.320,2.076,2,0.237,-0.728,2.098,2,0.199,-0.731,2.096,2,0.270,0.474,2.185,2,-0.335,0.083,2.199,2,-0.288,0.143,2.134,2,0.082,0.469,2.035,2,0.170,0.385,2.073,0,0,0,0
3.051|kb,95632283298800000,6,25,0,1,72057594037972009,2,0.233,0.019,2.167,2,0.260,0.281,2.186,2,0.299,0.536,2.195,2,0.289,0.663,2.151,2,0.117,0.461,2.219,1,-0.042,0.303,2.205,1,-0.229,0.129,2.205,1,-0.275,0.101,2.237,2,0.425,0.465,2.136,2,0.391,0.341,1.957,2,0.198,0.395,2.014,2,0.152,0.421,2.049,2,0.154,0.026,2.161,2,-0.031,0.180,1.841,2,-0.212,-0.148,1.619,1,-0.182,-0.104,1.565,2,0.306,0.011,2.117,2,0.257,-0.317,2.072,2,0.231,-0.704,2.098,1,0.208,-0.700,1.982,2,0.288,0.473,2.193,2,-0.309,0.061,2.242,2,-0.275,0.121,2.171,2,0.072,0.468,2.057,2,0.166,0.383,2.098,0,0,0,0
3.095|kb,95632286591310000,6,25,0,1,72057594037972009,2,0.233,0.018,2.153,2,0.265,0.279,2.183,2,0.305,0.534,2.199,2,0.299,0.662,2.161,2,0.135,0.454,2.218,1,-0.034,0.296,2.219,1,-0.222,0.119,2.220,1,-0.281,0.101,2.227,2,0.436,0.466,2.137,2,0.387,0.337,1.966,2,0.173,0.395,2.045,2,0.144,0.423,2.066,2,0.154,0.025,2.148,2,-0.044,0.178,1.808,2,-0.173,-0.108,1.519,1,-0.147,-0.070,1.487,2,0.306,0.009,2.101,2,0.259,-0.316,2.065,2,0.228,-0.695,2.099,1,0.205,-0.699,1.984,2,0.294,0.472,2.196,1,-0.315,0.061,2.231,1,-0.280,0.122,2.162,2,0.065,0.462,2.082,2,0.152,0.387,2.053,0,0,0,0
3.119|kb,95632289998950000,6,25,0,1,72057594037972009,2,0.234,0.017,2.141,2,0.269,0.279,2.180,2,0.310,0.532,2.203,2,0.316,0.656,2.177,2,0.134,0.457,2.226,1,-0.028,0.286,2.234,1,-0.217,0.110,2.235,1,-0.276,0.092,2.242,2,0.443,0.462,2.139,2,0.395,0.314,1.983,2,0.173,0.396,2.050,2,0.140,0.421,2.078,2,0.156,0.025,2.136,2,-0.056,0.169,1.786,2,-0.249,-0.097,1.479,1,-0.223,-0.082,1.440,2,0.307,0.009,2.090,2,0.259,-0.343,2.055,2,0.225,-0.687,2.099,1,0.201,-0.699,1.983,2,0.299,0.470,2.198,1,-0.309,0.052,2.247,1,-0.276,0.112,2.176,2,0.066,0.457,2.099,2,0.133,0.408,2.046,0,0,0,0
3.162|kb,95632293299930000,6,25,0,1,72057594037972009,2,0.234,0.012,2.127,2,0.274,0.276,2.177,2,0.320,0.529,2.211,2,0.329,0.653,2.191,2,0.151,0.453,2.225,1,-0.025,0.279,2.249,1,-0.214,0.103,2.249,1,-0.273,0.085,2.257,2,0.459,0.443,2.149,2,0.393,0.297,1.998,1,0.170,0.386,2.067,1,0.137,0.419,2.086,2,0.155,0.021,2.117,2,-0.053,0.151,1.786,2,-0.287,0.088,1.467,2,-0.266,0.041,1.502,2,0.307,0.003,2.080,2,0.259,-0.345,2.053,2,0.228,-0.678,2.099,1,0.208,-0.694,1.983,2,0.308,0.467,2.202,1,-0.307,0.045,2.261,1,-0.273,0.105,2.191,2,0.067,0.454,2.116,2,0.108,0.447,2.059,0,0,0,0
3.187|kb,95632296590990000,6,25,0,1,72057594037972009,2,0.232,0.003,2.111,2,0.278,0.271,2.173,2,0.326,0.525,2.215,2,0.341,0.648,2.202,2,0.163,0.448,2.220,2,0.058,0.289,2.322,1,-0.131,0.112,2.323,1,-0.190,0.095,2.330,2,0.465,0.425,2.154,1,0.379,0.268,1.984,1,0.148,0.344,2.041,2,0.129,0.417,2.081,2,0.153,0.015,2.098,2,-0.051,0.134,1.787,2,-0.278,0.152,1.483,1,-0.274,0.075,1.491,2,0.305,-0.008,2.067,2,0.257,-0.340,2.050,2,0.229,-0.675,2.099,1,0.212,-0.695,1.982,2,0.313,0.463,2.205,1,-0.224,0.055,2.335,1,-0.191,0.115,2.264,2,0.064,0.454,2.103,2,0.145,0.431,2.074,0,0,0,0
3.230|kb,95632300001360000,6,25,0,1,72057594037972009,2,0.228,-0.009,2.095,2,0.278,0.265,2.165,2,0.326,0.525,2.215,2,0.357,0.648,2.210,2,0.168,0.446,2.219,2,0.060,0.289,2.323,1,-0.130,0.112,2.323,1,-0.189,0.094,2.330,2,0.469,0.419,2.157,1,0.412,0.255,2.022,1,0.199,0.383,2.119,1,0.165,0.430,2.119,2,0.148,0.005,2.087,2,-0.050,0.134,1.787,2,-0.297,0.115,1.462,1,-0.293,0.039,1.467,2,0.302,-0.023,2.045,2,0.259,-0.358,2.046,2,0.226,-0.689,2.101,1,0.212,-0.713,1.984,2,0.313,0.462,2.205,1,-0.222,0.054,2.335,1,-0.191,0.115,2.264,2,0.167,0.460,2.163,2,0.219,0.437,2.157,0,0,0,0
3.254|kb,95632303299140000,6,25,0,1,72057594037972009,2,0.231,-0.014,2.085,2,0.280,0.260,2.160,2,0.326,0.524,2.216,2,0.367,0.646,2.216,2,0.177,0.449,2.219,2,0.062,0.288,2.328,1,-0.127,0.111,2.328,1,-0.186,0.093,2.335,2,0.469,0.413,2.158,1,0.411,0.253,2.020,1,0.199,0.383,2.120,1,0.174,0.430,2.128,2,0.151,-0.001,2.072,2,-0.050,0.134,1.777,2,-0.298,0.116,1.462,1,-0.293,0.038,1.467,2,0.305,-0.027,2.041,2,0.259,-0.360,2.043,2,0.223,-0.687,2.101,2,0.210,-0.713,1.984,2,0.314,0.460,2.204,1,-0.222,0.054,2.341,1,-0.189,0.114,2.268,2,0.182,0.463,2.184,2,0.224,0.434,2.158,0,0,0,0
3.295|kb,95632306592120000,6,25,0,1,72057594037972009,2,0.227,-0.022,2.079,2,0.279,0.256,2.157,2,0.327,0.523,2.216,2,0.376,0.644,2.222,2,0.173,0.428,2.225,2,0.064,0.284,2.332,1,-0.126,0.107,2.333,1,-0.185,0.089,2.340,2,0.471,0.408,2.159,1,0.417,0.245,2.021,1,0.205,0.383,2.126,1,0.193,0.440,2.156,2,0.149,-0.007,2.070,2,-0.051,0.136,1.768,2,-0.322,0.129,1.430,1,-0.333,0.050,1.412,2,0.300,-0.037,2.029,2,0.255,-0.352,2.033,2,0.222,-0.689,2.099,2,0.206,-0.717,1.983,2,0.315,0.458,2.204,1,-0.220,0.050,2.344,1,-0.186,0.110,2.274,2,0.164,0.471,2.216,2,0.225,0.442,2.174,0,0,0,0
3.319|kb,95632309998900000,6,25,0,1,72057594037972009,2,0.227,-0.022,2.073,2,0.281,0.254,2.155,2,0.335,0.515,2.221,2,0.378,0.638,2.228,2,0.175,0.428,2.229,2,0.069,0.283,2.333,1,-0.121,0.106,2.333,1,-0.180,0.088,2.340,2,0.472,0.405,2.160,2,0.412,0.258,2.007,1,0.191,0.361,2.090,1,0.144,0.405,2.062,2,0.148,-0.008,2.066,2,-0.052,0.139,1.759,2,-0.324,0.129,1.423,1,-0.332,0.052,1.408,2,0.300,-0.035,2.024,2,0.253,-0.354,2.030,2,0.222,-0.690,2.095,2,0.205,-0.720,1.980,2,0.321,0.452,2.206,1,-0.214,0.048,2.345,1,-0.181,0.109,2.274,2,0.114,0.446,2.045,2,0.134,0.446,2.054,0,0,0,0
3.361|kb,95632313300480000,6,25,0,1,72057594037972009,2,0.226,-0.023,2.071,2,0.282,0.251,2.153,2,0.337,0.513,2.223,2,0.381,0.636,2.231,2,0.179,0.432,2.234,2,0.069,0.283,2.333,1,-0.120,0.106,2.334,1,-0.179,0.088,2.341,2,0.473,0.402,2.160,1,0.411,0.257,2.006,1,0.191,0.359,2.089,1,0.141,0.408,2.057,2,0.147,-0.011,2.061,2,-0.053,0.138,1.755,2,-0.319,0.134,1.411,1,-0.328,0.057,1.397,2,0.300,-0.035,2.022,2,0.248,-0.344,2.022,2,0.220,-0.688,2.088,2,0.203,-0.719,1.973,2,0.323,0.449,2.207,1,-0.213,0.048,2.345,1,-0.180,0.109,2.275,2,0.086,0.445,2.091,2,0.190,0.434,2.154,0,0,0,0
3.384|kb,95632316590900000,6,25,0,1,72057594037972009,2,0.225,-0.023,2.068,2,0.282,0.250,2.153,2,0.339,0.511,2.224,2,0.383,0.634,2.232,2,0.187,0.441,2.249,2,0.069,0.282,2.333,1,-0.121,0.105,2.334,1,-0.180,0.087,2.341,2,0.473,0.400,2.160,1,0.411,0.257,2.004,1,0.191,0.358,2.087,1,0.138,0.409,2.049,2,0.146,-0.011,2.058,2,-0.054,0.137,1.749,2,-0.316,0.132,1.400,1,-0.322,0.056,1.390,2,0.298,-0.035,2.021,2,0.244,-0.350,2.019,2,0.218,-0.686,2.073,2,0.198,-0.715,1.959,2,0.324,0.448,2.208,1,-0.215,0.048,2.346,1,-0.182,0.109,2.274,2,0.115,0.439,2.054,2,0.139,0.440,2.052,0,0,0,0
3.428|kb,95632319999770000,6,25,0,1,72057594037972009,2,0.225,-0.023,2.067,2,0.282,0.250,2.152,2,0.339,0.510,2.224,2,0.384,0.633,2.232,2,0.189,0.444,2.251,2,0.068,0.280,2.330,1,-0.122,0.103,2.331,1,-0.181,0.086,2.338,2,0.474,0.398,2.161,1,0.411,0.259,2.002,1,0.191,0.359,2.086,1,0.136,0.408,2.043,2,0.146,-0.011,2.057,2,-0.054,0.135,1.743,2,-0.315,0.130,1.392,1,-0.319,0.054,1.385,2,0.297,-0.035,2.020,2,0.242,-0.351,2.017,2,0.220,-0.682,2.063,2,0.201,-0.705,1.949,2,0.325,0.447,2.208,1,-0.215,0.046,2.342,1,-0.183,0.108,2.271,2,0.106,0.441,2.033,2,0.130,0.440,2.038,0,0,0,0
3.454|kb,95632323299510000,6,25,0,1,72057594037972009,2,0.224,-0.023,2.067,2,0.283,0.249,2.152,2,0.340,0.509,2.225,2,0.384,0.633,2.232,2,0.189,0.445,2.251,2,0.068,0.279,2.327,1,-0.122,0.102,2.328,1,-0.181,0.085,2.335,2,0.475,0.398,2.161,1,0.411,0.259,2.002,1,0.191,0.359,2.085,2,0.137,0.404,2.035,2,0.146,-0.012,2.057,2,-0.055,0.133,1.740,2,-0.314,0.127,1.385,1,-0.317,0.052,1.381,2,0.297,-0.034,2.019,2,0.241,-0.344,2.014,2,0.220,-0.685,2.064,1,0.201,-0.704,1.949,2,0.326,0.446,2.208,1,-0.215,0.045,2.340,1,-0.183,0.107,2.270,2,0.071,0.439,2.042,2,0.137,0.438,2.041,0,0,0,0
3.495|kb,95632326593140000,6,25,0,1,72057594037972009,2,0.223,-0.023,2.066,2,0.283,0.249,2.152,2,0.340,0.509,2.225,2,0.384,0.632,2.232,2,0.190,0.445,2.252,2,0.065,0.277,2.322,1,-0.125,0.100,2.323,1,-0.184,0.082,2.330,2,0.475,0.397,2.161,1,0.412,0.261,1.999,1,0.192,0.361,2.083,2,0.136,0.404,2.028,2,0.145,-0.011,2.057,2,-0.055,0.131,1.735,2,-0.310,0.115,1.379,1,-0.312,0.042,1.379,2,0.295,-0.034,2.018,2,0.237,-0.332,2.008,2,0.221,-0.685,2.066,1,0.201,-0.703,1.951,2,0.326,0.446,2.208,1,-0.218,0.042,2.334,1,-0.185,0.103,2.264,2,0.069,0.438,2.035,2,0.137,0.436,2.029,0,0,0,0
3.535|kb,95632333299440000,6,25,0,1,72057594037972009,2,0.214,-0.016,2.068,2,0.281,0.250,2.152,2,0.341,0.509,2.225,2,0.383,0.631,2.228,2,0.190,0.446,2.251,2,0.060,0.279,2.312,1,-0.129,0.102,2.313,1,-0.188,0.084,2.320,2,0.475,0.398,2.160,2,0.460,0.261,1.989,1,0.248,0.393,2.115,2,0.126,0.412,2.015,2,0.135,-0.002,2.064,2,-0.052,0.123,1.736,2,-0.248,0.103,1.412,2,-0.227,0.030,1.408,2,0.286,-0.030,2.017,2,0.238,-0.329,2.010,2,0.220,-0.683,2.069,1,0.201,-0.699,1.954,2,0.326,0.445,2.208,1,-0.222,0.044,2.324,1,-0.189,0.105,2.254,2,0.064,0.437,2.023,2,0.134,0.434,2.014,0,0,0,0
3.584|kb,95632336590840000,6,25,0,1,72057594037972009,2,0.214,-0.014,2.071,2,0.281,0.251,2.152,2,0.341,0.509,2.225,2,0.382,0.631,2.225,2,0.190,0.447,2.251,2,0.060,0.285,2.306,1,-0.129,0.108,2.306,1,-0.188,0.090,2.314,2,0.476,0.400,2.160,1,0.497,0.236,2.017,1,0.281,0.377,2.127,2,0.242,0.387,2.114,2,0.135,0.001,2.068,2,-0.050,0.120,1.740,2,-0.217,0.034,1.403,2,-0.221,-0.008,1.407,2,0.287,-0.028,2.018,2,0.238,-0.327,2.014,2,0.221,-0.683,2.075,1,0.201,-0.697,1.959,2,0.326,0.446,2.208,1,-0.222,0.050,2.318,1,-0.189,0.111,2.248,2,0.198,0.376,2.108,2,0.270,0.429,2.143,0,0,0,0
3.628|kb,95632339999890000,6,25,0,1,72057594037972009,2,0.216,-0.010,2.077,2,0.281,0.252,2.153,2,0.341,0.510,2.224,2,0.379,0.631,2.220,2,0.189,0.449,2.250,2,0.059,0.291,2.296,1,-0.128,0.117,2.295,1,-0.188,0.099,2.302,2,0.476,0.403,2.159,1,0.500,0.238,2.018,1,0.283,0.379,2.127,2,0.249,0.397,2.128,2,0.139,0.005,2.084,2,-0.048,0.117,1.742,2,-0.212,0.014,1.391,2,-0.211,-0.011,1.413,2,0.288,-0.026,2.019,2,0.239,-0.324,2.019,2,0.221,-0.687,2.079,1,0.201,-0.700,1.963,2,0.327,0.446,2.208,1,-0.221,0.060,2.307,1,-0.188,0.120,2.236,2,0.193,0.420,2.140,2,0.282,0.431,2.137,0,0,0,0
3.652|kb,95632343298860000,6,25,0,1,72057594037972009,2,0.229,0.005,2.095,2,0.285,0.258,2.159,2,0.342,0.510,2.224,2,0.376,0.633,2.213,2,0.189,0.449,2.249,2,0.056,0.292,2.288,1,-0.131,0.118,2.287,1,-0.190,0.100,2.295,2,0.476,0.406,2.159,1,0.499,0.244,2.013,2,0.275,0.329,1.984,2,0.196,0.362,1.991,2,0.150,0.018,2.091,2,-0.047,0.113,1.744,1,-0.209,0.005,1.388,2,-0.184,-0.002,1.384,2,0.300,-0.007,2.047,2,0.242,-0.313,2.024,2,0.219,-0.690,2.079,1,0.199,-0.700,1.963,2,0.327,0.447,2.208,1,-0.224,0.061,2.299,1,-0.191,0.121,2.229,2,0.133,0.413,1.971,2,0.197,0.346,2.034,0,0,0,0
3.695|kb,95632346592660000,6,25,0,1,72057594037972009,2,0.232,0.031,2.114,2,0.290,0.270,2.167,2,0.345,0.511,2.223,2,0.372,0.637,2.203,2,0.187,0.461,2.244,2,0.044,0.291,2.266,1,-0.111,0.149,2.258,1,-0.170,0.131,2.266,2,0.478,0.412,2.158,2,0.475,0.264,1.996,2,0.273,0.324,1.977,2,0.200,0.365,1.967,2,0.158,0.050,2.096,2,-0.049,0.109,1.745,2,-0.212,0.002,1.397,2,-0.198,-0.031,1.440,2,0.300,0.015,2.080,2,0.245,-0.352,2.040,2,0.218,-0.694,2.080,2,0.200,-0.700,1.963,2,0.331,0.450,2.209,1,-0.204,0.091,2.270,1,-0.171,0.151,2.200,2,0.133,0.416,1.950,2,0.203,0.352,2.022,0,0,0,0
3.717|kb,95632349999480000,6,25,0,1,72057594037972009,2,0.229,0.024,2.123,2,0.291,0.270,2.170,2,0.348,0.512,2.222,2,0.368,0.642,2.192,2,0.182,0.460,2.239,2,0.028,0.293,2.244,1,-0.124,0.149,2.246,1,-0.183,0.131,2.253,2,0.478,0.419,2.158,2,0.470,0.274,1.993,2,0.268,0.325,1.955,2,0.209,0.368,1.929,2,0.152,0.037,2.116,2,-0.050,0.105,1.749,2,-0.230,0.004,1.418,1,-0.202,-0.034,1.445,2,0.299,0.011,2.082,2,0.246,-0.353,2.042,2,0.218,-0.698,2.081,2,0.200,-0.702,1.964,2,0.333,0.451,2.209,1,-0.217,0.091,2.258,1,-0.184,0.151,2.187,2,0.136,0.407,1.921,2,0.159,0.382,1.938,0,0,0,0
3.761|kb,95632353299690000,6,25,0,1,72057594037972009,2,0.230,0.018,2.133,2,0.292,0.270,2.174,2,0.349,0.514,2.220,2,0.361,0.647,2.179,2,0.173,0.457,2.232,2,0.003,0.297,2.212,1,-0.150,0.153,2.211,1,-0.209,0.135,2.218,2,0.478,0.427,2.159,2,0.484,0.280,1.995,2,0.295,0.316,1.899,2,0.261,0.348,1.882,2,0.152,0.030,2.124,2,-0.044,0.101,1.773,2,-0.229,-0.053,1.472,2,-0.202,-0.109,1.510,2,0.301,0.007,2.089,2,0.249,-0.350,2.046,2,0.217,-0.704,2.083,2,0.201,-0.707,1.966,2,0.334,0.452,2.209,1,-0.243,0.095,2.223,1,-0.209,0.155,2.152,2,0.195,0.386,1.856,2,0.273,0.317,1.946,0,0,0,0
3.785|kb,95632356590960000,6,25,0,1,72057594037972009,2,0.233,0.006,2.164,2,0.291,0.269,2.182,2,0.347,0.518,2.216,2,0.353,0.650,2.168,2,0.169,0.459,2.223,2,0.002,0.310,2.192,2,-0.153,0.201,2.093,2,-0.226,0.179,2.066,2,0.479,0.434,2.162,2,0.511,0.285,2.003,2,0.357,0.299,1.853,2,0.330,0.320,1.838,2,0.153,0.017,2.153,2,-0.042,0.094,1.785,2,-0.231,-0.149,1.559,2,-0.225,-0.186,1.573,2,0.307,-0.006,2.120,2,0.253,-0.355,2.052,2,0.225,-0.701,2.070,2,0.211,-0.702,1.952,2,0.333,0.454,2.209,2,-0.285,0.162,2.023,2,-0.223,0.200,2.003,2,0.278,0.349,1.788,2,0.324,0.313,1.883,0,0,0,0
3.828|kb,95632360001940000,6,25,0,1,72057594037972009,2,0.244,0.005,2.186,2,0.290,0.268,2.190,2,0.338,0.521,2.207,2,0.346,0.652,2.155,2,0.163,0.459,2.212,2,-0.005,0.329,2.150,2,-0.173,0.236,2.016,2,-0.210,0.233,1.995,2,0.473,0.439,2.166,2,0.593,0.316,2.032,2,0.390,0.291,1.869,2,0.375,0.314,1.787,2,0.162,0.016,2.168,2,-0.020,0.060,1.831,2,-0.222,-0.257,1.671,2,-0.197,-0.255,1.607,2,0.320,-0.006,2.151,2,0.260,-0.342,2.065,2,0.241,-0.687,2.069,1,0.230,-0.685,1.951,2,0.329,0.456,2.206,2,-0.263,0.224,1.946,2,-0.225,0.253,1.934,2,0.376,0.302,1.747,2,0.366,0.327,1.797,0,0,0,0
3.852|kb,95632363298900000,6,25,0,1,72057594037972009,2,0.247,-0.001,2.209,2,0.290,0.266,2.200,2,0.334,0.522,2.203,2,0.337,0.653,2.145,2,0.160,0.458,2.205,2,-0.007,0.343,2.130,2,-0.138,0.272,1.974,2,-0.216,0.288,1.894,2,0.472,0.436,2.167,2,0.621,0.307,2.084,1,0.395,0.298,1.903,2,0.512,0.234,1.791,2,0.167,0.011,2.190,2,-0.025,-0.012,1.848,2,-0.179,-0.328,1.715,2,-0.143,-0.357,1.732,2,0.321,-0.012,2.172,2,0.268,-0.338,2.078,2,0.240,-0.692,2.068,2,0.232,-0.686,1.952,2,0.326,0.457,2.205,2,-0.268,0.286,1.825,2,-0.178,0.312,1.847,2,0.513,0.236,1.717,2,0.481,0.268,1.780,0,0,0,0
3.895|kb,95632366592950000,6,25,0,1,72057594037972009,2,0.246,-0.001,2.234,2,0.286,0.265,2.209,2,0.325,0.522,2.196,2,0.327,0.652,2.135,2,0.154,0.455,2.195,2,-0.014,0.350,2.106,2,-0.114,0.317,1.917,2,-0.168,0.340,1.818,2,0.468,0.433,2.168,2,0.600,0.277,2.103,2,0.619,0.194,1.826,2,0.629,0.182,1.781,2,0.166,0.011,2.217,2,-0.016,-0.075,1.899,2,-0.133,-0.439,1.874,2,-0.063,-0.449,1.889,2,0.321,-0.012,2.195,2,0.280,-0.320,2.098,2,0.241,-0.704,2.071,1,0.221,-0.716,2.080,2,0.318,0.458,2.202,2,-0.208,0.357,1.745,2,-0.121,0.351,1.789,2,0.645,0.161,1.688,2,0.576,0.220,1.763,0,0,0,0
3.919|kb,95632369998960000,6,25,0,1,72057594037972009,2,0.229,-0.002,2.263,2,0.276,0.264,2.223,2,0.320,0.521,2.193,2,0.317,0.651,2.128,2,0.151,0.453,2.190,2,-0.019,0.368,2.084,2,-0.101,0.318,1.890,2,-0.082,0.378,1.774,2,0.465,0.429,2.169,2,0.605,0.278,2.116,2,0.695,0.162,1.959,2,0.732,0.133,1.850,2,0.148,0.016,2.245,2,0.013,-0.165,1.982,2,0.051,-0.516,2.186,2,0.015,-0.523,2.081,2,0.303,-0.020,2.225,2,0.283,-0.321,2.110,2,0.244,-0.701,2.075,2,0.243,-0.685,1.966,2,0.312,0.457,2.201,2,-0.094,0.409,1.697,2,-0.035,0.374,1.762,2,0.755,0.105,1.763,2,0.677,0.164,1.798,0,0,0,0
3.961|kb,95632373300070000,6,25,0,1,72057594037972009,2,0.230,-0.006,2.277,2,0.273,0.261,2.230,2,0.314,0.519,2.189,2,0.310,0.649,2.125,2,0.151,0.450,2.188,2,-0.018,0.369,2.078,2,-0.006,0.371,1.816,2,0.013,0.398,1.756,2,0.462,0.427,2.170,2,0.618,0.275,2.146,2,0.740,0.141,2.034,2,0.800,0.101,1.956,2,0.151,0.011,2.258,2,0.052,-0.229,2.070,2,0.110,-0.563,2.295,2,0.062,-0.577,2.227,2,0.303,-0.023,2.239,2,0.288,-0.322,2.117,2,0.243,-0.701,2.082,2,0.242,-0.688,1.975,2,0.306,0.456,2.201,2,0.018,0.424,1.672,2,0.064,0.390,1.764,2,0.840,0.062,1.891,2,0.765,0.117,1.874,0,0,0,0
3.983|kb,95632376590910000,6,25,0,1,72057594037972009,2,0.237,-0.024,2.297,2,0.274,0.255,2.233,2,0.311,0.515,2.177,2,0.303,0.646,2.120,2,0.150,0.393,2.185,2,-0.025,0.386,1.949,2,0.100,0.403,1.774,2,0.125,0.412,1.760,2,0.458,0.424,2.171,2,0.628,0.270,2.183,2,0.767,0.128,2.112,2,0.816,0.092,2.068,2,0.158,-0.013,2.276,2,0.082,-0.294,2.156,2,0.144,-0.561,2.379,2,0.062,-0.546,2.363,2,0.310,-0.036,2.264,2,0.292,-0.323,2.122,2,0.244,-0.704,2.085,2,0.247,-0.692,1.980,2,0.304,0.452,2.195,2,0.151,0.435,1.701,2,0.172,0.391,1.810,2,0.874,0.072,2.044,2,0.832,0.090,2.010,0,0,0,0
4.021|kb,95632379999190000,6,25,0,1,72057594037972009,2,0.236,-0.032,2.310,2,0.270,0.253,2.233,2,0.285,0.527,2.132,2,0.300,0.649,2.117,2,0.149,0.398,2.182,2,0.022,0.426,1.962,2,0.180,0.403,1.810,2,0.212,0.414,1.795,2,0.453,0.419,2.174,2,0.622,0.270,2.226,2,0.774,0.128,2.198,2,0.824,0.088,2.165,2,0.157,-0.022,2.285,2,0.110,-0.322,2.251,2,0.084,-0.528,2.463,1,0.002,-0.523,2.416,2,0.309,-0.041,2.278,2,0.297,-0.325,2.127,2,0.248,-0.704,2.085,1,0.253,-0.696,1.983,2,0.282,0.458,2.163,2,0.268,0.432,1.769,2,0.244,0.386,1.849,2,0.870,0.062,2.113,2,0.844,0.093,2.126,0,0,0,0
4.062|kb,95632383299190000,6,25,0,1,72057594037972009,2,0.236,-0.046,2.328,2,0.261,0.239,2.238,2,0.278,0.514,2.135,2,0.294,0.644,2.120,2,0.147,0.383,2.182,2,0.027,0.412,1.933,2,0.211,0.401,1.825,2,0.277,0.426,1.835,2,0.449,0.409,2.181,2,0.617,0.269,2.269,2,0.768,0.125,2.275,2,0.824,0.085,2.251,2,0.157,-0.044,2.306,2,0.149,-0.341,2.347,1,0.107,-0.528,2.532,2,0.086,-0.549,2.502,2,0.309,-0.049,2.296,2,0.303,-0.323,2.133,2,0.256,-0.706,2.088,1,0.263,-0.698,1.987,2,0.275,0.447,2.164,2,0.343,0.435,1.804,2,0.293,0.414,1.870,2,0.875,0.054,2.213,2,0.843,0.088,2.219,0,0,0,0
4.085|kb,95632386590970000,6,25,0,1,72057594037972009,2,0.238,-0.056,2.348,2,0.261,0.222,2.252,2,0.280,0.489,2.148,2,0.285,0.635,2.123,2,0.143,0.371,2.186,2,0.033,0.400,1.933,2,0.241,0.418,1.871,2,0.310,0.436,1.876,2,0.446,0.402,2.197,2,0.612,0.258,2.317,2,0.759,0.115,2.345,2,0.814,0.081,2.331,2,0.159,-0.054,2.320,2,0.158,-0.362,2.437,2,0.132,-0.552,2.564,2,0.064,-0.532,2.522,2,0.310,-0.057,2.320,2,0.303,-0.324,2.134,2,0.265,-0.710,2.087,1,0.276,-0.702,1.987,2,0.275,0.424,2.176,2,0.379,0.449,1.878,2,0.304,0.409,1.898,2,0.870,0.044,2.317,2,0.848,0.083,2.302,0,0,0,0
4.128|kb,95632389999460000,6,25,0,1,72057594037972009,2,0.242,-0.062,2.362,2,0.262,0.214,2.262,2,0.279,0.483,2.153,2,0.281,0.626,2.130,2,0.140,0.354,2.191,2,0.089,0.385,1.928,2,0.295,0.420,1.905,2,0.317,0.441,1.907,2,0.442,0.392,2.216,2,0.611,0.239,2.366,2,0.758,0.103,2.412,2,0.816,0.069,2.400,2,0.164,-0.063,2.331,2,0.188,-0.389,2.503,1,0.154,-0.528,2.608,2,0.096,-0.589,2.571,2,0.314,-0.060,2.337,2,0.302,-0.331,2.136,2,0.271,-0.711,2.090,1,0.285,-0.703,1.991,2,0.275,0.417,2.182,2,0.383,0.475,1.900,2,0.359,0.450,1.943,2,0.887,0.020,2.437,2,0.840,0.050,2.351,0,0,0,0
4.151|kb,95632393298900000,6,25,0,1,72057594037972009,2,0.245,-0.071,2.394,2,0.262,0.204,2.284,2,0.278,0.473,2.167,2,0.274,0.610,2.146,2,0.138,0.342,2.201,2,0.092,0.381,1.934,2,0.298,0.418,1.930,2,0.324,0.441,1.940,2,0.440,0.381,2.248,2,0.601,0.231,2.412,2,0.747,0.098,2.467,2,0.803,0.064,2.460,2,0.168,-0.073,2.359,2,0.183,-0.310,2.528,2,0.134,-0.540,2.648,1,0.148,-0.600,2.546,2,0.316,-0.067,2.373,2,0.304,-0.348,2.144,2,0.278,-0.719,2.094,2,0.253,-0.720,2.121,2,0.275,0.407,2.198,2,0.365,0.466,1.979,2,0.327,0.406,1.963,2,0.871,0.014,2.513,2,0.830,0.046,2.415,0,0,0,0
4.196|kb,95632396592190000,6,25,0,1,72057594037972009,2,0.252,-0.078,2.408,2,0.264,0.198,2.295,2,0.277,0.467,2.174,2,0.267,0.591,2.166,2,0.138,0.338,2.205,2,0.100,0.366,1.956,2,0.310,0.409,1.967,2,0.339,0.443,1.983,2,0.438,0.373,2.268,2,0.595,0.223,2.435,2,0.734,0.093,2.509,2,0.788,0.060,2.513,2,0.175,-0.081,2.373,2,0.169,-0.273,2.572,1,0.120,-0.503,2.685,2,0.139,-0.561,2.583,2,0.323,-0.073,2.388,2,0.305,-0.349,2.150,2,0.280,-0.719,2.097,2,0.254,-0.716,2.121,2,0.274,0.401,2.206,2,0.376,0.470,2.020,2,0.331,0.401,1.996,2,0.863,0.013,2.562,2,0.813,0.049,2.472,0,0,0,0
4.229|kb,95632399998880000,6,25,0,1,72057594037972009,2,0.267,-0.104,2.452,2,0.268,0.184,2.322,2,0.274,0.462,2.187,2,0.263,0.585,2.181,2,0.138,0.297,2.254,2,0.097,0.341,1.990,2,0.303,0.394,1.989,2,0.333,0.427,2.014,2,0.433,0.357,2.292,2,0.583,0.213,2.470,2,0.729,0.086,2.549,2,0.771,0.059,2.549,2,0.189,-0.109,2.418,2,0.168,-0.292,2.623,1,0.107,-0.571,2.756,2,0.116,-0.606,2.692,2,0.338,-0.096,2.429,2,0.310,-0.338,2.160,2,0.282,-0.716,2.105,2,0.255,-0.716,2.124,2,0.272,0.394,2.221,2,0.404,0.472,2.037,2,0.323,0.450,2.038,2,0.856,0.007,2.600,2,0.820,0.030,2.515,0,0,0,0
4.263|kb,95632403299050000,6,25,0,1,72057594037972009,2,0.268,-0.114,2.468,2,0.268,0.154,2.361,2,0.266,0.422,2.236,2,0.259,0.550,2.207,2,0.139,0.292,2.264,2,0.096,0.330,2.025,1,0.300,0.380,2.034,2,0.323,0.401,2.045,2,0.432,0.343,2.315,2,0.586,0.202,2.491,2,0.730,0.079,2.567,2,0.766,0.051,2.578,2,0.190,-0.120,2.435,2,0.202,-0.321,2.640,2,0.143,-0.634,2.781,2,0.110,-0.641,2.732,2,0.340,-0.106,2.444,2,0.311,-0.353,2.162,2,0.291,-0.702,2.100,2,0.263,-0.702,2.117,2,0.267,0.355,2.269,2,0.353,0.437,2.056,2,0.341,0.438,2.034,2,0.833,0.018,2.577,2,0.800,0.023,2.547,0,0,0,0
4.295|kb,95632406591140000,6,25,0,1,72057594037972009,2,0.269,-0.114,2.480,2,0.267,0.151,2.369,2,0.262,0.411,2.248,2,0.256,0.530,2.228,2,0.127,0.396,2.255,2,0.098,0.313,2.053,1,0.305,0.374,2.074,1,0.327,0.391,2.085,2,0.433,0.330,2.338,2,0.592,0.191,2.512,2,0.727,0.065,2.598,2,0.769,0.036,2.603,2,0.194,-0.116,2.453,2,0.203,-0.331,2.649,2,0.154,-0.665,2.806,2,0.115,-0.668,2.753,2,0.338,-0.109,2.453,2,0.315,-0.346,2.175,2,0.292,-0.698,2.098,2,0.260,-0.696,2.104,2,0.263,0.348,2.280,2,0.384,0.437,2.114,2,0.335,0.391,2.062,2,0.834,0.000,2.601,2,0.798,0.009,2.569,0,0,0,0
4.321|kb,95632409998730000,6,25,0,1,72057594037972009,2,0.272,-0.121,2.505,2,0.265,0.144,2.394,2,0.257,0.403,2.274,2,0.256,0.518,2.247,2,0.132,0.388,2.293,2,0.084,0.280,2.107,1,0.289,0.335,2.117,1,0.312,0.370,2.112,2,0.435,0.320,2.360,2,0.586,0.178,2.537,2,0.731,0.055,2.611,2,0.767,0.024,2.623,2,0.197,-0.120,2.479,2,0.197,-0.338,2.663,2,0.166,-0.639,2.813,2,0.184,-0.643,2.686,2,0.341,-0.118,2.475,2,0.312,-0.371,2.179,2,0.287,-0.708,2.099,2,0.253,-0.707,2.106,2,0.259,0.339,2.306,2,0.341,0.407,2.122,2,0.293,0.343,2.072,2,0.835,-0.013,2.624,2,0.788,0.021,2.595,0,0,0,0
4.361|kb,95632413301590000,6,25,0,1,72057594037972009,2,0.270,-0.128,2.517,2,0.264,0.134,2.413,2,0.258,0.390,2.300,2,0.254,0.508,2.266,2,0.132,0.382,2.302,2,0.086,0.277,2.114,1,0.290,0.329,2.119,1,0.308,0.360,2.129,2,0.434,0.315,2.371,2,0.591,0.173,2.544,2,0.728,0.045,2.623,2,0.767,0.013,2.629,2,0.195,-0.126,2.493,2,0.219,-0.393,2.694,2,0.182,-0.668,2.842,2,0.186,-0.706,2.781,2,0.339,-0.126,2.486,2,0.312,-0.373,2.180,2,0.283,-0.710,2.100,2,0.249,-0.711,2.101,2,0.260,0.327,2.330,2,0.341,0.402,2.155,2,0.311,0.358,2.102,2,0.839,-0.022,2.643,2,0.801,-0.022,2.593,0,0,0,0
4.385|kb,95632416590770000,6,25,0,1,72057594037972009,2,0.272,-0.131,2.524,2,0.265,0.133,2.421,2,0.258,0.391,2.308,2,0.253,0.506,2.283,1,0.132,0.381,2.312,2,0.077,0.260,2.120,1,0.281,0.312,2.124,1,0.300,0.350,2.142,2,0.434,0.312,2.388,2,0.594,0.167,2.556,2,0.732,0.037,2.631,2,0.783,-0.003,2.637,2,0.197,-0.129,2.500,2,0.216,-0.353,2.667,1,0.185,-0.657,2.840,2,0.229,-0.672,2.828,2,0.340,-0.129,2.492,2,0.334,-0.300,2.215,2,0.282,-0.673,2.104,2,0.302,-0.658,2.018,2,0.260,0.327,2.338,2,0.328,0.386,2.156,2,0.282,0.339,2.110,2,0.861,-0.049,2.686,2,0.801,-0.026,2.602,0,0,0,0
4.428|kb,95632419999770000,6,25,0,1,72057594037972009,2,0.273,-0.132,2.529,2,0.266,0.132,2.431,2,0.257,0.391,2.326,2,0.252,0.507,2.295,1,0.132,0.380,2.329,2,0.067,0.272,2.149,1,0.274,0.328,2.162,1,0.309,0.357,2.154,2,0.434,0.312,2.396,2,0.594,0.165,2.562,2,0.731,0.033,2.636,2,0.783,-0.007,2.633,2,0.198,-0.131,2.505,2,0.213,-0.359,2.675,1,0.185,-0.658,2.848,2,0.239,-0.673,2.822,2,0.341,-0.130,2.496,2,0.316,-0.379,2.196,2,0.278,-0.711,2.091,2,0.249,-0.711,2.105,2,0.260,0.327,2.354,2,0.378,0.402,2.197,2,0.314,0.354,2.130,2,0.862,-0.055,2.681,2,0.804,-0.030,2.598,0,0,0,0
4.452|kb,95632423299080000,6,25,0,1,72057594037972009,2,0.273,-0.133,2.532,2,0.264,0.135,2.435,2,0.253,0.403,2.332,2,0.250,0.513,2.305,2,0.133,0.380,2.343,2,0.066,0.257,2.141,1,0.270,0.308,2.145,2,0.300,0.355,2.155,2,0.433,0.312,2.402,2,0.595,0.165,2.566,2,0.733,0.031,2.637,2,0.786,-0.008,2.633,2,0.199,-0.132,2.507,2,0.210,-0.362,2.684,1,0.248,-0.627,2.786,2,0.258,-0.664,2.671,2,0.341,-0.131,2.501,2,0.316,-0.378,2.197,2,0.277,-0.713,2.090,2,0.249,-0.710,2.105,2,0.256,0.336,2.360,2,0.366,0.403,2.193,2,0.296,0.321,2.148,2,0.864,-0.051,2.677,2,0.801,-0.022,2.595,0,0,0,0
4.495|kb,95632426593310000,6,25,0,1,72057594037972009,2,0.273,-0.133,2.534,2,0.265,0.135,2.441,2,0.254,0.401,2.340,2,0.249,0.513,2.313,2,0.131,0.380,2.344,2,0.070,0.260,2.142,1,0.274,0.311,2.146,1,0.311,0.368,2.160,2,0.433,0.314,2.408,2,0.596,0.164,2.569,2,0.734,0.030,2.637,2,0.789,-0.007,2.627,2,0.199,-0.132,2.509,2,0.210,-0.385,2.704,1,0.249,-0.644,2.795,1,0.260,-0.690,2.685,2,0.341,-0.131,2.503,2,0.316,-0.382,2.197,2,0.275,-0.719,2.094,2,0.247,-0.716,2.101,2,0.257,0.335,2.367,2,0.377,0.406,2.205,2,0.297,0.327,2.147,2,0.867,-0.059,2.677,2,0.802,-0.022,2.594,0,0,0,0
4.519|kb,95632429999150000,6,25,0,1,72057594037972009,2,0.273,-0.131,2.535,2,0.263,0.141,2.443,2,0.251,0.411,2.342,2,0.247,0.522,2.317,2,0.128,0.384,2.351,2,0.069,0.263,2.145,1,0.273,0.315,2.149,1,0.310,0.375,2.162,2,0.433,0.318,2.413,2,0.596,0.164,2.570,2,0.734,0.029,2.637,2,0.790,-0.004,2.622,2,0.198,-0.131,2.510,2,0.212,-0.391,2.706,1,0.249,-0.646,2.797,1,0.260,-0.694,2.688,2,0.341,-0.128,2.505,2,0.316,-0.383,2.198,2,0.273,-0.726,2.095,2,0.293,-0.697,2.014,2,0.254,0.344,2.369,2,0.379,0.412,2.206,2,0.298,0.334,2.156,2,0.867,-0.054,2.668,2,0.811,-0.029,2.574,0,0,0,0
4.561|kb,95632433300340000,6,25,0,1,72057594037972009,2,0.272,-0.130,2.536,2,0.263,0.145,2.445,2,0.251,0.416,2.344,2,0.247,0.529,2.321,2,0.128,0.385,2.352,2,0.069,0.271,2.150,1,0.273,0.322,2.154,1,0.312,0.384,2.168,2,0.432,0.319,2.414,2,0.596,0.167,2.572,2,0.735,0.030,2.636,2,0.795,-0.001,2.617,2,0.198,-0.129,2.511,2,0.224,-0.429,2.726,1,0.255,-0.683,2.823,1,0.266,-0.730,2.714,2,0.341,-0.127,2.506,2,0.315,-0.384,2.198,2,0.272,-0.728,2.101,2,0.293,-0.699,2.020,2,0.254,0.349,2.371,2,0.376,0.422,2.207,2,0.292,0.337,2.154,2,0.863,-0.046,2.649,2,0.801,-0.015,2.577,0,0,0,0
4.585|kb,95632436590760000,6,25,0,1,72057594037972009,2,0.272,-0.127,2.537,2,0.262,0.146,2.446,2,0.251,0.415,2.346,2,0.246,0.530,2.325,2,0.127,0.395,2.367,2,0.069,0.272,2.150,1,0.273,0.323,2.154,1,0.301,0.383,2.163,2,0.431,0.321,2.416,2,0.597,0.169,2.573,2,0.736,0.031,2.633,2,0.793,0.003,2.608,2,0.198,-0.125,2.512,2,0.224,-0.429,2.726,1,0.255,-0.685,2.823,1,0.262,-0.731,2.713,2,0.341,-0.126,2.506,2,0.315,-0.369,2.213,2,0.273,-0.711,2.108,2,0.290,-0.682,2.026,2,0.254,0.349,2.373,2,0.367,0.429,2.203,2,0.370,0.427,2.197,2,0.866,-0.040,2.651,2,0.811,-0.018,2.564,0,0,0,0
4.627|kb,95632439999680000,6,25,0,1,72057594037972009,2,0.271,-0.126,2.538,2,0.262,0.146,2.446,2,0.251,0.415,2.345,2,0.246,0.531,2.328,2,0.126,0.396,2.366,2,0.067,0.277,2.151,1,0.271,0.328,2.155,1,0.307,0.393,2.168,2,0.431,0.321,2.415,2,0.599,0.171,2.572,2,0.739,0.032,2.627,2,0.796,0.006,2.601,2,0.197,-0.124,2.513,2,0.225,-0.429,2.722,1,0.256,-0.687,2.821,1,0.262,-0.730,2.710,2,0.340,-0.125,2.506,2,0.313,-0.374,2.211,2,0.272,-0.717,2.108,2,0.288,-0.688,2.025,2,0.254,0.349,2.372,2,0.372,0.427,2.210,2,0.292,0.350,2.156,2,0.870,-0.040,2.641,2,0.812,-0.016,2.555,0,0,0,0
4.652|kb,95632443298990000,6,25,0,1,72057594037972009,2,0.272,-0.124,2.538,2,0.262,0.146,2.446,2,0.252,0.412,2.345,2,0.245,0.530,2.330,2,0.125,0.395,2.363,2,0.066,0.272,2.153,2,0.259,0.351,2.143,1,0.299,0.393,2.160,2,0.430,0.325,2.415,2,0.599,0.174,2.570,2,0.740,0.034,2.622,2,0.796,0.010,2.592,2,0.197,-0.122,2.514,2,0.225,-0.431,2.719,1,0.257,-0.690,2.818,1,0.263,-0.732,2.707,2,0.340,-0.123,2.506,2,0.313,-0.378,2.210,2,0.269,-0.721,2.110,2,0.286,-0.693,2.027,2,0.255,0.347,2.372,2,0.365,0.436,2.196,2,0.289,0.352,2.154,2,0.870,-0.029,2.641,2,0.813,-0.012,2.550,0,0,0,0
4.695|kb,95632446592530000,6,25,0,1,72057594037972009,2,0.271,-0.122,2.539,2,0.262,0.150,2.446,2,0.251,0.418,2.345,2,0.244,0.535,2.329,2,0.123,0.397,2.362,2,0.068,0.282,2.147,1,0.259,0.381,2.125,2,0.299,0.394,2.156,2,0.429,0.328,2.414,2,0.600,0.177,2.567,2,0.743,0.037,2.613,2,0.799,0.014,2.587,2,0.197,-0.121,2.515,2,0.225,-0.426,2.709,1,0.257,-0.685,2.809,1,0.264,-0.727,2.698,2,0.340,-0.120,2.507,2,0.312,-0.377,2.211,2,0.268,-0.720,2.112,2,0.286,-0.692,2.028,2,0.254,0.352,2.372,2,0.365,0.438,2.194,2,0.288,0.365,2.127,2,0.863,-0.011,2.598,2,0.806,0.000,2.545,0,0,0,0
